DAG
attr0 has 1 parent(s): {output}
attr1 has 1 parent(s): {output}
attr2 has 1 parent(s): {output}
attr3 has 1 parent(s): {output}
attr4 has 1 parent(s): {output}
attr5 has 1 parent(s): {output}
attr6 has 1 parent(s): {output}
attr7 has 1 parent(s): {output}
attr8 has 1 parent(s): {output}
attr9 has 1 parent(s): {output}
output has 0 parent(s): {}
GlobalHidden_0 has 0 parent(s): {}

Sample	GlobalHidden_0	 Accuracy
1000	2.4659131695413303	0.496	0.39424591441019696	0.07923849404767651	0.5881086749826754	0.07692423297593984	0.47957357128024025	0.08863216729484454	0.5304298455347901	0.08829603172064376	0.4245526691718793	0.08209603490327827	0.5545964294016213	0.07604192768731603	0.4529927650217563	0.082430784976805	0.5739120774743052	0.08430202961344499	0.4618900986471462	0.08470428599508062	0.5123612208949437	0.08547615853840469	0.39506884468468445	0.07696895568022982	0.5904758878574	0.08124382529179612	0.44811734107766293	0.08364957577118372	0.5515283787851569	0.08709813334626268	0.3998805201703492	0.07806830773322099	0.5983273738043724	0.07524075375716309	0.44657765828910123	0.08441642322974327	0.5513713961531588	0.08524261347911283	0.48753547644940254	0.08593770734305611	0.4956563014894703	0.09089372852399175	0.4960159362549801	0.5039840637450199	2.4659131695413303	3.0938859608204337
2000	2.4659131695413303	0.839	0.3846842190345508	0.07179190544638263	0.6126041669847281	0.07257593927667438	0.44952400795939806	0.08320156890498372	0.560959560598359	0.08293833292519906	0.4380065656949096	0.08066638834130466	0.5512835055697426	0.08082985531945194	0.4615486345435072	0.084802275470118	0.5678701495977502	0.08356877579985553	0.46835421202534894	0.08044967704085919	0.5149441422298805	0.08492104985902259	0.41311375109877746	0.07786744190994566	0.577045750086897	0.08194254040946275	0.4522084492743232	0.08396099215870997	0.5579676156882651	0.08269388582918245	0.42190752434681694	0.0787490391956595	0.5895335288945882	0.07824353433710995	0.45150231048185335	0.08139162888992305	0.5452010984191712	0.08366349765811201	0.49240601549685936	0.08107681689769203	0.5019129604692467	0.08566614219449002	0.5	0.5	2.4659131695413303	3.0938859608204337
3000	2.4659131695413303	0.874	0.36519578855800316	0.06759734268129289	0.6282723118082718	0.06889746131616527	0.4479816347806114	0.08043422792566422	0.5680607174158779	0.08118782278290367	0.44343543446416867	0.08033150233002821	0.5439051185821593	0.08147278926823309	0.46769859667902736	0.0836087972839847	0.562771127358378	0.08236697198102515	0.47219218874009916	0.08260803592244198	0.512412131077142	0.08194090026056904	0.427696770865499	0.07915637952917032	0.5703608296545087	0.08163582832136318	0.4543131298763523	0.08302179545155007	0.555538633463645	0.08320328251178367	0.4230476413090742	0.07872411984693492	0.5795400910309918	0.0800336136405645	0.4595245687657273	0.08351685834729287	0.5415152345621818	0.08298029404332365	0.48581018972150786	0.08090603010090257	0.5002843500011018	0.08379588883284529	0.5	0.5	2.4659131695413303	3.0938859608204337
4000	2.4659131695413303	0.872	0.35667025940919467	0.06428544952093365	0.6460598980182543	0.06444508365260655	0.45696641803067284	0.08232047800036389	0.5518664102416984	0.08201494409698834	0.44513566067041976	0.07973113052742442	0.5381014892910281	0.08078071253479831	0.46887481126357455	0.08159334632269795	0.5550181573480665	0.08256405678916964	0.4795547004027002	0.08249976109844204	0.5113859964019672	0.08394590455502902	0.43814325392020265	0.07963153200514007	0.5626573957499783	0.08150912788635242	0.457064738255014	0.08282861946557715	0.5532952950555434	0.082481795410663	0.42294678282195813	0.07965568345784152	0.5768590961943676	0.07956518959778462	0.45888100800517956	0.08310036236088522	0.536291700939018	0.08470645682643173	0.49177043936890685	0.08192515652315512	0.5025401497056619	0.08317035257830763	0.4982517482517482	0.5017482517482518	2.4659131695413303	3.0938859608204337
5000	2.4659131695413303	0.886	0.34094141738184996	0.06013263088162841	0.6586852349740517	0.06017612872493378	0.4683296684846346	0.08384490591272913	0.5470446100428382	0.08165710757092337	0.44946702064612293	0.07861550114220088	0.5398691740711066	0.0825905097837687	0.4702628794396382	0.0822536770798204	0.5514392773339091	0.08287204345294295	0.48598645320773665	0.08215073249637583	0.5093428606061489	0.08428308559731082	0.44234319248413567	0.08049585322325285	0.5555630116007853	0.08170208891488348	0.4593342811890002	0.08388035017892799	0.5482156166146906	0.0819242824868656	0.42727234559737776	0.08074509862535517	0.5718701528631349	0.08087110032830934	0.46227484005493713	0.08180594437435904	0.5353941960300558	0.08248125798479551	0.4934626813311638	0.08292246257910464	0.5065461584986322	0.08221069760257646	0.5033972821742606	0.4966027178257394	2.4659131695413303	3.0938859608204337
6000	2.4659131695413303	0.877	0.33494934816401967	0.05726968159389331	0.6685734005199625	0.05717145933229837	0.4771746989525893	0.08422450818948723	0.5327813052266246	0.08155809012821687	0.45384482972704676	0.07928609330129195	0.5397230802787553	0.08242478219518237	0.46947183673656384	0.08243043795218091	0.5491229670811238	0.08340123045194994	0.4834326163934823	0.08191700972779109	0.5105843481777651	0.0842514564942682	0.446663662621422	0.08122072126698654	0.5475597300666595	0.08139455476205221	0.4635439364190169	0.0842220686848262	0.5442063003398843	0.08206456774799577	0.43119344117134584	0.07904933913719576	0.5646745934067765	0.08140305732037285	0.4640151282437795	0.08173804138536048	0.5347913494427727	0.08190807849699551	0.49239724077589164	0.08286941518359288	0.5041527162328547	0.08281643513152513	0.5036642238507661	0.49633577614923385	2.4659131695413303	3.0938859608204337
7000	2.4659131695413303	0.862	0.32702112677676787	0.055513140629853124	0.6753295649110643	0.05530219722563789	0.4835193368092961	0.0845426882945659	0.5217825174583843	0.08180060362070296	0.4609394853494535	0.08073651475123414	0.5369376401370858	0.08218458239446483	0.47065120810279976	0.08167303120948621	0.5461074530019098	0.08346006139111393	0.48604807206939776	0.08263224553748366	0.509282262272475	0.08494769375384506	0.452137308162164	0.08151018781008312	0.5423931458220111	0.0827591884257355	0.46667025415632324	0.08471110368189043	0.5402619168658507	0.08239034309661698	0.4337418062231007	0.07952106470057942	0.5603241864793647	0.08183297489736922	0.4660582011382625	0.08209078743838472	0.534367938882658	0.08158584724298615	0.49414619511875163	0.08213623240726048	0.5030087488265266	0.08317939105472778	0.5041404911479155	0.4958595088520845	2.4659131695413303	3.0938859608204337
8000	2.4659131695413303	0.845	0.3215011797206203	0.05369345486305537	0.6807885231537557	0.05382836762382467	0.4947535184554731	0.08434684117181948	0.5101180603136052	0.08327765426858261	0.465107270825817	0.08149381039866689	0.534617795013139	0.08222257920492962	0.4736584501828093	0.08147000966951513	0.5419475780095686	0.08379980968148912	0.4876032442521703	0.08214132691495539	0.5080271733855727	0.08539011213402564	0.45680681643770393	0.08192664487650396	0.5400971913153287	0.08283734489371264	0.46932539110985005	0.08442079774888019	0.5403866454878433	0.08290399695538223	0.4383503282657157	0.08029480283264012	0.5580165496354127	0.08198683689053092	0.4681391100401022	0.08191210661363055	0.5327930527417067	0.08262995583808509	0.49537947960451595	0.0821247488325062	0.5056646480359676	0.08311426611743697	0.5087456271864068	0.4912543728135932	2.4659131695413303	3.0938859608204337
9000	2.4659131695413303	0.856	0.3176557424497776	0.052431920555259796	0.6823297559908809	0.0526979630097078	0.5034210268272336	0.0848520990645353	0.5010310675965235	0.0834825866566671	0.4680251329956435	0.08177953910916118	0.5318957969133603	0.08210582076148455	0.4736403741862491	0.0822808057413472	0.5383807001783609	0.08382125526471566	0.48678425357965394	0.08244595014924712	0.506479794685999	0.08524836346858014	0.4580053726066243	0.08174051493419274	0.5382944567250774	0.08250609753633688	0.4712965692769228	0.08371555571500672	0.5374060591787845	0.08298663883067076	0.44103185346814255	0.08000639730991152	0.5553412698604041	0.08203830168173636	0.46819139287885214	0.08195367123129821	0.5339858054749319	0.08312588073591759	0.49851754446145297	0.08253813369281336	0.5024574277100098	0.08242139040588672	0.5098844957796534	0.4901155042203465	2.4659131695413303	3.0938859608204337
10000	2.4659131695413303	0.839	0.3159156334355022	0.051759469501506825	0.6846616589015241	0.05153882953699912	0.5097107879054322	0.08423019472783676	0.49307774806008553	0.08306093413132808	0.46815437219345146	0.08199085052479306	0.529633737803749	0.08262620539253872	0.47416125188486913	0.08281979007166607	0.5333333458962833	0.0836985725704317	0.4874073718256575	0.0814763990057341	0.5085619708190244	0.08520226632608091	0.4608873539668632	0.08231189117731706	0.5359878142638891	0.0824223441452541	0.47286285158274965	0.08354142965860911	0.5369405423582795	0.08331202883761478	0.4437463984913142	0.08081450665497449	0.5515050808730152	0.08239268477979689	0.46954787547455146	0.0819411816638946	0.5298998634907941	0.08318712522615888	0.4985497520585101	0.08208986263706321	0.5025008230824314	0.08316392164895102	0.5050979608156737	0.4949020391843263	2.4659131695413303	3.0938859608204337
0.7496363636363637
