DAG
attr0 has 1 parent(s): {output}
attr1 has 1 parent(s): {output}
attr2 has 1 parent(s): {output}
attr3 has 1 parent(s): {output}
attr4 has 1 parent(s): {output}
attr5 has 1 parent(s): {output}
attr6 has 1 parent(s): {output}
attr7 has 1 parent(s): {output}
attr8 has 1 parent(s): {output}
attr9 has 1 parent(s): {output}
output has 0 parent(s): {}
GlobalHidden_0 has 0 parent(s): {}

Sample	GlobalHidden_0	 Accuracy
100	2.4659131695413303	0.44	0.39575450345585017	0.1349797601192373	0.5841809401161661	0.10372531750639181	0.5175827344031981	0.1422066103965747	0.5328744607927528	0.10464415112503642	0.5013385901974398	0.1016898206311182	0.49230536086012217	0.11208245170593673	0.4336670036969016	0.11786655867428336	0.570493110056318	0.12646574616656908	0.42473103765815107	0.1385991081931155	0.6063761020305655	0.12500374938004494	0.36788898920702856	0.13555848735303985	0.5716719737599837	0.11300093831091938	0.5337829091763187	0.11272934222426255	0.5379162353977512	0.12492245688816732	0.508893110638487	0.10739805818557902	0.5324604184494403	0.1071902527469613	0.3992451097602302	0.12880851710563077	0.562294861385933	0.11404116735067343	0.42059942802210415	0.11130582665688642	0.5878090313896128	0.10662857975070937	0.4423076923076923	0.5576923076923077	2.4659131695413303	3.0938859608204337
200	2.4659131695413303	0.86	0.44735161371653265	0.10988994149850344	0.5657539732415454	0.0890082229258339	0.5442884583854756	0.12250240946647646	0.5235137832283716	0.08474695088256547	0.46370934339563813	0.08258283119343755	0.45641929049194885	0.0886513145154115	0.37793818089198356	0.08856833255815177	0.616506494310524	0.09870193678350693	0.39872957243085827	0.11129127219935543	0.5896500780336592	0.1008460355403276	0.4176724571925036	0.11262541265660546	0.5875893908202242	0.08715701600910035	0.5054904805999015	0.09497634951067564	0.5219026419114153	0.10082667582775759	0.4968370961813809	0.09851868575242953	0.5665027008329389	0.0955123163347372	0.41001246508610384	0.10197899525488811	0.5546825759366651	0.10140198896729238	0.43871377001411505	0.10571667966513382	0.5759185797510743	0.08875586978882809	0.43137254901960786	0.5686274509803921	2.4659131695413303	3.0938859608204337
300	2.4659131695413303	0.79	0.44900864448746175	0.09928252500761423	0.5637210144170289	0.0848992537097554	0.5235030705478222	0.10283089032283677	0.5288126657185418	0.084102108293252	0.4598873191860129	0.08115560320441251	0.4701271934145922	0.08757871705851215	0.41513686418506657	0.08678324172066518	0.5930084577689708	0.09174250878448177	0.39964744835262334	0.10980358713286806	0.5898975782780868	0.09422217869140684	0.4028553675263847	0.10036910799526261	0.5827905420546613	0.08641889138419762	0.4742497357483471	0.09503765168600155	0.5314086399003725	0.09633368083542317	0.4910346552709957	0.09095603503743518	0.5653665826055712	0.09228417169964442	0.40724559722687037	0.09699592799390849	0.5665682619078133	0.09414411066660124	0.44310245018282024	0.09501103174791425	0.567007995118713	0.08024859009643746	0.4506578947368421	0.5493421052631579	2.4659131695413303	3.0938859608204337
400	2.4659131695413303	0.83	0.45608723179943206	0.09536183031995117	0.5625619829206646	0.09075141669423079	0.5085926057899163	0.0993215999494964	0.5261405406239642	0.08273484319522724	0.4488608509871815	0.08067546371939868	0.4871134138764855	0.08802336162138849	0.4042773034842389	0.0809069399344975	0.5617226191557915	0.0878589656556998	0.4011616615038747	0.09934794889539189	0.6058951544990463	0.08721198663865644	0.40445252901004836	0.09594701594190896	0.5882895649264144	0.09018767735643021	0.46774071867354877	0.09395894126117638	0.5243496084646168	0.09034405005563441	0.4451906867545728	0.08430818041668758	0.5494754804869135	0.09096345113726172	0.4157053432182865	0.0914828916689086	0.5856572605390147	0.08572698199816756	0.43398804777092587	0.09610068065013917	0.5560157276377539	0.08338788631598652	0.45544554455445546	0.5445544554455446	2.4659131695413303	3.0938859608204337
500	2.4659131695413303	0.9	0.453818512556188	0.08975639526570911	0.5583274360317099	0.0882816083525357	0.5238486657830467	0.09410628592626795	0.518406533759867	0.08158072495844039	0.44257427014723233	0.07680742524178608	0.49804743404661345	0.0853443584260077	0.39549528810108536	0.07936994419660809	0.5513684886395029	0.08465482018044299	0.38717028843718865	0.08834804518051109	0.5988294192119761	0.08699242453873501	0.4119057627231033	0.09250237115832302	0.5971484913016633	0.08684010567637988	0.4760925115958194	0.09403989288261455	0.5094912983836066	0.0891328133556545	0.4500959620960946	0.08479254428592978	0.5535152928528473	0.08873030687829798	0.4169726231863646	0.09092150925839142	0.5965565824348475	0.0826185638438914	0.4404917577901043	0.08831251030528914	0.5509364131078298	0.07987552073160513	0.46825396825396826	0.5317460317460317	2.4659131695413303	3.0938859608204337
600	2.4659131695413303	0.87	0.4529726724317835	0.08645386231435725	0.5588447833323629	0.08673827903321878	0.5229196494325543	0.09220107157838461	0.5131036277790696	0.08195275888720703	0.4667867131241182	0.07954448654679783	0.4975517832107175	0.08523353792665597	0.3926892453090998	0.08108079055442152	0.5440724601534352	0.08396368978684472	0.3820432331826208	0.08403041940306454	0.608560695028391	0.08309380429830997	0.41517242087944006	0.08898874828001443	0.5943035734258149	0.0846199733360525	0.457202768954226	0.09019802842798653	0.5057935796698241	0.08786450287455122	0.4479427619523485	0.08432116870477895	0.5382622860845271	0.09287681180842099	0.41713029913460103	0.08953196078781481	0.5995051708822212	0.0797550094081268	0.44278969902528686	0.09139482442310033	0.5452045956519089	0.07987940606282544	0.47019867549668876	0.5298013245033113	2.4659131695413303	3.0938859608204337
700	2.4659131695413303	0.89	0.4577451630433529	0.08496634493721668	0.5527360240435961	0.08584559975466438	0.5153561816695397	0.09023922774980146	0.5026212590691796	0.08327566663451974	0.46523887439469414	0.07666299989086248	0.5088773636907067	0.08560693407714082	0.40881913804384784	0.08114405265971791	0.5527627126296603	0.08541334392799826	0.3750239655089616	0.08224955157479602	0.6051999601921395	0.08134177001241023	0.41456496219573974	0.08758293948215636	0.5991562294509956	0.08130061278315455	0.4585630238960713	0.08767694457169332	0.5100992780903428	0.0884015342472155	0.44481300113657873	0.08422690113232875	0.5362814423374394	0.09152264031956064	0.41390547486097123	0.0887852112141169	0.5997317643112436	0.07700998107752673	0.439737478393498	0.0909650292646302	0.5425115857010266	0.07734217961403746	0.4786931818181818	0.5213068181818182	2.4659131695413303	3.0938859608204337
800	2.4659131695413303	0.79	0.4658084463286362	0.0846654791994433	0.5420196053887211	0.08616492388839678	0.5128829880768547	0.09106896025536816	0.49446637633646257	0.0809047738356881	0.4750156461392813	0.07735622616170339	0.514548173785468	0.08275851453572682	0.41654887681791253	0.08074769624144124	0.5498875857083464	0.08517256048028134	0.38043390847697894	0.08075736795360844	0.6035045247600501	0.07952660442872714	0.416010072007222	0.08668239868947472	0.6016519280158621	0.08210784415989633	0.46064331196352926	0.08604690880192463	0.5086609382613058	0.08614061874291447	0.4528240279961344	0.08237710911577059	0.5304549457251787	0.09003602257178123	0.4150692035283126	0.08600375917272199	0.5921466463315876	0.07644541456387208	0.44034247712966873	0.08900802380061378	0.551683366408815	0.07705698618394521	0.472636815920398	0.527363184079602	2.4659131695413303	3.0938859608204337
900	2.4659131695413303	0.89	0.4628083168960256	0.08421941620835047	0.5342493205615633	0.08553880586283416	0.5215309295236652	0.08921111535723998	0.4882250714216826	0.08051614255653164	0.4698287463871602	0.07701088903678463	0.514785366502186	0.08528039509471465	0.4240587555264972	0.08088644379555422	0.5555370530945976	0.08531619116024047	0.3816118942076266	0.07992361884372705	0.6022427289371172	0.07870351472630743	0.4233857818814674	0.08878394487417977	0.600632048358775	0.08064714492341661	0.45373137790851437	0.0849751182772763	0.5111280152332738	0.0857793591396523	0.4548160721587408	0.08390792108789479	0.5346301733140665	0.08887653833457644	0.4160779363776731	0.0857129092361054	0.5926234654208892	0.0763634389127209	0.43869542626388636	0.08674945351657862	0.5533886765499934	0.07659198724376949	0.4756637168141593	0.5243362831858407	2.4659131695413303	3.0938859608204337
1000	2.4659131695413303	0.88	0.4684681421309722	0.08403765387928029	0.5343048224503523	0.0849562638534736	0.5300428608633636	0.08700343507656008	0.4858420087337316	0.08214149948924052	0.4669613378047928	0.07479742173378784	0.5134743619746316	0.08456815623588529	0.43322166726111455	0.08140485428232498	0.5579708897983983	0.0833675393466248	0.3774469270698638	0.07780681451895059	0.6076055320381276	0.07657389282537007	0.4244225818339916	0.0874267329316523	0.5996081553266751	0.07951255611175667	0.46028450831432777	0.08364915593382091	0.5202925447882769	0.08733889702672272	0.45395401014266973	0.08353594324020233	0.5358360124416756	0.08941998144363537	0.4167914412021465	0.08506773548620428	0.5926399525291116	0.07683749597483447	0.4377787507743773	0.08475450274111156	0.5555333763143719	0.07658427959213214	0.47310756972111556	0.5268924302788844	2.4659131695413303	3.0938859608204337
1100	2.4659131695413303	0.85	0.47530768760370345	0.08355715066855558	0.5287999534932634	0.08389593446883106	0.526933202011848	0.08723432753949767	0.48344659143906604	0.08412216458918333	0.4635903747337383	0.073784092767831	0.5182036899750576	0.0858538148566202	0.4352392079463932	0.0826100445928788	0.5541571067572731	0.08265151963574305	0.38486989161520696	0.0778706371075554	0.6031489600713053	0.07717648958064961	0.42681575567241237	0.0866735674994746	0.5962417441592034	0.07906028828471155	0.4563641201549169	0.08126504225583586	0.5240217419495207	0.08609494349574828	0.4591303498126165	0.08361731119438387	0.5415904019988711	0.08985036348554909	0.4083018808613755	0.08321207185143728	0.5970551339433766	0.07662083832792023	0.43479735032690425	0.08343676443457658	0.5547829919869938	0.07671692788837667	0.4773550724637681	0.5226449275362319	2.4659131695413303	3.0938859608204337
1200	2.4659131695413303	0.8	0.47311799915892655	0.08225996639549281	0.5274801825093766	0.08577541214290647	0.5202267893459086	0.08740481207570214	0.48086209884939024	0.0845302667256465	0.4564049723736871	0.07473401241389019	0.5184677838788516	0.08475391746651596	0.4413155817487965	0.08360025201080812	0.5463072893703584	0.0824686000936843	0.3860859438895984	0.07616127928130122	0.5982312155043209	0.07635549593336186	0.42224023410191164	0.08450435525024352	0.5912388719917953	0.07958836899529328	0.4526890102451817	0.08068169500480861	0.5278691265055978	0.08527725951969076	0.4582871849169066	0.08394483305884677	0.5462953811218699	0.08835648851006658	0.4065723673670605	0.08284479807649377	0.5960052164802015	0.07593435253780749	0.43332511530993084	0.08220082117030178	0.55450410791322	0.07761962843200784	0.48255813953488375	0.5174418604651163	2.4659131695413303	3.0938859608204337
1300	2.4659131695413303	0.89	0.4726925037166323	0.08173901316770266	0.5235009925729456	0.08615808091735709	0.5207279738067637	0.08680169326578711	0.4729104622592145	0.08418239281800821	0.4544441349828232	0.07613171167962214	0.5151892901625355	0.0861749555648547	0.45314078428209315	0.08339797391776657	0.5416538088597028	0.08245016581893953	0.38089130615178196	0.07462784862362351	0.5995852510184275	0.07499297127268018	0.42042717443374733	0.08445439118870736	0.5945060381757301	0.07859339539148663	0.45558898709071327	0.0809567766249383	0.5322403476532026	0.08602492308256582	0.46545847167545523	0.08291521577131085	0.5526911221463663	0.0882010721796591	0.40413656508291956	0.08192325360618206	0.5997276597895417	0.07606254047187519	0.435794281162554	0.08140582117604267	0.5581704811179506	0.07759209128947603	0.4815950920245399	0.5184049079754601	2.4659131695413303	3.0938859608204337
1400	2.4659131695413303	0.82	0.47548662099767514	0.08308479910427882	0.5169039574658612	0.08595388728307071	0.5235873252382468	0.08414598198768249	0.4753273678304427	0.08455106580972016	0.4570107520752146	0.07636875509424706	0.5183460607912108	0.08672467616793583	0.4575549815151048	0.08283288717663019	0.5393594057566956	0.08246590468301598	0.3843927765736065	0.07463865870282112	0.6032131239128852	0.07431546301979695	0.4208135912499174	0.08283257406087897	0.591003770640559	0.07956424735257715	0.45658796653504163	0.08078447135653112	0.5332868568226858	0.08596431796727869	0.4659599586563177	0.083720375107426	0.5526620172283295	0.0871575538040839	0.4037087067529155	0.08243024998614489	0.5985608031486722	0.07617066790755313	0.437057870334016	0.08227675755631964	0.5534501436682574	0.0783961361283068	0.48504273504273504	0.5149572649572649	2.4659131695413303	3.0938859608204337
1500	2.4659131695413303	0.74	0.4727508245697418	0.08165003571549245	0.5129939046818383	0.08745107354150997	0.525611201029093	0.08464950559515723	0.47149325958272414	0.08398089042643413	0.4532270899335736	0.07654512421191881	0.5200864105104639	0.08704987235214907	0.4653057059279819	0.08247802356913644	0.5345472997573051	0.08274974452607331	0.3869809067179659	0.07509802466811182	0.6007189230178434	0.07510928979167676	0.419785309719118	0.0829228266312969	0.5886902535689765	0.07947419598189287	0.45509353955906584	0.08021207042080955	0.5325864326643887	0.08535694937222217	0.46522041954901117	0.0831809193133966	0.550038556852982	0.08760544789472188	0.40285086985677104	0.08203838927726162	0.5945405363018235	0.07683176900512871	0.4354431361852256	0.08111528289046491	0.5487839010060322	0.08024796285366288	0.4886968085106383	0.5113031914893617	2.4659131695413303	3.0938859608204337
1600	2.4659131695413303	0.83	0.47722417112458065	0.08185552024618692	0.5105419016234528	0.08607102942709093	0.5277349356446469	0.08431865557239798	0.47708647338318644	0.08326588264286118	0.4477432031758192	0.07678206601264753	0.5234429815850157	0.08673646894980423	0.4697497845989322	0.0823176186968126	0.5328786478435088	0.08255210896922228	0.3832785487319882	0.07375924097958889	0.6051230836604242	0.07432579356322522	0.4202556884480383	0.08189803806820115	0.5884932332669763	0.07888561228998527	0.4583194341473004	0.08029593853718696	0.5371032493283149	0.08517613651916435	0.46928512345213813	0.0824969293731831	0.5481832639609916	0.08798153980643725	0.40509141903724233	0.0807864602737967	0.5939691983831344	0.07682076469584441	0.4362816496215184	0.08122205875802181	0.5521919886885558	0.08027363087224755	0.48815461346633415	0.5118453865336658	2.4659131695413303	3.0938859608204337
1700	2.4659131695413303	0.87	0.4826140043537374	0.08194591992619021	0.5108049904179943	0.08636167762054237	0.5333404035557929	0.08455824104231323	0.4758976973229154	0.08383485613806146	0.4461389950533227	0.07639418572492288	0.526977967413329	0.08705299132780367	0.47001347062065696	0.08147223092932518	0.5305328049740545	0.08251220145030878	0.3854350784820212	0.07344708734670374	0.6079310281201808	0.07354362457213072	0.41948912160080315	0.08140960435845979	0.5913436639194594	0.07829823258019361	0.4625471987784406	0.08023663372147104	0.5358243363607623	0.08499732732291125	0.47000331429968584	0.08279186524322978	0.5474568147981225	0.0868249640471094	0.4054132910949566	0.08029001525104575	0.5940477575597511	0.07565244242967331	0.43949801167971075	0.08184313467369297	0.5512781161018484	0.08033406737418669	0.49002347417840375	0.5099765258215962	2.4659131695413303	3.0938859608204337
1800	2.4659131695413303	0.91	0.4890788535421183	0.0824797197689842	0.5134314078385891	0.08581483204927035	0.5384841833400453	0.08501743340405352	0.4747932167862796	0.08288635182347431	0.44575602434428496	0.07605050487549553	0.5294969596605397	0.08701969390340178	0.4740386375938305	0.08127615920830668	0.5308634032716757	0.08328596614478065	0.3818579370625837	0.07279714308851107	0.6146884266658513	0.07337529567006669	0.4201410515064841	0.08107389378421491	0.5926258921789117	0.07864810942488283	0.4661965242935893	0.08007991773401592	0.5372306510505337	0.08487064744412616	0.4699989148167962	0.08212698378522085	0.5486873826210709	0.08647078139191143	0.40476513965409133	0.08079863960913226	0.5905767009032316	0.07535226155166845	0.4419709206060614	0.08258920437036998	0.5542383560600079	0.07993783023827582	0.4950110864745011	0.5049889135254989	2.4659131695413303	3.0938859608204337
1900	2.4659131695413303	0.78	0.49095348465232697	0.08307268740623296	0.5093613563369969	0.08613784358871486	0.5398337315311452	0.08402889359327975	0.47014169003158257	0.08387851513245555	0.44523299499324653	0.07562002670457356	0.53305442324617	0.08625347803097465	0.4744126699655791	0.08032569601853035	0.531251400403989	0.08323930159597871	0.3808978469570075	0.07171443967772717	0.6133282653378773	0.07289630803627134	0.4280477168545734	0.08146672344026305	0.5897855418864497	0.07982129688500612	0.46582325628722926	0.0799484510871025	0.5378293287637451	0.08519316980618831	0.46830098821402344	0.08135168911661496	0.5480349871752239	0.08650330386626205	0.40543466473823786	0.08115510546484717	0.5890984407289321	0.07527300638226918	0.44499681935390195	0.08279069575889282	0.5542710007367989	0.07929383703083373	0.4942226890756303	0.5057773109243697	2.4659131695413303	3.0938859608204337
2000	2.4659131695413303	0.84	0.4949916810092002	0.08384872333765264	0.5076053507270468	0.08558171455569565	0.53711198183096	0.08426077795878571	0.46672130304268566	0.08346995651009816	0.44444529736482136	0.07591685504133763	0.5352043122408127	0.08621498488464634	0.4796495519735693	0.08186291413748596	0.5261163939226714	0.08298738335705261	0.38117442446029476	0.0707555870629437	0.6186120150408327	0.07252368423761404	0.4307608292295884	0.0817902183669489	0.5882577225804065	0.07957738557827007	0.46635257887337955	0.08031488976859343	0.5393898838587049	0.08454627739379464	0.4683131920586556	0.08145133438380525	0.5449594405531931	0.08681680175925575	0.4095206951623419	0.08229871832877322	0.5866246846704358	0.07497826800739706	0.4426598030286378	0.08214187304918891	0.5484695099412397	0.07950566594059374	0.49800399201596807	0.501996007984032	2.4659131695413303	3.0938859608204337
2100	2.4659131695413303	0.77	0.49649205428995136	0.08347932201092977	0.5044224148396248	0.08521906538701744	0.5389712890668852	0.08411317805793248	0.4602837588318157	0.08381886442174066	0.44302024721028405	0.0767302656387823	0.5389545900094417	0.08624642696381234	0.48439340973141537	0.08201957204181907	0.5213945212293404	0.08349853859150719	0.3832101277430662	0.0705978400029584	0.618954256198129	0.0718969081010263	0.4304268750980119	0.08193943180497283	0.5841732495091913	0.07980779811689886	0.4672829689268512	0.07983928131953284	0.5367531202025574	0.08460771179706468	0.46850350090108145	0.08054706069886478	0.5445552251423891	0.08589502693175916	0.41342405869890997	0.08251252284442437	0.5826197288348828	0.07560739537235225	0.44244097509800706	0.08205798904317496	0.5492743536491552	0.07867471483839433	0.5009505703422054	0.4990494296577947	2.4659131695413303	3.0938859608204337
2200	2.4659131695413303	0.82	0.49939201205223327	0.08370582832016185	0.5040718817441187	0.08383707228582196	0.5419938908958852	0.08445748896556504	0.46128212790937895	0.08326305879533843	0.4418283259850888	0.07781305197254983	0.5413372432706686	0.08568256733242505	0.48833352786593565	0.08170443914484438	0.5210237741651922	0.0838513513098542	0.3807138826690574	0.0697812622368447	0.6221884100768147	0.07158237164910818	0.4301025698938768	0.0814862609267405	0.5828056359397986	0.08074038328483	0.4650859039060633	0.07953964266970069	0.5360850097801524	0.0851746547660135	0.4692918464709467	0.0807926607849696	0.5442775377425982	0.08569951880969637	0.4158740745306447	0.08296000028476662	0.5808673689206169	0.07583774997814761	0.44398528405113996	0.08169708103468691	0.5482132693706372	0.07886909516552515	0.5004537205081669	0.49954627949183306	2.4659131695413303	3.0938859608204337
2300	2.4659131695413303	0.87	0.5004948983236497	0.08387714027991233	0.5025747920074086	0.08435226918324908	0.5427778739125957	0.08429445334483325	0.46173967041804664	0.08347345717620759	0.44253181243348166	0.07783699381837376	0.5439463699490621	0.0860551994010891	0.4922171295369263	0.0827852764559359	0.5195348992769219	0.08362203905117636	0.37859159780585727	0.06941091954336213	0.6204019023957753	0.07118780028343084	0.43100827265187247	0.08147171568112957	0.5814226489938964	0.08026189789810484	0.466029532575912	0.07919797204267999	0.5373194711900979	0.0848260081078833	0.4716294450382798	0.08089477673663076	0.5442294592921543	0.08607253053106437	0.4147136401154304	0.08290338750278159	0.5821812337405438	0.07556091334740787	0.43992686447202245	0.08166862692132358	0.5498968102916489	0.0790040446399169	0.5034722222222222	0.4965277777777778	2.4659131695413303	3.0938859608204337
2400	2.4659131695413303	0.82	0.5033879476417388	0.08435688584712144	0.49672771722333003	0.0847893905745518	0.541739438230833	0.08315808185152615	0.46185514051539833	0.08350170036446125	0.4402584948966182	0.07825089288554361	0.5455382806354047	0.08555946992474751	0.4962824067386011	0.08326509567106677	0.5145890219160443	0.08461195898730241	0.37870264170428625	0.06940173865110098	0.6200764967024878	0.07125384196346665	0.42924550201166156	0.08102255459301	0.5799388527438605	0.08072096945599709	0.4665294783928662	0.07908703571442711	0.5355004851287425	0.08451830311544546	0.47032290636177737	0.0813177487123585	0.541661941365441	0.08660718281704131	0.4168413760495183	0.08282023040979372	0.5777967875493202	0.0758074514252176	0.44448616979739425	0.08267435780097969	0.5506797698080121	0.0791095011476709	0.5037437603993344	0.49625623960066556	2.4659131695413303	3.0938859608204337
2500	2.4659131695413303	0.86	0.5071665836346828	0.08432887806262478	0.49514721584466376	0.08468703251109214	0.5455753424140403	0.0831610047263452	0.4638825042543302	0.08315223176176989	0.44069720776246823	0.07831439684412228	0.546246602437945	0.08492594568554747	0.4992231434007374	0.08335067780469652	0.5110730046515407	0.08471705380295168	0.3773129792787682	0.06826015584963682	0.6225696634750112	0.07069441725426878	0.4301722978673559	0.08076790012486092	0.5780208528523973	0.08102184681344968	0.46916824324844647	0.07970414631584634	0.5339486710017628	0.08335776252281654	0.4702025926885033	0.08212949653632512	0.541431946435332	0.085696039895556	0.4180209711629299	0.08289781290168675	0.5759599289188456	0.07610378543496914	0.4439613848201543	0.0823677718248957	0.5522014938477663	0.07805895401004415	0.5031948881789138	0.4968051118210863	2.4659131695413303	3.0938859608204337
2600	2.4659131695413303	0.81	0.5079098463299818	0.08445881672870159	0.4952781517124493	0.0845041242156576	0.5459043748450679	0.08286891435900884	0.4667377825882364	0.08305341813343767	0.44040038187469416	0.07797636139579166	0.5479916174779865	0.08517355840844401	0.5012382707161296	0.08295171482160925	0.5098610072355886	0.08424334148888102	0.3767439541366755	0.06764731887885184	0.6252633297628595	0.06981134890461785	0.4307857942584264	0.08091193798903927	0.5763538679918312	0.08144883648924323	0.4698900641032466	0.08001279609999312	0.5321949498298647	0.08338036956495602	0.46995099120565575	0.08235773174324795	0.5396297540717117	0.08574891661440207	0.4216189279347886	0.0826343067376624	0.5746533990425612	0.07622512727186344	0.44514711384927036	0.08261162631961866	0.5489386592850536	0.07811242757168477	0.5015360983102919	0.49846390168970817	2.4659131695413303	3.0938859608204337
2700	2.4659131695413303	0.79	0.5083156330368103	0.08445910272126676	0.49338185979920646	0.08473302805986395	0.5487080174925801	0.0830032819126707	0.46623835038209854	0.08285798135915423	0.44285721696570796	0.07850147110944525	0.5495079325493188	0.08505029237325987	0.5035249008009665	0.08269996419907402	0.5080858897802539	0.0841165644917016	0.37863983696395986	0.06794709756560212	0.6245973881106407	0.06902980561336677	0.4321498274697127	0.08124530741569368	0.5757078225636715	0.0814928600439008	0.4707192399917744	0.07997433437589375	0.5299204180257666	0.08339359430679266	0.4708982528056999	0.08196065036159256	0.5397063941609811	0.08585460046677562	0.42347281670711984	0.08221375239649793	0.5744673278372655	0.0761582837332958	0.446167477739052	0.08244501402252823	0.5480388162104413	0.07888704841442327	0.4996301775147929	0.5003698224852071	2.4659131695413303	3.0938859608204337
2800	2.4659131695413303	0.81	0.5118100386405586	0.08481820990519665	0.4915820174688099	0.08500496497663024	0.5488541000759836	0.08241476629500893	0.4631422059755909	0.08252495591319549	0.4432208547576318	0.0779119453673599	0.5472846362334556	0.08586639013824383	0.5056377630756846	0.08262389523696284	0.5048860884024499	0.08428248221628576	0.3784705319135534	0.06802776470409248	0.6234349521210379	0.0692645392554006	0.4358823862465673	0.08182075741098202	0.5740689103820911	0.0811128585889453	0.46824048176276206	0.08043150190207524	0.530330835448329	0.083668087246635	0.4712106268803581	0.08211646557604871	0.5400389457555089	0.08515750359093596	0.42269284273475	0.08120890082640952	0.5742114928759712	0.07654550915107691	0.4466994066053754	0.0823562068828146	0.5477407968688496	0.07890424242146442	0.5010699001426534	0.49893009985734665	2.4659131695413303	3.0938859608204337
2900	2.4659131695413303	0.88	0.5121396672356888	0.08470365882675604	0.4901180945800725	0.08488600260580816	0.5524001288748561	0.08266092891981179	0.4597345502065756	0.08226345927515649	0.441714779232775	0.07869654165213281	0.5501665866985285	0.08572074924246036	0.5067813169437092	0.08356124084335129	0.5027948984658995	0.08468625243875075	0.3770501791693656	0.06825729103434061	0.6239091997511844	0.06937723912594693	0.43538811203210626	0.0816121335486792	0.5735450267903749	0.08127613524587077	0.4673207384812647	0.0805156946644724	0.5314959284851748	0.08353279918438897	0.47231067071919874	0.08146496359298938	0.539502265350195	0.085168805290345	0.4240597968647976	0.08110075331367739	0.5741352243877746	0.07682217008847453	0.4477816922218379	0.08168421296897599	0.549076921628177	0.07889557430497596	0.5024104683195593	0.4975895316804408	2.4659131695413303	3.0938859608204337
3000	2.4659131695413303	0.85	0.5124344549574753	0.08445943385361888	0.4897851298918963	0.08511375111167863	0.5546209074256003	0.08240010366031926	0.4606729341014667	0.08153926696508504	0.4417188391148549	0.07845451267940241	0.5521898313815888	0.08551975194873172	0.5060234646259266	0.08346058541917983	0.5001406652880904	0.08460562956190057	0.375227110784218	0.06793482458665787	0.6242878388896137	0.0690902474167053	0.43632703465216527	0.08192217710393697	0.5712141497742204	0.08127143138679685	0.4685098699905113	0.08129356690551932	0.5294962112462672	0.08367146394563421	0.4731991095470579	0.08193271959175819	0.5410214852178867	0.08574064215269005	0.4239357150010323	0.08153999922919214	0.5743686467996004	0.07671425165493596	0.4480433021183707	0.08140370459489354	0.5493251994506705	0.07886461224194656	0.5036617842876165	0.4963382157123835	2.4659131695413303	3.0938859608204337
3100	2.4659131695413303	0.88	0.5152686530022097	0.08386200885078976	0.4899586873516323	0.08487776567926048	0.5544126288392164	0.08289725160106862	0.4603915079964328	0.08135179816569368	0.4421336122703999	0.07842413249193801	0.5549262621556778	0.08528798613899222	0.5077556080114735	0.08356976898823772	0.4979691619113591	0.08436340682840585	0.37445601136301604	0.06744411809854442	0.6264126519222819	0.06859887376412854	0.4352337147560508	0.0811945260477029	0.5719010742839612	0.08113234297203634	0.4670573367132167	0.0817863118567718	0.527932148271892	0.0832751307758716	0.47112416691613834	0.08223434170734936	0.5370012616094127	0.08647617635246707	0.4246295911059023	0.08171630118311164	0.5741305138160708	0.07716736784435203	0.44854261764865755	0.08165414755837011	0.549442294106395	0.07888253826359828	0.5041881443298969	0.4958118556701031	2.4659131695413303	3.0938859608204337
3200	2.4659131695413303	0.86	0.5174741193587549	0.08380382126948886	0.4884854248310001	0.08489763157236169	0.5547265550774809	0.08267288364855785	0.46029079153304	0.08152571251414183	0.4413009271499329	0.07869990033334145	0.558312805225168	0.08505755848075858	0.5096619113336516	0.08392859266562466	0.4942071139824329	0.08370242648003222	0.3737694960226048	0.0673474390974716	0.6252382626395433	0.06856308201977906	0.4356448037667637	0.08109540284640729	0.5729694665634326	0.08063547952059974	0.4655446654914199	0.08200756072521267	0.5266035722825093	0.08382286195762731	0.4719801771439012	0.08237586620122749	0.5390931298328222	0.08615936797856662	0.4250276796161546	0.0811585365692139	0.5743078705657708	0.07718469519542263	0.44931154507844645	0.08087863166710621	0.5474988456441457	0.07936171708448571	0.5012484394506866	0.49875156054931336	2.4659131695413303	3.0938859608204337
3300	2.4659131695413303	0.85	0.5183575536213049	0.08362948570599131	0.4876890073053556	0.08463661557851922	0.5534610970505807	0.08285206847190903	0.45727130628844315	0.0809377282728437	0.4402081101782748	0.07820816011315175	0.5578921538035303	0.08482598850088123	0.5089779479723491	0.08347297407666762	0.49294102015014646	0.08364873281159393	0.3754006346210934	0.06714096432755329	0.62547351330778	0.06863402407941832	0.43533239848169725	0.08108218205598751	0.5734177704135626	0.08087868659925607	0.4646129582984589	0.08172840869597393	0.5264688839197742	0.08439410619066631	0.4732181166235009	0.08255289268082498	0.5393173997284451	0.08613862151956597	0.4264426761863084	0.08116344689894278	0.5763899995056196	0.07699589364824394	0.4502566118904877	0.08127780462693314	0.5456685981286491	0.07923703580467799	0.5054479418886199	0.49455205811138014	2.4659131695413303	3.0938859608204337
3400	2.4659131695413303	0.83	0.521592146149865	0.08375644808738028	0.4855273352919589	0.08407063964861282	0.554705265756342	0.08265119854490746	0.4577627416718191	0.08111242722039849	0.4376951114619025	0.0777701626840732	0.5587564707368594	0.08474651087012076	0.508964663375433	0.08358907631473608	0.49168673287885545	0.08430179426379529	0.37622247823116584	0.06702479662272248	0.626300411215089	0.06828145212389983	0.4353184945807268	0.08089949631747102	0.5703128329340911	0.08117802011087197	0.4657912448057475	0.08103604353158589	0.526875370668706	0.0842111899888824	0.47377068883788226	0.08263152029067022	0.5384338034153332	0.08587857032770356	0.42766660713957727	0.08101642944829097	0.5777280832759945	0.0765082020327541	0.45121995803588816	0.08156045697622281	0.5440565773987841	0.07961772845940994	0.5058754406580493	0.49412455934195065	2.4659131695413303	3.0938859608204337
3500	2.4659131695413303	0.8	0.5222736758300252	0.08336428593545465	0.48553030712152867	0.08377894031755279	0.553805356130204	0.08255929067404275	0.456603784195177	0.08104611840700698	0.4370777108177602	0.07758982905625143	0.5591849024736554	0.08425906154613923	0.5098278970832231	0.08323235627433193	0.49086649337704663	0.08423845467061318	0.37414952997802275	0.06715966785356461	0.6261677137300721	0.06854050643772548	0.4341592841465612	0.08075129564756989	0.5673787110169203	0.08112375055073522	0.46699618294976725	0.08098371462015715	0.5265910678203326	0.08392999752663659	0.4745001063260234	0.08275647152045046	0.5385609491261814	0.08556768959243997	0.4301283173854808	0.08113007532858271	0.5771259120347487	0.07623676452137343	0.451224827783565	0.08132580286701988	0.5440357785686193	0.07983712528113415	0.5079908675799086	0.4920091324200913	2.4659131695413303	3.0938859608204337
3600	2.4659131695413303	0.85	0.524053195812247	0.08262985189049725	0.4818084779329572	0.08368809115014374	0.5519072601957309	0.08302349496269144	0.4539344286503411	0.08115510176921602	0.43595144381579726	0.07752559674212735	0.560417624111394	0.08374015129103904	0.5103814808649932	0.08333254267956604	0.48974519901942043	0.08435226516212253	0.3728849071753748	0.06681045049993284	0.6276871663839169	0.06821815198704276	0.43328303205526525	0.08101292516007536	0.565285708653352	0.08119838428456233	0.46791951109730906	0.08093243242590199	0.5249462293969623	0.0842215099117065	0.47753260310858686	0.08316224345728634	0.5354897530083392	0.0863667933091907	0.43013503717092216	0.08057935695135304	0.575968920324614	0.07640223377608404	0.45079416566670794	0.08117349005668381	0.5408376606042269	0.08017093012757569	0.5072142064372919	0.49278579356270813	2.4659131695413303	3.0938859608204337
3700	2.4659131695413303	0.84	0.5252304451497735	0.08295094336358484	0.48122282362918517	0.08367686918282122	0.5523295879333779	0.08283027511761305	0.45327337542904933	0.08118704777486106	0.4345285915012802	0.07726298353080457	0.5614969646630221	0.08342020021537054	0.5135041841518545	0.08326772703575312	0.488752072479502	0.08419236397235279	0.37412740756603724	0.06659454241853552	0.6292872185523716	0.06803114458366921	0.43185679531546234	0.08068659318466434	0.5651197210514783	0.08060196548104243	0.4705203109053488	0.08154189800330497	0.5251702781707073	0.08416298141454728	0.478375473696981	0.08341957026100515	0.5360104222755577	0.08672592384221413	0.4313949956459604	0.08066270702452864	0.575980238155829	0.07673094352003934	0.45080749191355124	0.08123778655931908	0.5402984654559142	0.08048639717592106	0.5080993520518359	0.4919006479481641	2.4659131695413303	3.0938859608204337
3800	2.4659131695413303	0.88	0.5271925617572911	0.08347202392137144	0.47923598055521865	0.08351298607268855	0.550574020855505	0.08309940295031899	0.45241641180921777	0.08123821325758876	0.4347141816371385	0.07670506648914932	0.5609826522631078	0.08347878082086249	0.5137512795744674	0.08388311911635857	0.48843831556762723	0.0841702153861402	0.3722888639658232	0.06670999269202975	0.6299281247512926	0.06778763948956672	0.4330199842156762	0.0811379041826234	0.564953742750751	0.08042298128490304	0.4697844092095122	0.0813126065311099	0.5236847209069277	0.08426610356273416	0.47756992276301274	0.0833605019513863	0.5349234611785707	0.0869721873061417	0.43220864695587863	0.08063941119343626	0.5755886859641559	0.076947239592151	0.45075003072004316	0.08109021906266878	0.5393184235012687	0.08051935023214989	0.5113038906414301	0.48869610935856994	2.4659131695413303	3.0938859608204337
3900	2.4659131695413303	0.79	0.5277073873292766	0.08359799214348194	0.4764866209928994	0.08368110111373701	0.5505314880133068	0.08303843352372553	0.45265991303683484	0.08117017068399117	0.4342638083478566	0.07659239170474383	0.5613739933168085	0.08358940641603892	0.5152992004584181	0.08379587610090439	0.4886451393150826	0.08398322242844358	0.3736017428229439	0.06708397678478513	0.630523702573625	0.06738614270732768	0.43251519104822234	0.0811408634142929	0.5644395700381045	0.08039360020064724	0.47052887306570196	0.08090589372102283	0.5239031601091821	0.08422745839560504	0.47712405386153983	0.08273538279989559	0.5360330189469702	0.08704525922509782	0.4326771256920026	0.08032395512877824	0.5734016633962832	0.07707902485900384	0.4511688986892974	0.08143133671895582	0.5410154342331104	0.08098815610739682	0.5112704918032787	0.4887295081967213	2.4659131695413303	3.0938859608204337
4000	2.4659131695413303	0.84	0.5290436026361596	0.08329292067623628	0.4750597518647617	0.08361328237302496	0.5538702566526081	0.0828844597841944	0.4517885592901274	0.08098153122135454	0.43433599158583946	0.07649890471453033	0.5610895681231052	0.08363347304856843	0.5144955956699622	0.08367268682147416	0.48791079674303234	0.08360651961910903	0.37330327325811413	0.06703402633761725	0.6309574217603479	0.06755641752799622	0.430713976627887	0.08068657453281877	0.5621458939502565	0.08030766999242853	0.47191037218747794	0.08110634202650124	0.5247092808814701	0.0841825919947745	0.47950249580706233	0.08278046353833761	0.5370887289422513	0.08720596399256156	0.43230529771477416	0.07994597389400486	0.572939007741776	0.0769981961134417	0.452269021558418	0.08131420838131873	0.5407491454077562	0.08112842019210796	0.5134865134865135	0.4865134865134865	2.4659131695413303	3.0938859608204337
4100	2.4659131695413303	0.81	0.5302421536145868	0.0831423763958253	0.47408166695506615	0.08373157328735362	0.5521131406615093	0.08246206725204212	0.45127436517759373	0.08052547886842222	0.43333361219481825	0.07652194713935198	0.5620529903492717	0.08309217805555104	0.5148567385799078	0.08363451542996837	0.4854202303360349	0.08338533771519398	0.37240957403982533	0.06688660953440072	0.6302464540068062	0.0678324348745796	0.43187210925792213	0.08059775304370073	0.561253323855727	0.08022037631878201	0.47211687566580446	0.08148655782899156	0.5243819572103118	0.08386240451667466	0.47825226947217464	0.0823659541157846	0.5373308470187069	0.0872741649772272	0.43312677326986243	0.08029160710485787	0.5704967580297272	0.07748015890262369	0.4527128665535716	0.08140269109164387	0.5413273477604287	0.08063561795367187	0.5119395711500975	0.48806042884990253	2.4659131695413303	3.0938859608204337
4200	2.4659131695413303	0.76	0.5300188343187606	0.08314141181317072	0.4730472365622892	0.08391081064041217	0.5518613512917536	0.08250644877311901	0.4517868318190134	0.08049292899063894	0.43170101119458526	0.07633432607921395	0.5651375969295698	0.08269695956208864	0.5160447810570951	0.0839056992439961	0.48281988371735934	0.08279157023627608	0.37354852685320117	0.0672064868831902	0.6293535773463961	0.06754425600977827	0.43313459181501235	0.08094028862954414	0.5604114815864238	0.08029335050833815	0.4721476502636496	0.08189242794562819	0.5264238095507133	0.08367985849096994	0.4786819102614298	0.0823844914312744	0.5362753665059791	0.08683899429205988	0.4318761817802541	0.08021968607694492	0.5690441407232795	0.07739453400657285	0.45389414028334363	0.0814364378630755	0.5404352500569979	0.0805282578971922	0.510941960038059	0.489058039961941	2.4659131695413303	3.0938859608204337
4300	2.4659131695413303	0.85	0.5310544739442424	0.08327597108630785	0.47206259894357533	0.08376697267622024	0.5515437464093726	0.08281451599394268	0.4532344355535467	0.08074810934088442	0.4296193766838184	0.07629786434701004	0.5674766961154868	0.08253538648831853	0.516226594024465	0.08416867547708397	0.48285340305418073	0.08273913149009642	0.3734634519805673	0.06736634999558795	0.6308364957127311	0.06734166381772556	0.4329515220751643	0.0810035405472543	0.5607182619621439	0.08015481432097869	0.4736786012998519	0.0815697881559176	0.5270716769990115	0.08337727033917897	0.48005828987630184	0.08274373111901026	0.5380657672126381	0.08676475393406072	0.4323075942855874	0.08052963151333485	0.5687677418462171	0.0770388790833969	0.4542612960859548	0.08115081402223497	0.5404935059169369	0.0804408897568531	0.5111524163568774	0.4888475836431227	2.4659131695413303	3.0938859608204337
4400	2.4659131695413303	0.89	0.5328273184352533	0.08330999414961779	0.46930904520318417	0.08409287425072375	0.5523127573796079	0.0828191650938425	0.4538637160946772	0.08097711200464892	0.4296667288886089	0.07637538558982995	0.5682763829077191	0.08236040691330336	0.5162431098951136	0.08425256316732022	0.4816521548006547	0.08252971987101546	0.3712880120800924	0.06713224920038108	0.6303841803514726	0.06713993880932022	0.4337588626411366	0.08072792108920984	0.5608431703764254	0.08053693914226588	0.47298408388861696	0.08170207632816755	0.5277170719966273	0.08360775909705932	0.4795953615604407	0.08257340146541672	0.5396231583581688	0.08643412528450665	0.4349446520021496	0.08089552494598747	0.5687222046305153	0.07727286159593616	0.45397246040806916	0.08102836433846382	0.5397600741603636	0.08054635583187203	0.5102179836512262	0.48978201634877383	2.4659131695413303	3.0938859608204337
4500	2.4659131695413303	0.87	0.5331120212743645	0.08340780370847076	0.4693385758640699	0.08401398103408499	0.5512059098751577	0.08274855727550133	0.4544116819971704	0.08081503834550464	0.4294219573048929	0.07601116782976226	0.5680597606179265	0.08245418544701436	0.5167154460355793	0.08447442018130895	0.47823501005788127	0.08248458869431562	0.37100353061409563	0.06697125972170039	0.6314404837928647	0.06695133295983927	0.4339472899971934	0.08069573745514658	0.5599755850934192	0.08036164777433856	0.4725944783557649	0.08162823368534383	0.5259862468005972	0.08353702390507918	0.47816586574780034	0.08252426466852808	0.5382859553086494	0.08647285827463677	0.4365955390590939	0.08078720960508902	0.5695199693821545	0.07749589603843449	0.45351039918689645	0.08068425232455423	0.5383890142678459	0.0806236455858136	0.5106571936056838	0.48934280639431615	2.4659131695413303	3.0938859608204337
4600	2.4659131695413303	0.79	0.5348797769789729	0.08323567339939482	0.46656732446831184	0.08380901877758902	0.5502738379072994	0.08279674686843913	0.4561985142610368	0.08081925993540517	0.4300148789999237	0.07619491062193702	0.5666258250985163	0.08226149544434323	0.5175635290157788	0.08474302742378229	0.47719288055759973	0.08259539672926547	0.37075867859975176	0.06697668029863192	0.6318349432659032	0.06712192562405342	0.4357596097331721	0.08068783525140041	0.5585315464804094	0.08049349562105902	0.4731835455797389	0.08127201174346331	0.5255364918635033	0.08352895783219356	0.4790180667904157	0.08243909904247061	0.5366038090499667	0.08655647368326165	0.4376034430159708	0.08064855743078049	0.5697055550526059	0.07733722165159602	0.4529610868502755	0.0808054039985014	0.5364200864006302	0.0806257115990398	0.5095569070373588	0.49044309296264116	2.4659131695413303	3.0938859608204337
4700	2.4659131695413303	0.88	0.5345230006794333	0.08321361707064621	0.46591024916123575	0.08414688969366609	0.548730115613627	0.08292218082714374	0.4566879048652571	0.08068427380886001	0.42876163523212835	0.07619903488449442	0.5666973966524441	0.08213796418407956	0.5184878813199454	0.08445839385367748	0.47615401250149797	0.08256343953400684	0.3707210830119638	0.06674696171728921	0.6333117983393912	0.06668750360090447	0.4368834915824529	0.0805632701085011	0.5586802601094052	0.08049545041198566	0.47487082869796865	0.08163713309875385	0.5255278070503515	0.08389032288012446	0.4789221127712762	0.08226347305897769	0.5361457684393921	0.08661038170739824	0.4378410435502366	0.08090105237554548	0.5707133622197619	0.07757490209062536	0.4528810203954284	0.08093044948998931	0.5353824839442373	0.08060633483240409	0.5104166666666666	0.4895833333333333	2.4659131695413303	3.0938859608204337
4800	2.4659131695413303	0.8	0.5354913374100819	0.08286812712774191	0.4647230426208257	0.08383891224603142	0.5498665061268857	0.08288564110799532	0.4574198327979708	0.08060745843564418	0.4265295323119002	0.07607154807246189	0.5664798233508223	0.08213761781145006	0.5195344351871977	0.08413478798843936	0.4762704576192665	0.08270214680964093	0.3709386462172464	0.06667722243486393	0.634519013350809	0.06631687961461928	0.43791875020509285	0.08081189937850214	0.5562193137598916	0.08053715633880949	0.47556495212087446	0.08136897506872683	0.5237684921738394	0.08386346468488204	0.47917856688529986	0.08232816471132243	0.5356462567014635	0.08640493648769514	0.4387723168948816	0.08121949021178156	0.5694493093670643	0.07810264661268361	0.45433230587448586	0.08127835553421146	0.5353058957858311	0.08093316483272461	0.5101998334721066	0.48980016652789343	2.4659131695413303	3.0938859608204337
4900	2.4659131695413303	0.89	0.5361665263969417	0.08262337271247781	0.4634435583073739	0.08325620316024675	0.5484533819532902	0.08312676119670404	0.4579794791311544	0.08101275996136886	0.42616868020804705	0.07586787625008677	0.5676876581327536	0.08177260742014078	0.5210114239394484	0.08390014674588504	0.4749918491710977	0.08227177481527008	0.3701980478575747	0.0667914687232402	0.6362264828824205	0.06612334145731624	0.4385314996523254	0.0809254075548046	0.5553834034094106	0.08068840895865147	0.474951300890772	0.08151732461203713	0.5227298345665891	0.08380344370932935	0.4791864390845178	0.08190118883182247	0.5342323019951271	0.0864962684735878	0.43921704007465673	0.08110169195963654	0.5689709048214553	0.07812038717083325	0.4560853304949567	0.08142504902670791	0.5346338442399926	0.08111449201806992	0.5091761827079935	0.4908238172920065	2.4659131695413303	3.0938859608204337
5000	2.4659131695413303	0.88	0.5356448389971831	0.08275571666060248	0.462491882629172	0.08318740432491385	0.548313546701605	0.08288055145597614	0.4578594062190592	0.08127145162742658	0.42522111583475447	0.07561882994998367	0.5681735621855394	0.08176968377199414	0.5227055552084812	0.08391120905060993	0.4745326620303379	0.08197265311312125	0.3695022301362225	0.06648017240743276	0.6368098662333002	0.06583338884864845	0.4394900589475954	0.08092082130941847	0.5553609358411	0.08044369857488678	0.4742481210046823	0.0820174979425735	0.5233206522179786	0.0838385881472719	0.4791463841200445	0.08182785799600435	0.5342239334867281	0.08648071070474128	0.4407858301367843	0.08138824927198163	0.568143265982661	0.07792444316215746	0.4557303360577824	0.08156369560978072	0.5341657538062925	0.08123159487878351	0.5113908872901679	0.48860911270983215	2.4659131695413303	3.0938859608204337
5100	2.4659131695413303	0.88	0.5369732608178807	0.08289527515635067	0.46090483979471997	0.08280998550625754	0.5475136331256882	0.08307687132024405	0.4587212348053875	0.08129720468484462	0.4241585565579854	0.0753560369748097	0.5696819879543275	0.08170696318722867	0.5242283808257717	0.08384692943961229	0.4753636265402644	0.08205347278221015	0.36923443116576954	0.06616678639720262	0.636401669311625	0.06599353013944617	0.43960108520814745	0.08062105174315606	0.5563388430264768	0.08045547123363907	0.4750685142607865	0.0822358320151312	0.5241620449691023	0.0834453118045906	0.47943874400349984	0.08181512755820124	0.5346012466126238	0.0865318680521027	0.44259026376346733	0.08169570284721406	0.5666780742681126	0.07792231675301077	0.45642581920866593	0.0815874369709954	0.533922961749843	0.08123797406759534	0.5105799373040752	0.48942006269592475	2.4659131695413303	3.0938859608204337
5200	2.4659131695413303	0.83	0.5372934567484594	0.08315561867551413	0.45936889037707396	0.08259685433686327	0.547225703314423	0.08268869386657421	0.46198867405274674	0.0812081039382686	0.42337760440311784	0.07519676008397683	0.5706800275028352	0.08129653485444721	0.5258202267591163	0.08352972163193743	0.472862315640845	0.08193783530767072	0.3676717275673692	0.06605492163798393	0.6355655982092838	0.06588689741051743	0.43977674461391913	0.08042358035840705	0.5566174831672558	0.08082563527084481	0.47513304172409204	0.08240043587801255	0.5226419475915827	0.08384009909689745	0.4790721902757513	0.08176723214371494	0.5329217317771578	0.08636285299414628	0.44338367793577493	0.08140598660134214	0.5662838621665381	0.07825169615334976	0.456918167044246	0.08167274799656436	0.5330970356382787	0.08161527017775495	0.5094158339738662	0.49058416602613375	2.4659131695413303	3.0938859608204337
5300	2.4659131695413303	0.82	0.5363637594688946	0.08340231882945784	0.4579443089683645	0.0823457064696074	0.5460070720183186	0.08285042172753063	0.4618869887396821	0.08143850088937578	0.4233190884132833	0.07527421690288082	0.5701887245078295	0.08127842661181882	0.5265290678951228	0.08301567320073629	0.47123408718518633	0.08162646083656687	0.3682049798451592	0.06596030538396729	0.6354640708189395	0.06591291225928313	0.43978758274602436	0.08072205706391498	0.5576830480841907	0.0808389101848213	0.47460862735253767	0.08237522908876693	0.5214101913824838	0.0840151457173456	0.4802256699948472	0.08209188845565939	0.5329102183191888	0.08633853550547736	0.4442579237066515	0.08163816360710027	0.566775262240316	0.07800150428776162	0.45666133382936175	0.08155290211209032	0.5325714717067157	0.08161423924329746	0.5099924585218703	0.4900075414781297	2.4659131695413303	3.0938859608204337
5400	2.4659131695413303	0.86	0.5377636726438713	0.08320489852200165	0.45858049200588885	0.08223410395424047	0.5454339194402723	0.08299935386180941	0.46138815661571836	0.08134911984469279	0.42251628975378375	0.07549398438698111	0.5714051641605571	0.0811071540970248	0.5268052903933249	0.08313106940050738	0.47023227742318935	0.08157739479805196	0.36776192862486096	0.06572478479210275	0.6351059752697901	0.06588155995317331	0.4399897658526779	0.08075471345673588	0.5574850522805149	0.08125126989194807	0.474958024654867	0.08202139334572622	0.5224261356417204	0.08406036779208115	0.48035929866446025	0.08207389723605399	0.5331137144091722	0.08626285910087349	0.44568652892600497	0.0818198202688156	0.5662919192210758	0.0779993962514033	0.4572635861188511	0.08174114774222349	0.5345602852313485	0.08176273569119046	0.5092524056254626	0.49074759437453735	2.4659131695413303	3.0938859608204337
5500	2.4659131695413303	0.78	0.5400325624629968	0.08322255610437208	0.4572240032561894	0.08225569262394408	0.5447778841211041	0.08300069928691385	0.46205950715095306	0.08108843011269666	0.42170540909613125	0.07579267380667487	0.5719448515752105	0.0807999211631008	0.5279349639273834	0.08296961527809738	0.46891890308682843	0.08181752833829091	0.36852029150135124	0.06590138121788525	0.6345790008043902	0.06588112996174646	0.43992941683287723	0.08088521224369359	0.5559597991624521	0.08142911025532916	0.4763891834573943	0.08215533360095506	0.5207269405119408	0.08433790103278245	0.4815153187932824	0.08204803977595065	0.532181446346063	0.08615496999494289	0.44614553491292486	0.08212268794984509	0.566413600537234	0.07774985329887532	0.4584849865240653	0.08195788578336471	0.5333652005866426	0.08172911596446139	0.5096293604651163	0.49037063953488375	2.4659131695413303	3.0938859608204337
5600	2.4659131695413303	0.78	0.5417007269244563	0.0830376803525004	0.4576113060713582	0.08238482093270537	0.5429688873194496	0.08311332147372705	0.4627387952072517	0.08151087596662634	0.4216913217208601	0.07574429160420554	0.5724074146933258	0.08088489092281471	0.5290263819876555	0.0829119232734135	0.4676555530194935	0.08192001404229518	0.36956812373448	0.06616861769458804	0.635167836744719	0.06573627394040833	0.4396580299265353	0.08064286602016951	0.5548449604833066	0.08143442180087856	0.47513290753330367	0.08240396326018858	0.5214502745928729	0.08442323787514985	0.48131619862625435	0.08238417823610207	0.5331523356274244	0.08616500556610455	0.4468579281025729	0.08189708191259912	0.5657981338781435	0.07799676364237998	0.4582980117635464	0.08211104954670526	0.5329776541897743	0.08193319665096652	0.5099928622412563	0.49000713775874377	2.4659131695413303	3.0938859608204337
5700	2.4659131695413303	0.82	0.5414145314338962	0.0828167717078502	0.45718274742269477	0.08229615986005376	0.5421793228859896	0.08315439758764628	0.46354197726620916	0.08166705820599009	0.4210105517554136	0.07605164798420758	0.573357998988756	0.08084234795950387	0.5296752292893478	0.0825938488355308	0.4677097956909472	0.08208811900726717	0.36931104888757266	0.06647769700811032	0.6350967375751102	0.06564920987092475	0.4410262016162303	0.08059642865286122	0.5545676682022904	0.08156227118228918	0.47427175257523474	0.0824812689805436	0.5215786527863283	0.08421198731402633	0.48213777324883533	0.0823052808570021	0.5332067519981665	0.08610527224687109	0.4468462882533403	0.08158316073132636	0.5657892103321545	0.07789699720711991	0.4584556848973736	0.08184642631190932	0.5314530591762245	0.08190565358669696	0.5098176718092566	0.4901823281907433	2.4659131695413303	3.0938859608204337
5800	2.4659131695413303	0.82	0.5414487806192989	0.08274444314783226	0.45650064601934576	0.08223402188709072	0.5432020330382468	0.08322262642596094	0.4635250676223727	0.08151179494185569	0.4197111461506932	0.07614629896843755	0.5738018979414513	0.08083083983186602	0.5301295892277473	0.08213185787664506	0.4658203370355744	0.08210715614128727	0.36955644421056183	0.06653843330886956	0.6354077777456231	0.0657745978910683	0.44177674609134815	0.08082095800982042	0.553290201489022	0.08188967649149319	0.4744108937900571	0.0826953322326128	0.5218807157758022	0.08394545711948646	0.4823734273396408	0.08204539600298962	0.5338524626674157	0.08616901024320846	0.4479166707274478	0.08164166692615646	0.5653795531702911	0.0782803615937129	0.4582485304282444	0.08160575422766081	0.5312507263153556	0.08169940306787954	0.5099931082012406	0.4900068917987595	2.4659131695413303	3.0938859608204337
5900	2.4659131695413303	0.8	0.5415267819095523	0.0826371144603831	0.45520604459156294	0.0818283657682006	0.542117083079463	0.08334669614189016	0.4635846748057643	0.08151943510721109	0.41896788955443376	0.07621474903293611	0.5745291537403554	0.08045222222655686	0.5315374657128654	0.0820157976041799	0.4653069028054324	0.08207372376974963	0.369607946523537	0.06655544472071545	0.6357432849670377	0.0656483216989226	0.4429002219681366	0.08113657782453934	0.5527993030673648	0.08184844810847154	0.47577883947690824	0.0828880157776421	0.5204491196555493	0.0841940375992759	0.48226361116290417	0.08189374703372496	0.532948264544395	0.08610716252396919	0.44751492575736285	0.08188827294110079	0.5646556085490076	0.07827851063953581	0.4586046161134813	0.08170092630841021	0.531336052308267	0.08161726776890942	0.5086382113821138	0.49136178861788615	2.4659131695413303	3.0938859608204337
6000	2.4659131695413303	0.89	0.5413613849658989	0.08258320633366974	0.4544668879003428	0.08166355821245934	0.5415192062060447	0.08337726998409395	0.46389196089688295	0.0816389479194192	0.41879806571413175	0.07584965044301555	0.5748839338640414	0.0803596590499464	0.5324824679219808	0.08171824495795806	0.46536699485255373	0.08174460613712536	0.3680405938845455	0.06616324770601889	0.6368604036861079	0.06543037949909371	0.4437454962495476	0.08110700294495443	0.5513248927354927	0.0818679569297434	0.4766740408102176	0.08287330220144504	0.519962661052948	0.08413214409753343	0.48266659222750896	0.08190235489755297	0.5328366666369422	0.08621369174179652	0.4472348427746551	0.08180612588086765	0.5633254214414479	0.07857093146701155	0.45961393162095393	0.08152722459164408	0.5312665928651241	0.0815443826687701	0.508327781479014	0.491672218520986	2.4659131695413303	3.0938859608204337
6100	2.4659131695413303	0.78	0.5432589798225432	0.08285290227083755	0.4544509414302683	0.0814885213621819	0.5404994031763244	0.08316950646739038	0.46512472103113217	0.08148348213165589	0.4186896578233077	0.07559754219482037	0.5761899957598217	0.08016149031111416	0.5328364316668901	0.08187378438898081	0.4646802396840298	0.08155496025192202	0.3690229548665594	0.06646076141443015	0.6362589724889675	0.06552581104334239	0.44505978278280145	0.08139435988277192	0.5511738591496677	0.08186367563767152	0.47673334451931715	0.08303034431840166	0.5197771230457718	0.08431237402709252	0.48376339416895625	0.0820600209759193	0.5334741848787555	0.08629592356319855	0.4477843156466798	0.08172051013433762	0.5627872484075488	0.07871907159405503	0.45893612077093776	0.08150260874364144	0.5310113911872444	0.08164176679728134	0.5086828309305373	0.49131716906946266	2.4659131695413303	3.0938859608204337
6200	2.4659131695413303	0.79	0.5443034336079675	0.08265494117748623	0.45347973372617373	0.08161212023275521	0.5392605598206934	0.08334281219938712	0.46568797256358035	0.0815084590779862	0.41922432528528136	0.07581806561971022	0.5751450242827963	0.08017378087425367	0.5337489627968846	0.08164248070364008	0.4620572146627759	0.08178102809127479	0.36884442198707745	0.06647148915918749	0.6360744142762117	0.06553473172112476	0.445192103431676	0.08159966481913918	0.5503150450166442	0.08195381903249575	0.4766920115335556	0.08308267893564658	0.5196545327616845	0.08408950078691875	0.4839628348038031	0.08196270438385563	0.5329246950959925	0.08622105721802414	0.448625858898465	0.08145475280661535	0.5625930331305036	0.07869851024808747	0.4603407182638237	0.08138171390493926	0.5300622207205585	0.08123106783455965	0.5083816892327531	0.49161831076724694	2.4659131695413303	3.0938859608204337
6300	2.4659131695413303	0.84	0.5447273933719581	0.08244814106165112	0.45363606951284924	0.08159274516819093	0.5394066464362834	0.08342560771651474	0.4660181069810325	0.08146758641922593	0.4185289520450278	0.07575063817082732	0.5759134593407272	0.08016187864030869	0.535006983904822	0.08163725703241938	0.4619182809959192	0.08181764843149864	0.36851649716258184	0.06645395610102343	0.6364610867272837	0.06545629058555505	0.44642502853252536	0.0818391952913427	0.5493423967766022	0.08211302329252948	0.47677843222991173	0.08312962126443602	0.5193801041152356	0.08415604617577846	0.483478804563312	0.0818837610091466	0.532015512262566	0.08614183982853302	0.4499893391445694	0.08141980757002577	0.5623435873321725	0.07865938264479228	0.46094726892636056	0.08145913579742381	0.5307804568797247	0.08118304317048208	0.5090418781725888	0.49095812182741116	2.4659131695413303	3.0938859608204337
6400	2.4659131695413303	0.81	0.5463983289368676	0.08249633435636124	0.4527043597451908	0.08172197600242338	0.5392841706717307	0.08340446457665564	0.4673455062426726	0.0817286526160024	0.41911634065724385	0.07573943954722051	0.5749358970862919	0.08013325265258008	0.5362910184496087	0.08146511454613775	0.461280114694343	0.08168968271103332	0.3674422431384275	0.06613116978514982	0.6368204545276606	0.06518724311970907	0.44814269372940096	0.08204972440911644	0.5487929088406932	0.08181914386311646	0.4774426899652191	0.08308822676195947	0.5191100850482979	0.08403997323982396	0.4843653018943158	0.0819151870386495	0.5310723838936581	0.08616378789881629	0.45046562883273084	0.08140871384853635	0.5620504872171779	0.07876017272358228	0.4618686531751333	0.08179039957177396	0.5294483921752241	0.08122035884720549	0.509681449094316	0.49031855090568394	2.4659131695413303	3.0938859608204337
6500	2.4659131695413303	0.74	0.5466956811713896	0.08245032944622231	0.4527484880196473	0.08159223735093052	0.5389806829189483	0.08322011376541086	0.4689199644571927	0.08178099163794775	0.41886612698145204	0.0754940977344545	0.5778511567924708	0.08008636351451465	0.5376429018874288	0.08154190755592959	0.4605595403617392	0.0817702703859536	0.3681217870173562	0.06598892149001087	0.6358132005824386	0.06522520086217556	0.4489759177107216	0.08207192213821556	0.548597222754346	0.0818093031700549	0.4780554491952589	0.08318904779545878	0.5174515769360734	0.08416998997364755	0.4841939695122491	0.0818864513538681	0.5300341572083421	0.08612433249933435	0.4503082781929278	0.08125375836485525	0.5608055232795268	0.07883471646880136	0.4624042874245941	0.08163477509929898	0.5300032841585222	0.08130156413433144	0.508610086100861	0.491389913899139	2.4659131695413303	3.0938859608204337
6600	2.4659131695413303	0.82	0.5480199084834099	0.08241776395235295	0.45266846309522035	0.08160432150069254	0.5390333914984191	0.0832480796553006	0.4694779412014853	0.08192228603211489	0.418675781572744	0.07563926972320016	0.5785933337547329	0.08014031824584504	0.5380031565226389	0.08138149111987178	0.45861617986703423	0.08159604402469951	0.3678867426132979	0.06573271920645055	0.6358122672374222	0.06538508799650081	0.44942473024627577	0.08197768360915268	0.5474431015330893	0.08182473048370016	0.47801971560960876	0.08325862865670361	0.5176144905651892	0.08420029017605217	0.48444279925679723	0.08209165868034797	0.5298097800719923	0.08634864370899814	0.4501065381850182	0.08126498061521187	0.5598908063124023	0.07925245827048204	0.4634618373705017	0.08163772068160928	0.5284398772785014	0.08159522897686386	0.5077225923682617	0.49227740763173833	2.4659131695413303	3.0938859608204337
6700	2.4659131695413303	0.78	0.549149602773434	0.08271071823676993	0.4526667695336641	0.0817457423035605	0.5371756461613671	0.08317777427101078	0.4702055297741735	0.08184344195333705	0.41768483128264394	0.07553335960988512	0.5781934364484917	0.0801310555324362	0.5372545101687564	0.08112393330180159	0.4582660381239892	0.08126696668856276	0.36780931524000154	0.06589270596495521	0.6354588927461666	0.0653944092927607	0.4500319892784245	0.08209317969098853	0.5475048260577496	0.08175266107467118	0.47901573484124454	0.08336318695227418	0.517100464698679	0.08423825802833952	0.48586023093881725	0.08216432744912583	0.5292672530393311	0.08631855626319593	0.4489841020694106	0.08116945889181112	0.5601554803631886	0.07926982504827487	0.462894451205823	0.08145029240447188	0.5280996004754341	0.08149336138724717	0.5092482100238663	0.49075178997613367	2.4659131695413303	3.0938859608204337
6800	2.4659131695413303	0.88	0.5492175227490719	0.08267045206964314	0.45311720846431264	0.08177773115685388	0.5358504117231082	0.08340963212544623	0.47148763105434344	0.08171819255660254	0.416863441157796	0.07551428029533576	0.5793510871581878	0.07980426538564385	0.5375374392756405	0.08118110744479516	0.4568281869058096	0.08130704749732151	0.3680333464525662	0.06585078115805158	0.6348376141621235	0.06529147910373315	0.45002007860156373	0.08203807416700193	0.5485873508458607	0.08181171773383669	0.47896558962154173	0.08336297963823529	0.5162802952279607	0.08413044384768109	0.4860786154883273	0.08234971232538536	0.5302596546174859	0.08639766493140144	0.44837438239637567	0.0811859230502534	0.5584018860064839	0.07963177958079184	0.46267651935294785	0.08149964879638057	0.5278275592324102	0.08141565924923977	0.5085243974132863	0.4914756025867137	2.4659131695413303	3.0938859608204337
6900	2.4659131695413303	0.85	0.549682901993926	0.08289226021124317	0.45331186302484655	0.0815664734286228	0.5355854471570469	0.08356590912742694	0.4713519447596455	0.08193436609111024	0.4164395200429585	0.07536455978464988	0.5804244612784333	0.07968496451037832	0.5381299797759517	0.08111872766592594	0.45664195360086224	0.08160201638824258	0.3676264736043333	0.06557138708959025	0.6345357627619628	0.06552264562816	0.45075798723024385	0.08199616802192831	0.5481547701393779	0.08176951172699723	0.4795674463681889	0.08325864916293918	0.5172775426473393	0.08419247292950993	0.48614714204323256	0.08254307635156001	0.5311268704173955	0.08628817108026521	0.4496452598550069	0.08131080146782756	0.5568007207789799	0.07986628986955345	0.46294598882726795	0.08141258194691472	0.5283315215033724	0.08136311655944631	0.5079663962920047	0.49203360370799537	2.4659131695413303	3.0938859608204337
7000	2.4659131695413303	0.87	0.5489980762617669	0.08302285931537627	0.4526303256013989	0.08141843090840244	0.5353050249518873	0.08375221171323202	0.4715718459422297	0.08179472531628025	0.41485918078732026	0.075194288870876	0.5813478393780928	0.07959066176955108	0.5381501959507309	0.08081462729814494	0.4560548688487142	0.08146368592334634	0.36704477017112364	0.06559698360466582	0.6344105961139249	0.0655596573389518	0.45102643074429244	0.08205873255738645	0.5477460686122789	0.08179074099284313	0.4796485380610878	0.08304409420006714	0.5181033865532296	0.08411611515675406	0.4861772716531931	0.08271897717939627	0.5315006854286525	0.08612449771848688	0.4496920271078365	0.0811990570568989	0.5566185590527876	0.07996538752937477	0.46371296829466563	0.08156166824583766	0.5291110282344008	0.0816926475110612	0.5081382067390063	0.4918617932609937	2.4659131695413303	3.0938859608204337
7100	2.4659131695413303	0.83	0.5485660376231585	0.08287992855070628	0.4526196620872655	0.08145663198738586	0.5342112583650275	0.08401826190525036	0.47142772993636656	0.0817992177342919	0.414569791288989	0.07510469821444439	0.5804730553237262	0.0797570925579773	0.5389408388435818	0.08072348103898574	0.45459909919704394	0.08122692517223533	0.36664413557886744	0.06547191950464881	0.6343943311701062	0.0653922657649263	0.4507580070045597	0.08185263434903417	0.5468063485526331	0.0821673605780868	0.48014454506466253	0.08299658082022021	0.5183987922813584	0.08424634081293016	0.48614905244015966	0.08267751906307426	0.5309672835168335	0.08624118488467412	0.44942960109078456	0.08127403164348893	0.5565884032005329	0.0798441485492579	0.4642689450049637	0.08179071303175568	0.5291539026981419	0.08165269670622695	0.5070382882882883	0.4929617117117117	2.4659131695413303	3.0938859608204337
7200	2.4659131695413303	0.77	0.5474381678573171	0.08291862110059488	0.4524716040076623	0.08150955444640517	0.5345034208525818	0.08438713711519898	0.47158902954780924	0.08177699500656274	0.4144734497462555	0.07486084301905617	0.5805334615312542	0.07970547957795189	0.538340078679508	0.0810269125853614	0.4526066115959312	0.08101987003842633	0.3660153257234958	0.06553251554826292	0.6332121140362851	0.06543389242411672	0.45101289331907474	0.08199933692493644	0.5474468172613948	0.08209006713526491	0.47999770381343193	0.08307330312520936	0.5182309918397867	0.08441835559643195	0.4861880365766267	0.08268512978108788	0.5297814006317252	0.08611297189744638	0.4494858968903926	0.08111824978146982	0.5561073726415936	0.0796440484414938	0.46470494778533594	0.0816760089546434	0.5288018266490409	0.08155110434967126	0.50694058856191	0.49305941143808996	2.4659131695413303	3.0938859608204337
7300	2.4659131695413303	0.91	0.548476863849917	0.08282792736236956	0.451893279995252	0.08145413010423716	0.5339555982805481	0.08441150827072479	0.47144514307950175	0.08195404511852951	0.41443635739098933	0.07515749571559265	0.58136563953666	0.0793220703653359	0.5388014923086868	0.08082310245898104	0.45178951041580784	0.08074556038146606	0.3656575318753233	0.06539014220246692	0.6334573889109667	0.06528007781745497	0.45087782473497	0.08204673709636212	0.5478590313936543	0.08177521407357428	0.4799229340064416	0.08308612699063884	0.5194052311588904	0.08434768430526773	0.4862283753861159	0.08275931982231487	0.5292159832419923	0.08615449850564372	0.44920756476207707	0.0812968375243979	0.5555261807403459	0.07966138966090197	0.4651919649462921	0.08160997752908684	0.5287846998282854	0.08151518616204338	0.5069824753559693	0.49301752464403065	2.4659131695413303	3.0938859608204337
7400	2.4659131695413303	0.86	0.5488251549602312	0.0826373603054498	0.4519486408199438	0.0816635930619721	0.5339191618143861	0.08433105569551294	0.47220364416335375	0.08179725366404687	0.4144811174482084	0.07516192764555835	0.581998888827206	0.07903716913736016	0.5399715643547556	0.08062242320341709	0.450671582806265	0.08055160521525088	0.36485496804935325	0.06551193594266272	0.6325307743008652	0.06552859661093384	0.45103014545689407	0.08182303552837873	0.5480877623747535	0.0820082697521629	0.4798334126641564	0.08314313737270157	0.519661574517378	0.08421679699367267	0.48636949997585593	0.08270902218429056	0.5288682090956031	0.0861508758029647	0.44938200340900475	0.0812150715082773	0.5560368256956568	0.07962880139752818	0.4659922713215853	0.08184352037669082	0.5290174359783569	0.0814335771390718	0.5063479200432199	0.4936520799567801	2.4659131695413303	3.0938859608204337
7500	2.4659131695413303	0.83	0.5485034677864317	0.08270381728891092	0.45095099065595456	0.0814528581462028	0.5328625097247885	0.0842308495122342	0.4724227927780928	0.08182788915552415	0.413536851515365	0.07495678672720842	0.5828965975995615	0.07893691338690098	0.5406943993932216	0.08074560695018654	0.450257996650947	0.08074695170891327	0.36529440290746595	0.0654496710755449	0.6322032340251494	0.06539626219190071	0.45216864534289436	0.08197458978401022	0.5473659629589025	0.0820241320383855	0.4798051879547676	0.0832519168365085	0.5197121782644935	0.08430445321216115	0.4863720332662966	0.08256204499979311	0.5291044867086564	0.08607775788350994	0.4500368555199305	0.08148521505843209	0.5561681880680696	0.07953081663429419	0.46575526696802105	0.08212029340363868	0.5285902779854171	0.08121393674320139	0.5062633262260128	0.4937366737739872	2.4659131695413303	3.0938859608204337
7600	2.4659131695413303	0.86	0.5485949632655958	0.08295188075005684	0.4521138244825456	0.0815542839110806	0.5322646255845704	0.08415794113158967	0.47424572835170736	0.08175597846348791	0.41297120285053407	0.07500427480436186	0.5829114381435377	0.0788166989367614	0.5415043088240378	0.08078232876845988	0.4498747764812571	0.08062834567309156	0.36542101549107653	0.06561488914052148	0.6330781507193993	0.0651149138811554	0.452581918911262	0.08209092929464148	0.5457648795797639	0.08259246587745034	0.4794618695789786	0.08338733752236421	0.5203656886574602	0.08429144362404815	0.4859215893877854	0.08255217356212713	0.5291771097383066	0.08606418616397524	0.4500849322235101	0.08156315089985176	0.5561029596271975	0.07931026228149422	0.4662356081020314	0.08222378836701442	0.5280191991411479	0.08133573830189446	0.5056549184639664	0.4943450815360337	2.4659131695413303	3.0938859608204337
7700	2.4659131695413303	0.85	0.5485463948829091	0.08275469979503072	0.4523734310779355	0.08149095608239378	0.5314369990600826	0.08433194705741265	0.4749325291916314	0.08180411081442043	0.41314010783973526	0.07511195181367994	0.5834493192281822	0.07875973362705913	0.5423885027019524	0.0809209862279439	0.4500721086819238	0.08057673167927203	0.36588489622740095	0.06554799659924773	0.6339137855925707	0.06509378939616312	0.45231747611784967	0.08216637217869814	0.5448760889553603	0.08242447614910217	0.4792002302099451	0.08334916109553557	0.5193200993887477	0.08423049846174316	0.48619298839607006	0.08251456698289336	0.5285870826677446	0.0860424868653131	0.4502574992552435	0.08156318918274275	0.5564173213160709	0.07951396439576121	0.46676086681847573	0.08227068150928889	0.5275435983884933	0.08126291949558954	0.5050623052959502	0.49493769470404986	2.4659131695413303	3.0938859608204337
7800	2.4659131695413303	0.81	0.5484570325839265	0.08281101962432105	0.4514722557173479	0.08146914904521858	0.5302181035712479	0.08451759535322091	0.4765687232924117	0.08194041301966494	0.4120152706319344	0.07493210044904221	0.5847653094241667	0.07862522293462076	0.5431881613758942	0.08073458992206428	0.4494782101355158	0.08058066788948708	0.3662785156935953	0.06568335818748504	0.6334930954743142	0.06505284072074591	0.4515760718317447	0.08220332751235807	0.545016390781805	0.0825964419972433	0.4795596086746342	0.0834565815127303	0.5191637238080127	0.08390404635913201	0.4857599507512315	0.08264377198919694	0.5276254198232841	0.08615673939448103	0.4513706149988005	0.08172649951489824	0.5566607300252915	0.07958640644719579	0.4663566600658918	0.08242028019816598	0.5268387111768104	0.08116935418157029	0.5052537160430548	0.49474628395694514	2.4659131695413303	3.0938859608204337
7900	2.4659131695413303	0.81	0.5484447829799893	0.0827269222002751	0.4515210484782566	0.08140170874974625	0.5289870879702497	0.08465563179634675	0.4778606853927611	0.0818552269276161	0.411739723074817	0.07495188381218257	0.5849181476974452	0.0782952576928279	0.543972415179428	0.0808965569472247	0.4488811335830824	0.08035254840848463	0.36700933889451554	0.06569065933181265	0.6336554024056699	0.06496040711037229	0.45153033638060275	0.08218921392195869	0.5443365823129055	0.08240254597786732	0.4795261274616013	0.083379945466158	0.5189908061645441	0.08377038806621107	0.48589197253595867	0.08280422413627238	0.5271979399251278	0.0861391959503701	0.4509249054233409	0.08172984893204877	0.5556125581553136	0.07974588294770693	0.4660684287823974	0.08253859685928097	0.5267757582793534	0.08111189644863251	0.5049342105263158	0.49506578947368424	2.4659131695413303	3.0938859608204337
8000	2.4659131695413303	0.8	0.5482864156910449	0.08279767127202	0.45194656187075516	0.0813307013956998	0.5285015891365129	0.08466024734751906	0.4796062947236766	0.08186384562867813	0.4116248627880448	0.07503994301350952	0.5849510580963382	0.07824651313620389	0.5447705980755645	0.08069540918835215	0.44854836517106744	0.08026137858914166	0.36726481261999977	0.06566244040532213	0.6340238670149433	0.06488751992344129	0.451179722870702	0.08201955610017733	0.5443628960978483	0.08218567767343019	0.47973069968714976	0.08335297020265625	0.5195604362722076	0.08371830896905522	0.48550160103880485	0.08287062963909284	0.5268686849244762	0.08589156360404417	0.45193790735360345	0.08184084985322324	0.5552031382646239	0.07972328475087838	0.466895041642854	0.08262012428351906	0.5272930423025861	0.08111716380170617	0.5063718140929535	0.4936281859070465	2.4659131695413303	3.0938859608204337
8100	2.4659131695413303	0.81	0.548931321123738	0.08240873165876209	0.45221864806648515	0.08139162816728329	0.527745668637766	0.08454778115621853	0.48040965197626384	0.08184470367564144	0.4112800584957599	0.07498476907522458	0.5850383281229771	0.07829748778406805	0.5447425329924361	0.08052406425080574	0.44738024824767353	0.08024147484796443	0.3669858904444116	0.06544930956009577	0.6339190109725258	0.06493533616107595	0.45109284459775	0.08214670677635692	0.5439082635707309	0.08220325466465146	0.4799603653942201	0.083521391396423	0.5204890214530737	0.08346526466274154	0.4858827438411427	0.08280083044178872	0.5265835491545716	0.08593029889406731	0.45222680213644734	0.08172903295500174	0.5539993870434714	0.07971938327955878	0.4667761086373129	0.0824924503563171	0.5267483471538645	0.08120923035888448	0.5069101678183613	0.4930898321816387	2.4659131695413303	3.0938859608204337
8200	2.4659131695413303	0.86	0.5491015572608913	0.08224639977609075	0.4514763878553743	0.08141727357973594	0.5269231889970397	0.08459944719794987	0.48083111121620586	0.0820000999567488	0.4112415220273621	0.07512797360136154	0.5861719796750109	0.07816375906686532	0.5453766624198622	0.08030326004801058	0.44720007469930906	0.08022711467277034	0.366858445361484	0.06534580617146189	0.6343899568136145	0.06485238537956628	0.45056178723054896	0.0821013135798658	0.5442456021975782	0.08223772605907961	0.4798518980790254	0.08339570495812798	0.5196192685850852	0.08355070985699387	0.48631697347050135	0.08267793382756702	0.5263288782568278	0.08586097764015624	0.4524323410653601	0.08174393072960237	0.5532823279821811	0.07969339178076697	0.4668783100890679	0.08261782258047966	0.5273366273046551	0.08141126947791114	0.5056070209653828	0.49439297903461726	2.4659131695413303	3.0938859608204337
8300	2.4659131695413303	0.86	0.5497110218667735	0.08201597893449959	0.4514114541744695	0.08131133974836441	0.527078679475581	0.08446532042909893	0.4816718977191738	0.08207466114232877	0.41058916777370325	0.07486624463709003	0.5856580284552756	0.07846714666498278	0.5457665570403254	0.08062478547435728	0.44709205602622887	0.08014843804248094	0.36710546604661776	0.06537375791761643	0.6347121203101519	0.0647574677838151	0.4504893494069842	0.08202151492365696	0.5436276184091774	0.08210952749452424	0.4801972103957548	0.08343868143479849	0.5192731503813852	0.08344519086032855	0.4862348500245143	0.08244768836371949	0.5260901273326608	0.08584421537476522	0.4524061670958584	0.08192818797398763	0.5533288868454372	0.07984841647144121	0.4669830956396297	0.08257965725545427	0.5272293283794	0.08116936307500855	0.5059007707129094	0.49409922928709055	2.4659131695413303	3.0938859608204337
8400	2.4659131695413303	0.9	0.5496892685325361	0.08216171534189443	0.4513710949786903	0.08112374696520866	0.526003523999149	0.0844564818252262	0.48224612502268377	0.08201120698492802	0.4095261450496734	0.0746513776852386	0.586726423450217	0.07822127637868981	0.5462545039895728	0.08064305632094429	0.4465623627563918	0.08006930409982534	0.3671334572911107	0.06533076942336277	0.6351990998741949	0.06464779476427647	0.4506132430215259	0.0822484014403781	0.5436118525559204	0.08199270107235263	0.4803388118830905	0.08338025291220084	0.5189130627861532	0.08342181317551761	0.48603574312336617	0.0821120329866628	0.5255286298818728	0.08589019186415639	0.45344049476438647	0.08187366920433467	0.552837513343244	0.07988761103685206	0.46699678948799167	0.08261890838402985	0.5259338574387824	0.08090759907612445	0.5058305568776773	0.4941694431223227	2.4659131695413303	3.0938859608204337
8500	2.4659131695413303	0.86	0.5495397907673808	0.08228759071144483	0.45207256314760613	0.08110941689248835	0.5245457124567365	0.08465022084850313	0.4825298728590061	0.08207647189942066	0.4090431591331622	0.07438056012125648	0.5863073697971076	0.0781127082964411	0.5458282386886015	0.08061389061803348	0.44631273274326055	0.08007398054413357	0.3664111971463444	0.06532849265307218	0.6354999204443074	0.06456984118515696	0.45021561319424974	0.0821921668779699	0.5438684796844774	0.08187596094076424	0.4806827101777059	0.08344656667503442	0.5189179244705776	0.0833112675664022	0.4864730857281576	0.08223816153408929	0.5261342621301843	0.08567635449395235	0.4536254232516725	0.08185509763661028	0.5520538722136652	0.080057021323842	0.46723466779413325	0.08261357013197027	0.5254470668083411	0.08088656158672033	0.5054092191909689	0.494590780809031	2.4659131695413303	3.0938859608204337
8600	2.4659131695413303	0.82	0.5496718195909936	0.08215109872284868	0.4524052423578541	0.0810892805350798	0.5232704047714497	0.08461166049048374	0.48324365137988967	0.0818641815614235	0.4092745822892398	0.0744245469027864	0.5868504405491474	0.07812154204178545	0.547177809459401	0.0807653736199947	0.4454196126480762	0.07992206751338249	0.36616019356903806	0.06525775939699513	0.6361522621187667	0.06434551920787553	0.4507678509574068	0.08206565958301627	0.5438601160303221	0.08184018341454469	0.48177234629544297	0.08347222205642946	0.518554915133876	0.08332592137867134	0.4872153818676652	0.08223600098287431	0.5259200658092241	0.08547852136514103	0.45354669739772263	0.08192642810679904	0.5512696177609111	0.08017732378677868	0.4678928575339709	0.08243892550722506	0.5247225940085899	0.08088632639252412	0.5054625755462575	0.49453742445374244	2.4659131695413303	3.0938859608204337
8700	2.4659131695413303	0.85	0.549649370988609	0.08218272135185507	0.4531135613578124	0.08103414174638272	0.5223340649147731	0.08463024165053906	0.48339615610061243	0.08204876870691931	0.4095301002420161	0.07436919443325767	0.587245273475233	0.07804447261277946	0.5477889007763386	0.08064827929757598	0.4458529212110359	0.07980930787912323	0.3661125354641478	0.06530127617188045	0.6364476338509367	0.0642935219314018	0.4501604813870222	0.08190138972151893	0.5442224634209778	0.08181238818345361	0.482724695723862	0.0835575249750812	0.5186280843934352	0.0832406184482989	0.4875709330027022	0.0823757722552669	0.5253559515875387	0.0853124103023632	0.45364728420127254	0.08210991208078045	0.5504881817419952	0.08025757126363503	0.468297882107867	0.08231972962193901	0.5244470659728475	0.08108488037025151	0.5044806985294118	0.49551930147058826	2.4659131695413303	3.0938859608204337
8800	2.4659131695413303	0.9	0.5499840819401738	0.0823003638202185	0.4535505444485592	0.08120200605370048	0.5225024925003056	0.08480606823160694	0.48394704550309914	0.08198481917676384	0.40876496180946514	0.0742616293470247	0.5874725392699635	0.07781215993955769	0.5484002678217186	0.08047957232474968	0.4456288520299217	0.07985978724741599	0.3658656999367059	0.06531919572801054	0.6371239005595463	0.06433087223388982	0.4501891506456769	0.08184306894766151	0.5447754306756727	0.0818027142359328	0.48286156069825265	0.08359217419258878	0.5182300044422855	0.08333911767361386	0.48720820110221275	0.08232110131498319	0.5250909943486256	0.08507038045166204	0.45447948221259266	0.08206906973852107	0.5503793166882045	0.08025966203414092	0.4689571046447421	0.08229020498357964	0.5239928946753295	0.08101176077963093	0.5032939572921399	0.49670604270786006	2.4659131695413303	3.0938859608204337
8900	2.4659131695413303	0.87	0.54971766733011	0.08252609869547453	0.45327828379512175	0.08110162581014377	0.5218368837144117	0.08492829304649482	0.483601690759597	0.08187525340905681	0.4086611279295783	0.07424475635033564	0.5866268241126361	0.0777470888126055	0.5492420410711257	0.0803411882546737	0.4441704963946737	0.07985838672498047	0.3655504208949911	0.06533658488510835	0.6377847797771846	0.0643720516046375	0.4502887542735893	0.08182096299985916	0.5444974989910703	0.08198411254548797	0.48301994420854666	0.08362415035696996	0.5189139722342643	0.08325424421027822	0.4873488978947438	0.08210419862205293	0.5256866969731329	0.08509089317764935	0.45455088856584697	0.08196116436440035	0.5503148453499168	0.0802884507740628	0.4693091807308642	0.08237215473824952	0.5240148562767418	0.08106020868264156	0.503032345013477	0.4969676549865229	2.4659131695413303	3.0938859608204337
9000	2.4659131695413303	0.85	0.5498232959616981	0.08272825303225875	0.45289369424196146	0.08098982807576968	0.5209410070552626	0.08488631269163661	0.4840060283126543	0.081891514572943	0.4087766418924046	0.07431003004807041	0.5871317832106332	0.07763208821479876	0.5499542647036558	0.08017497091195995	0.4431422710474657	0.07983294190218752	0.36556484403909617	0.06539624260441625	0.6374050113627063	0.0644636704081674	0.45100299859316834	0.08201796870587298	0.5439169445425419	0.08210534310445446	0.48352133468843594	0.08359005366198104	0.5189443026705501	0.08322508748925109	0.4868406476820052	0.08235896472004288	0.5248851211126856	0.08508161309538788	0.45374058119576843	0.08184543958467272	0.5503652134374613	0.08026558788758202	0.4689405442156479	0.08244304929330179	0.5235417329372996	0.08119906312842988	0.5037760995113283	0.4962239004886717	2.4659131695413303	3.0938859608204337
9100	2.4659131695413303	0.87	0.5501680243268521	0.08268285855407903	0.4533601681031794	0.08099481994458307	0.5204166933251785	0.0848877475328662	0.48472349804303433	0.08193726705316573	0.4079214840781982	0.07412857477202402	0.5874922522297927	0.07746175371164177	0.5507656447015674	0.07990982725498273	0.44331412939381243	0.07988359369292454	0.36534645358226847	0.06524120578968436	0.6375877890607478	0.06449072326253766	0.45191689286474396	0.08234381059644715	0.5438208058740542	0.08217259997270412	0.4846956419669894	0.08365000247536629	0.5191949578884653	0.08323296187919337	0.4868333567005191	0.08243568130331783	0.5250204506619504	0.08504132618024693	0.4536687196438273	0.08177425140463232	0.5504110723353288	0.08025225706740703	0.468842017083974	0.08236403806964587	0.5224773381777291	0.08135713318623625	0.5049428822495606	0.49505711775043937	2.4659131695413303	3.0938859608204337
9200	2.4659131695413303	0.84	0.5499116287301751	0.08269057027887386	0.4538735078425112	0.08093634264735614	0.5198852114712667	0.08498253776802993	0.48483919035617046	0.0821509210362457	0.4075224949039307	0.07406804503776176	0.5875566020332662	0.07730898904078574	0.5510442530255031	0.07994641102542811	0.4430637653071896	0.07991348121138057	0.3650739664257493	0.06525442724699304	0.6376443666523116	0.06447037629917482	0.4512791570857955	0.08243660094979262	0.5434818726618801	0.08229126151352743	0.48495785648925266	0.08359424046892784	0.5184521041887216	0.08329619961278174	0.48705377838928177	0.08230827617773386	0.525043059086503	0.08512063719497452	0.4546105352123756	0.08153568822903116	0.5497627312313155	0.08014779231655	0.46954090971074586	0.08241390918828087	0.5221648521955239	0.0813103542907936	0.5048891786179922	0.49511082138200785	2.4659131695413303	3.0938859608204337
9300	2.4659131695413303	0.78	0.5486285735962381	0.08279928234497079	0.4541868897352474	0.08082666332186769	0.5197019042012228	0.0848729918416116	0.4856362789348566	0.0822455263500208	0.40717788902790697	0.07398261380219603	0.5872731352082684	0.07711065520153307	0.552004037351433	0.07988618021023458	0.44171246495485533	0.07999330597526202	0.36510300502395904	0.06525288919214328	0.6377799852653002	0.06462447190619408	0.45210186298182947	0.08232634274530497	0.5437026727393257	0.08221579587771496	0.48515400596323	0.08354128310909327	0.5182600314556814	0.08335546384830142	0.4872023744724627	0.08218224002685517	0.5246759615766674	0.08525450734198724	0.4557228953837386	0.08158229187476106	0.5487720411395757	0.0804651239808455	0.4691699066837523	0.08253764224298929	0.5217399357349453	0.08143902535263144	0.5050515907136716	0.49494840928632844	2.4659131695413303	3.0938859608204337
9400	2.4659131695413303	0.87	0.5490382096334644	0.08277708159481414	0.4546534649845697	0.08086339176367091	0.51954130166998	0.08506544861739808	0.48642425677604884	0.08206041024038097	0.40699736692787525	0.07391651956425263	0.5881911326125513	0.07723619203060923	0.5534089770213667	0.07981892949465669	0.44085189920952406	0.07983676186548233	0.3656165380539489	0.06511024553059784	0.6379816018093983	0.06459951094003608	0.45263780113253405	0.0823888657738563	0.54295733045585	0.08218099193862169	0.48495789448689175	0.08347818392314874	0.518123469413855	0.08336514074744077	0.48631520437193065	0.08215858504701254	0.5245967037500736	0.0854558485718448	0.45588652743721814	0.08160694943279777	0.5483977586292135	0.08040071995554258	0.46864005525968455	0.08254538017189186	0.5219155345178192	0.08137232298498853	0.5046788600595491	0.49532113994045085	2.4659131695413303	3.0938859608204337
9500	2.4659131695413303	0.88	0.5475148879708991	0.08272276918876627	0.4546856261025415	0.08080705093743025	0.5188990357646248	0.08478655279223696	0.48607827242915963	0.08184080598195712	0.40683274880372633	0.07380773976297227	0.5887793010871649	0.07716250565765666	0.5548077836056072	0.07974659246944275	0.44101958346013	0.07980999289981927	0.3653683360206284	0.06516287984993281	0.638135429504885	0.06454310444538046	0.45302123788876697	0.082336855847064	0.5428398697977042	0.0821251266551056	0.4849868932595794	0.08358502045998158	0.517876203737459	0.0833374924932216	0.4865915459607595	0.08237399772834292	0.5246954441123112	0.08546479535981927	0.45593159808538924	0.0816087040393759	0.548471835543833	0.08039089678955354	0.4692234838428595	0.08270633900828446	0.5215045537234079	0.08135778604015532	0.5051557239057239	0.4948442760942761	2.4659131695413303	3.0938859608204337
9600	2.4659131695413303	0.84	0.5467694397122276	0.08284264700194734	0.45489382982258836	0.08067521351590545	0.518773004504687	0.08480179592344779	0.485742145553148	0.08182649075304774	0.40670775736058745	0.0737895874835365	0.5888132914660953	0.07704862731878144	0.5554137505351162	0.07963676078329236	0.4412654525326386	0.07965424203773304	0.36499333089284686	0.06518279037664165	0.638327106507314	0.0643590169158926	0.4532786702958764	0.08210630501729417	0.542337506275946	0.0818445458785465	0.485100022436277	0.08375911277039075	0.5176574965305649	0.08344944278667621	0.4866680502029418	0.08229523437143474	0.5247174269579417	0.08552280637139031	0.45591133969722847	0.08154397720820489	0.5478500463129283	0.08075764612707989	0.46888334872952153	0.08270273082436258	0.5217217565317251	0.0814362228347251	0.5048937942523949	0.49510620574760517	2.4659131695413303	3.0938859608204337
9700	2.4659131695413303	0.78	0.5460183543481111	0.08291902900100082	0.45558514714530496	0.08084330635929451	0.5184073667913227	0.08482120116233982	0.4859995935423148	0.0819327980195987	0.4055946944605101	0.07380047274320056	0.5886993916804558	0.07709881257065614	0.5562290601753402	0.07959258596219522	0.4401752379477417	0.07955193463366679	0.3649234321597721	0.06525612858090506	0.6379312556558927	0.06416451455558125	0.45386909484293825	0.08218653953717826	0.5425087207215474	0.08187303027091282	0.4856156502257569	0.08364070553095838	0.518127159247162	0.08331155564250219	0.4865646471455998	0.08248102262592134	0.5241786573977504	0.08558623743315615	0.4574160130866309	0.08178523374807803	0.5476449250188659	0.08084906236820344	0.4690869733575771	0.08268833291514566	0.5210682356629026	0.08148512052507317	0.5041220115416323	0.49587798845836767	2.4659131695413303	3.0938859608204337
9800	2.4659131695413303	0.85	0.545771443716594	0.08282646714911969	0.45612599012301963	0.08076412801870002	0.5182419765755047	0.08481774148667161	0.4865368610679811	0.08202028454301245	0.40548900310265273	0.0737726724272311	0.5894034257078389	0.07690320817470032	0.5565211419894283	0.07960275280139682	0.43947855499555954	0.07948477050247188	0.364367027304799	0.06519688081530342	0.6373991682053853	0.06427896142916747	0.45393623681915757	0.08211396089631837	0.5429516395411133	0.08201540015766727	0.4851044360651213	0.08362598104026076	0.517970623589761	0.08323216389228083	0.4859969936847907	0.08241617528793865	0.5237224465272559	0.0857325411029637	0.4574429389761735	0.08172153178438511	0.547326695449763	0.08080750643346314	0.4690679158630842	0.08264838756389781	0.5208066092882233	0.08137151263611699	0.5041819665442676	0.49581803345573233	2.4659131695413303	3.0938859608204337
9900	2.4659131695413303	0.89	0.5446555913966703	0.08280463804964663	0.4556135440868249	0.08052001406752224	0.5185419729820732	0.08486784640163847	0.48719057577630576	0.08192219978399261	0.40552564858826795	0.07380983472504152	0.5901726719611602	0.0769918410166997	0.5564693846999637	0.07958272703282745	0.4396290079327655	0.07947368485128103	0.3641102407294538	0.06500636670722663	0.6370797807407127	0.064133490876832	0.45362625812575547	0.0821385487012936	0.5426049887783665	0.08201956597229526	0.4851774587047114	0.0835744652171075	0.5184879351159781	0.0831462582326077	0.48678402996696946	0.08243611145309616	0.5240459559272894	0.08566847570563517	0.4572602352444941	0.081987546882577	0.5474359748164963	0.08075284438706616	0.469696514607013	0.08292623450944533	0.5201878381678419	0.08129175081000903	0.5043416801292407	0.4956583198707593	2.4659131695413303	3.0938859608204337
10000	2.4659131695413303	0.85	0.5444186856239277	0.08287068331716702	0.4558222406907606	0.08058311896604164	0.5177713121845288	0.08518675607175384	0.4878095840018689	0.0819225555058743	0.4058502845666661	0.07388149574875977	0.5906552503531352	0.0768773520995918	0.5576508849361892	0.0796830752506715	0.43951763428877416	0.0794556120764568	0.36441349033559706	0.06488515170883248	0.6372515055588689	0.06420829311741212	0.45431650424978803	0.08230355087210664	0.5429537887666155	0.08207271693135999	0.4852346631023017	0.08345761791123787	0.5183048251436047	0.08315113552260717	0.48681360772754345	0.08235661020940237	0.524139323915383	0.0856050737628747	0.4575407230206079	0.08206360372888771	0.5466574911398924	0.08067045706961438	0.46933188720542796	0.08276054225507908	0.5197277589523657	0.08130601175248837	0.5051979208316674	0.4948020791683327	2.4659131695413303	3.0938859608204337
0.8256435643564358
