DAG
attr0 has 1 parent(s): {output}
attr1 has 1 parent(s): {output}
attr2 has 1 parent(s): {output}
attr3 has 1 parent(s): {output}
attr4 has 1 parent(s): {output}
attr5 has 1 parent(s): {output}
attr6 has 1 parent(s): {output}
attr7 has 1 parent(s): {output}
attr8 has 1 parent(s): {output}
attr9 has 1 parent(s): {output}
output has 0 parent(s): {}
GlobalHidden_0 has 0 parent(s): {}

Sample	GlobalHidden_0	 Accuracy
1000	2.4659131695413303	0.473	0.46606541803421614	0.08386863368452054	0.5354480444271491	0.0848328560796723	0.5294257845386278	0.08681275935669945	0.48728129152537436	0.08204371238059814	0.467755683822132	0.07492918491926853	0.5125604173970576	0.08456960443855292	0.4329548054992866	0.08173832092624288	0.5596252180896768	0.0836614670463434	0.3801860585951185	0.07747334191885143	0.6066920822518107	0.07631491270835895	0.4227523329345234	0.08720595747690474	0.5988840093270325	0.07921581461244433	0.46158519468907827	0.08377632669044847	0.5208358120963612	0.08714075369241893	0.45557967302828034	0.08376505775898613	0.5358711823460097	0.08939070663240836	0.4162283381046534	0.08458116200974956	0.5912215357269788	0.07666782947196339	0.4376774429413991	0.08435319049380276	0.5561813908079095	0.07639242328384205	0.47310756972111556	0.5268924302788844	2.4659131695413303	3.0938859608204337
2000	2.4659131695413303	0.786	0.4925784595377054	0.08362399579895959	0.5086568208872059	0.08526373516289239	0.5362596878596121	0.08422270457343103	0.4676720869646755	0.08334995278969021	0.44551209389417734	0.07583003525052223	0.5343605482664797	0.0860437059718694	0.47912560461547965	0.08123030754249295	0.5282221224267102	0.08280820981037636	0.38248419983712406	0.07063431936121439	0.6171314218263899	0.07245217125870332	0.4296193452629864	0.08172850638154563	0.5882932918935885	0.07939734763579138	0.4666770125353256	0.0803887661663828	0.5391853310637801	0.0843005338978996	0.46890756079675827	0.08149772815077468	0.5449893033387123	0.08681534543886982	0.40950093238198887	0.0820792238464527	0.5862205642909727	0.07490110703515485	0.44240730165816056	0.08195784450868104	0.5490536050347814	0.07945707703979055	0.49800399201596807	0.501996007984032	2.4659131695413303	3.0938859608204337
3000	2.4659131695413303	0.783	0.5104079658231316	0.08419673281932065	0.490774674696499	0.08475452436334172	0.5534839439687808	0.08225061965470004	0.4613035367702129	0.08149428551148218	0.4425080020881874	0.0784060194551087	0.5514079705691426	0.08526788749498997	0.5053009910787201	0.08268038236665544	0.5021878682118982	0.08417790730577197	0.3764151825621085	0.06785619418804964	0.6231009086936768	0.06904705279251966	0.4354085068128109	0.0818826479717701	0.571758939335532	0.0809968593946941	0.46863555837747295	0.0813528347319258	0.5295892762979474	0.08346218746546023	0.473474095152601	0.08195074188571658	0.541082485311857	0.08573609271795729	0.4236808796638505	0.08129915983014202	0.5746551949278373	0.07659893429070627	0.44779092502692935	0.08129268430318103	0.5497163178648389	0.07884387193565229	0.5036617842876165	0.4963382157123835	2.4659131695413303	3.0938859608204337
4000	2.4659131695413303	0.824	0.5273085392350961	0.082970584595779	0.4759281097225991	0.08322563456342584	0.5530537058452485	0.0827905842074111	0.45237558124644256	0.08091168361803942	0.43493588305278896	0.07643822717017237	0.5604874315536503	0.0834060883721455	0.5139020064499717	0.08306926598965686	0.4896285369488986	0.08321799355283106	0.3742509669949384	0.0669873420075978	0.6298038771439919	0.0675116326012733	0.430157617913318	0.08063841665918263	0.5626904481805486	0.08006728495927672	0.4719242518193529	0.08115578356609757	0.5248872999488312	0.08401371949062696	0.47964458387928943	0.08278199982426623	0.5372159826496893	0.08721804469211787	0.4320308893181938	0.07973121525012614	0.5732007401680967	0.0769187813292294	0.45198873378050464	0.08122323446817407	0.5413133118175492	0.0810836835448425	0.5134865134865135	0.4865134865134865	2.4659131695413303	3.0938859608204337
5000	2.4659131695413303	0.827	0.5341879027401077	0.08248644616376427	0.46321452340359864	0.08278868395566909	0.5478024324674824	0.0827862204208893	0.4582355323686079	0.08118950301542396	0.4257708019047659	0.07552572468005597	0.5676780711213756	0.08157123841189272	0.5221994005406273	0.08338666454883482	0.4759905234201819	0.08157941542076656	0.3703814796607323	0.06644267196013169	0.6357142474378401	0.0657915735620481	0.43888308938963927	0.0808395318119291	0.5559088655185689	0.08023130270967328	0.4742119928372867	0.08205898169699599	0.523481628229455	0.08371299038236782	0.47926500127728017	0.08183396441978638	0.5343485712154453	0.08649566894755174	0.44038218905651794	0.08117878842245763	0.5684675651765971	0.07785505956730264	0.45544312412132876	0.08148882909082877	0.5347224063929958	0.08117461028972815	0.5113908872901679	0.48860911270983215	2.4659131695413303	3.0938859608204337
6000	2.4659131695413303	0.809	0.5400975756093855	0.08235345599685558	0.4550778163813733	0.08129956464182146	0.5412500215597243	0.08326577905553172	0.4641386737786112	0.0815497898783525	0.41933885852692276	0.07574833940072888	0.5744588807210756	0.08016985575250211	0.5321200044307498	0.08121419810823795	0.4666779920312451	0.08138599452273049	0.3688204816666621	0.06613765840374691	0.6359526788788624	0.06539799681880545	0.44317036160212075	0.08103202564649398	0.5518203118314113	0.08169030008321447	0.47661378287654727	0.08291052372534909	0.5201343875086978	0.08402932316666376	0.4827403108853625	0.08189981184747648	0.5329484846862206	0.08622957467485624	0.44679654025170357	0.08160815303554486	0.5636964765150524	0.07850188909376486	0.4593234358507721	0.0814570000677074	0.5317474983844002	0.08150017757870943	0.508327781479014	0.491672218520986	2.4659131695413303	3.0938859608204337
7000	2.4659131695413303	0.811	0.547791904438212	0.0828024107286841	0.4531647445650157	0.08110733771160158	0.5352080054912938	0.08363029793005412	0.4717321493977155	0.08167381257136985	0.4153564564528258	0.07510265993614926	0.5809467226710742	0.07941272923442043	0.5378475336404136	0.08036435303693841	0.4572688661384725	0.08111588419913944	0.3677386329594047	0.06557792621382623	0.6337141413493667	0.06552624170003622	0.4504407047843197	0.08196393106743832	0.5482090997098843	0.081634603093864	0.4795795093692514	0.08307053849110148	0.5182697592279207	0.08403047488188754	0.48619080906979784	0.08270998181871507	0.5316067338622185	0.08614173749544478	0.44929684641044493	0.08103136191461315	0.5570749368104531	0.07988061520103366	0.4634118256449475	0.08149454729960211	0.5295469150044072	0.08165867638042408	0.5081382067390063	0.4918617932609937	2.4659131695413303	3.0938859608204337
8000	2.4659131695413303	0.823	0.547233786659757	0.082604783073715	0.4524162981462991	0.08106284201895994	0.52853240045426	0.08451965516882828	0.4797077297774972	0.0817122733910842	0.41209478702894303	0.07495547257403952	0.5845877283506866	0.0780868364899559	0.544463111019559	0.08027177277824589	0.44963620497347556	0.07993230779382078	0.3678690093657157	0.06564746857693611	0.6334167830566736	0.06486132734754806	0.45066180622208996	0.08193848480116717	0.5447911321284544	0.08204731087047935	0.4796686776229378	0.08337662437982679	0.5196985772156109	0.08364443474916093	0.4855188591083473	0.08286281434118964	0.5269732309284275	0.08589220746819162	0.45156345347726795	0.08169346291539002	0.5556174239637827	0.0796506542060284	0.46657190639560103	0.08255669582159415	0.5276814415871338	0.08108732796927108	0.5063718140929535	0.4936281859070465	2.4659131695413303	3.0938859608204337
9000	2.4659131695413303	0.851	0.5488607180565465	0.08255733935603553	0.45329995966837544	0.08075335816880837	0.5210780221819813	0.08471942771286212	0.48408184447747526	0.08174252463623431	0.40920920260231525	0.07423193716636702	0.5868045997748685	0.07749178340741113	0.5496647883227664	0.07977998938600774	0.444145053032402	0.07953175020961119	0.3661413847448256	0.06538279321167731	0.6367974496017628	0.0644363650449277	0.45054163967274424	0.08194683016842919	0.544297190534582	0.08198451525718	0.48344020987636527	0.08360128985194808	0.5190691041990393	0.08316177457760082	0.48685062510751964	0.08235180642028515	0.5249775616167085	0.08508110741260397	0.4533901531175779	0.08171433831071548	0.5507967354235768	0.08018775817604226	0.4686304282724565	0.08238499352287584	0.5239179343687311	0.08116594255476928	0.5037760995113283	0.4962239004886717	2.4659131695413303	3.0938859608204337
10000	2.4659131695413303	0.84	0.5435999828840851	0.0826899064660876	0.4561762863367994	0.08036205419012131	0.5179361234591991	0.08503059464306197	0.4878694323107301	0.08177754315817824	0.4062587175140063	0.07380817792537127	0.5903393257173178	0.07674447100602155	0.5573501730417072	0.07928847489105208	0.4404419731174612	0.07918216116419784	0.3649448906809612	0.06487387171790665	0.6367133275160596	0.06418408220876598	0.4538754501376977	0.08223553927115948	0.5433052715275386	0.08196473717786819	0.4851562139489326	0.08346711403402012	0.5184205267736542	0.08309488334474681	0.48682444527036184	0.08235188372451867	0.52422616266885	0.08560488821116513	0.4571751205800022	0.08193973044047557	0.5470856628757076	0.08059299424034175	0.4690508318275956	0.08271022976652853	0.5200840062225832	0.08126787508705871	0.5051979208316674	0.4948020791683327	2.4659131695413303	3.0938859608204337
0.7115454545454545
