DAG
attr0 has 1 parent(s): {output}
attr1 has 1 parent(s): {output}
attr2 has 1 parent(s): {output}
attr3 has 1 parent(s): {output}
attr4 has 1 parent(s): {output}
attr5 has 1 parent(s): {output}
attr6 has 1 parent(s): {output}
attr7 has 1 parent(s): {output}
attr8 has 1 parent(s): {output}
attr9 has 1 parent(s): {output}
output has 0 parent(s): {}
GlobalHidden_0 has 0 parent(s): {}

Sample	GlobalHidden_0	 Accuracy
1000	2.4659131695413303	0.472	0.5021517975610621	0.0863992748623402	0.5050750556817971	0.09019768349743064	0.39356545133440113	0.08299755492219914	0.6170738397358473	0.07661096035326591	0.43340438472780296	0.08371260134138535	0.535462048569682	0.08291410254744619	0.3839374694955133	0.07854768162263266	0.6248026487512033	0.07413774487098458	0.4244296081173637	0.07822726777210769	0.5814376475161351	0.0826745768634122	0.4740878306768411	0.09197856960124781	0.5117239369676766	0.08499364193371134	0.49082842484719896	0.08721066253792074	0.5176604232351212	0.08256094137703313	0.4234590541495636	0.0812556516847533	0.5707838375780206	0.080572987146183	0.4504284577615123	0.08596689640227322	0.5586230754514839	0.09022928667577125	0.45012186432453294	0.08083597288972029	0.5826885086057185	0.07553513675451966	0.4721115537848606	0.5278884462151394	2.4659131695413303	3.0938859608204337
2000	2.4659131695413303	0.89	0.502734723440179	0.08309862152790846	0.5050474022515603	0.08912042929138238	0.3998479567789047	0.07827499175827954	0.6169564020927857	0.07618716749187202	0.45285205145814783	0.08427385488817139	0.5333449032966948	0.08254855207581349	0.39274948816826544	0.07600312346456675	0.606707227441568	0.07370753261763184	0.4196308435351851	0.0758916003530976	0.5894366005524793	0.07511106944140637	0.4690912350417163	0.08821580398258844	0.5138230408652165	0.08646961157686488	0.48601576234515964	0.08406812543015443	0.5218411897576066	0.08665314809338698	0.41879807756386145	0.07873227352530417	0.5771211529433529	0.0773018487306605	0.4527329897122657	0.08651086627125662	0.5569193164032746	0.08488836161476077	0.4372711163241572	0.07866953830071381	0.5824770444950657	0.07725835451183462	0.4935129740518962	0.5064870259481038	2.4659131695413303	3.0938859608204337
3000	2.4659131695413303	0.906	0.5082499479286889	0.08169774610649273	0.5075739021986497	0.08707382181417923	0.39650723807837723	0.07421953193523233	0.6100745005866415	0.07498587564408202	0.4599977277816751	0.08102096571405369	0.5296268243353028	0.08374759755369977	0.3992074615631205	0.07642014628323084	0.5924869817649422	0.07525762424372784	0.4104641662655503	0.0735277710583554	0.5980574177097638	0.0741915459984833	0.4728858838796029	0.08690406971210257	0.5232174397807398	0.08253413299639792	0.4918078179908382	0.08461086340188569	0.5137802128422299	0.08494541642784872	0.4207972179082356	0.07900477706973873	0.5748678111465666	0.07688929268797291	0.4540580575492492	0.08392751498092561	0.5547519833156566	0.08399548492441829	0.4420040167729901	0.07911166035307735	0.5787528152150949	0.07920463453431657	0.49533954727030627	0.5046604527296937	2.4659131695413303	3.0938859608204337
4000	2.4659131695413303	0.905	0.5039388389930929	0.08145311337892665	0.5076517500923028	0.08630958107685602	0.38808388907841285	0.07206736167723811	0.616109761198805	0.07327654163511242	0.45170563326371543	0.08028164985190314	0.5312209392260352	0.08370700132339283	0.4036445390201833	0.07598600708438953	0.5882259936561551	0.07466240295800217	0.4053757707858172	0.07397167140361845	0.6009443345030903	0.07320078306182504	0.4747235883034306	0.08615474284797672	0.5190232489450022	0.0814106778446813	0.4912203771860052	0.08321851433328707	0.5066654401660982	0.0857438708864206	0.42154330166073706	0.07876611493951026	0.5712676477654934	0.07681757724613583	0.4542010199391332	0.08283809314544496	0.5511739241600713	0.08302327029216183	0.4435164640393527	0.07908302550442227	0.5716586827779051	0.07918149771693267	0.493006993006993	0.506993006993007	2.4659131695413303	3.0938859608204337
5000	2.4659131695413303	0.929	0.5007852682747624	0.08210529771640093	0.5082735440163177	0.08556198552984451	0.38314829322768595	0.07090615536306707	0.6184769125845467	0.07048405311597772	0.4504035333784069	0.08042491552235166	0.5350246729390433	0.08232716152894196	0.41045697993523367	0.07700948087750294	0.5865026460447758	0.07653283521672666	0.3989351706467297	0.072573595761767	0.6009391434263597	0.07306810135056929	0.48026918365335575	0.08640858455980457	0.5162931482835433	0.08186263999364665	0.48783961913362844	0.08336839260215613	0.5041713056112006	0.08611196144889154	0.4222909796756398	0.07987307099580969	0.5745133766699563	0.07642074500047129	0.454705744255752	0.08271536118729263	0.5553475478752707	0.08226045201094971	0.4430496845425954	0.07883284405594451	0.5675202695181681	0.07973773707151795	0.49720223820943243	0.5027977617905676	2.4659131695413303	3.0938859608204337
6000	2.4659131695413303	0.889	0.49735958201866487	0.08177242062879207	0.5136160662338376	0.0850256035480916	0.3834049161688	0.07032956360765656	0.6178327544448392	0.07095886882122687	0.4516650163643564	0.08093282414152644	0.5376598824754512	0.0824288650214895	0.4142926101641276	0.0780213080769735	0.5836343647388266	0.07685933449353875	0.3991085048276812	0.0716384930189028	0.6072746067581328	0.07186132246529699	0.4796358349506759	0.08521010694718213	0.5154832902635303	0.08163624279630903	0.4914308302400379	0.08371420031626536	0.5087809955702369	0.08581685789417512	0.4279268205453751	0.08018638952193093	0.5703183585613747	0.07698554222523146	0.45272194071213095	0.08201300222680367	0.5547490541854986	0.08174760961743688	0.4391745327033914	0.07777704244814605	0.5653264968814395	0.08032374943314559	0.4945036642238508	0.5054963357761493	2.4659131695413303	3.0938859608204337
7000	2.4659131695413303	0.888	0.49392106392424967	0.08155328918890734	0.5152128581653832	0.08517870154285906	0.3880846128050334	0.07110471246408256	0.6153098735224158	0.07089218621235947	0.450237406343961	0.08112378818477754	0.5396146755287881	0.08159543902716625	0.411835578859616	0.07703966597456122	0.5860882061229762	0.07654141328699898	0.39849509855520426	0.07201022177613774	0.6067217597199375	0.07217325606864194	0.48071150535631724	0.0846945449769472	0.5129074303943375	0.08186763431603349	0.49182891682282154	0.08402767446030533	0.5091875263141684	0.08448995136889757	0.42849320164297744	0.07988755060196384	0.570945059200931	0.07791471490929118	0.4526208413007245	0.0819549306016874	0.5543182064555403	0.08226017574191818	0.4382317966692302	0.07850145818756203	0.5670677140872502	0.08000458883824194	0.490862364363221	0.5091376356367789	2.4659131695413303	3.0938859608204337
8000	2.4659131695413303	0.886	0.4884064004126106	0.08189124048237044	0.5174154460624727	0.08494359631112873	0.38946339592366175	0.07149703723259002	0.6117412459739192	0.07219114416975829	0.4481562230957142	0.08027287182235207	0.5443211917288193	0.08143367296122256	0.41037797450228997	0.07633405411027692	0.5868374359416924	0.07710858923896109	0.398583140037228	0.07281296435774984	0.6048450068928252	0.07210474396795463	0.4844994908920803	0.08435708688743801	0.5136778106091177	0.08274382401686148	0.4917200523888863	0.08418424059015232	0.511209533165971	0.08413055194309728	0.43032392233124017	0.0803546244418381	0.5703843461509392	0.07757496227471541	0.4534587992760733	0.08256886944600189	0.5536551581444907	0.08228312313172145	0.43989212520657706	0.07909572668579133	0.5704531596490949	0.07964092154303501	0.49025487256371814	0.5097451274362819	2.4659131695413303	3.0938859608204337
9000	2.4659131695413303	0.892	0.4847605746519722	0.08158605706981978	0.5226119665174462	0.0853303460654699	0.3902660214600357	0.07178734779180497	0.6100153788319764	0.07214741516317862	0.44845313147653076	0.08052801364628577	0.5422692992178954	0.08156773673496497	0.408463027611263	0.07618879065128367	0.5906345301485177	0.07723273220185874	0.4005414061121515	0.07298240198530442	0.6041443106904475	0.07245993256352569	0.4851887153192688	0.08389874738973101	0.5149993209903937	0.08279160233986453	0.49204732360965964	0.08427214295353692	0.5119911363446127	0.08361949764134059	0.4318617568342672	0.08013627156100407	0.5685395901509547	0.07768814733495025	0.45329591209021086	0.08245138840260267	0.5511488756086302	0.08201030931514959	0.43921910700471056	0.07902524201469738	0.5718415533025966	0.0791894448330922	0.4911150599733452	0.5088849400266549	2.4659131695413303	3.0938859608204337
10000	2.4659131695413303	0.875	0.48137114858596725	0.08154724181766068	0.5242421353346857	0.08538181117508478	0.39330338678022736	0.07278777736059835	0.6062126366251802	0.07285757261726318	0.44831273966995056	0.08039445435698347	0.5433984297599167	0.08124935418707623	0.4070732332603038	0.07552442705136776	0.5923736676238045	0.07650135019066166	0.4006754353048876	0.07297057528829513	0.605439199076296	0.07204074058478481	0.4828323448968483	0.0834226968907703	0.5141019697820632	0.08231671076501335	0.49186423741400986	0.08356170910761683	0.5135580952280457	0.08346676685381305	0.4326119928792024	0.08010187339374279	0.5651657426789528	0.07852999165500385	0.4523598854580278	0.08247179982104655	0.5492066548460302	0.0820550230668802	0.436603770619279	0.0787367228874162	0.5736637113256637	0.07951447259646822	0.49030387844862056	0.5096961215513794	2.4659131695413303	3.0938859608204337
0.7756363636363637
