DAG
attr0 has 1 parent(s): {output}
attr1 has 1 parent(s): {output}
attr2 has 1 parent(s): {output}
attr3 has 1 parent(s): {output}
attr4 has 1 parent(s): {output}
attr5 has 1 parent(s): {output}
attr6 has 1 parent(s): {output}
attr7 has 1 parent(s): {output}
attr8 has 1 parent(s): {output}
attr9 has 1 parent(s): {output}
output has 0 parent(s): {}
GlobalHidden_0 has 0 parent(s): {}

Sample	GlobalHidden_0	 Accuracy
100	2.4659131695413303	0.57	0.3828340343770731	0.10867121721444274	0.5372629881364804	0.12048756672381149	0.429202995673673	0.10203853897129027	0.493755033953207	0.14674795197928658	0.3896494265264721	0.1101135663756927	0.5807063226216426	0.1253613477819855	0.43616388249204646	0.09769882299718756	0.6305090098215134	0.12138696907214341	0.47608364539502857	0.11243867123173583	0.47371787138949645	0.12194923126333562	0.47082000782727684	0.11539984058024502	0.584011543191216	0.1316577449096008	0.4802078501321912	0.10973902748696371	0.49971059414334146	0.15627735883844945	0.41529770893387624	0.10916407626093373	0.6621674252764393	0.09009007516220077	0.4058337159380834	0.11794040181851582	0.5361212684009409	0.12900338568135847	0.43408504670508224	0.10313955329758365	0.5400589934330503	0.11547494465814871	0.5673076923076923	0.4326923076923077	2.4659131695413303	3.0938859608204337
200	2.4659131695413303	0.74	0.3843012312988993	0.09805536071116466	0.5524050424236113	0.09768762734842841	0.4685821928679723	0.10408181788872345	0.5086377215174214	0.1082711760121035	0.45650986957905815	0.10068668313793769	0.5716397889785809	0.09289861710617281	0.45179151481503843	0.0954283582349258	0.6196449891288411	0.09338434879224468	0.45781336457663463	0.09409575487225805	0.47702144157242343	0.10896090257354912	0.4479510536785061	0.09856957247374991	0.582334005108776	0.09478385339016765	0.4233472961760669	0.09348198918281146	0.533113359841085	0.12265950040169438	0.38681103203463285	0.08569971233033787	0.6268335397626437	0.07564732785992458	0.4401986223687829	0.10466262082297556	0.57607888437386	0.09737023374764298	0.4510053589096816	0.09369200176460604	0.522516499383508	0.09791277691060597	0.5343137254901961	0.46568627450980393	2.4659131695413303	3.0938859608204337
300	2.4659131695413303	0.84	0.37723712003234583	0.08902155902300886	0.5429947202678005	0.09166332271592234	0.48510579998879155	0.09809078234483555	0.5221409739091478	0.0992560906256764	0.43711009125491035	0.09026774955494198	0.564389925888437	0.0829494598601448	0.4613003736655056	0.09053800470494486	0.6042034445283901	0.08859871952613835	0.46036708966142154	0.08750645997589589	0.4963870542960773	0.10142297702042398	0.4461709825690033	0.08790452766460283	0.5976043261664247	0.08253814101050766	0.4376387790144132	0.09152235366283823	0.5411648621282724	0.10905017257898994	0.3822935311802395	0.08326229367791038	0.6056964618029563	0.07663988243047332	0.45198288160762706	0.09552473203701933	0.5774983307176692	0.0890664767081982	0.45680371040655793	0.08092028388908341	0.5051948834394406	0.09781145233596907	0.5263157894736842	0.47368421052631576	2.4659131695413303	3.0938859608204337
400	2.4659131695413303	0.89	0.3886710611704801	0.08897113313276946	0.5520590788556863	0.08460199075130574	0.4850673585514964	0.09624741702943501	0.5272749676260394	0.09714828609489856	0.42402246494214196	0.08420804295551713	0.5535671917650716	0.08063134233982813	0.46642309139641425	0.08639357895884549	0.5797518474257752	0.08793948889689425	0.469473241768964	0.08639734965170821	0.5107037085684417	0.09831116610702145	0.42346294764161313	0.08660474083903455	0.6095251262231552	0.07987163927122101	0.439251655045074	0.08856149145567113	0.5694588362441577	0.09905359938882487	0.3795297653146678	0.07958417194378276	0.5985393603647178	0.07462295940657505	0.45581493742402895	0.08998707016244832	0.5804657435510576	0.09107721380269158	0.4474940991028055	0.08234734046251604	0.49453756121669307	0.09811529642002145	0.5173267326732673	0.48267326732673266	2.4659131695413303	3.0938859608204337
500	2.4659131695413303	0.87	0.3919041580390014	0.08562435268098881	0.5647251046177112	0.08710488250568524	0.48462205768452055	0.09385959651647875	0.5289916983468538	0.09178606628303326	0.42146739919516124	0.08147568626725059	0.5589699121567888	0.08005914989167064	0.4602755146269547	0.08825367811435704	0.5754224708316499	0.0866717608133624	0.4681458668210015	0.08962147859147608	0.5097779088385371	0.09664170116274923	0.424144145629032	0.08321955524851819	0.5934867217200728	0.08129669114336326	0.4414590031765363	0.08595770918027733	0.5702140420218414	0.09594850930342237	0.3771400189058399	0.07605573872562008	0.6004503613166736	0.07605382374931738	0.4602207681872884	0.0893278041634491	0.5784740106798908	0.08900413757552765	0.46128158589543206	0.0824012212990351	0.4799398052373141	0.0944838394465404	0.5138888888888888	0.4861111111111111	2.4659131695413303	3.0938859608204337
600	2.4659131695413303	0.93	0.3921155980614688	0.08485984002136995	0.5756973291623043	0.08230176903260907	0.49116364982607785	0.09328515444454605	0.5279137445229578	0.09291248811167761	0.4182709518161331	0.08227633657106384	0.5483815061578414	0.07983353919299882	0.46333236694847907	0.08671748457398233	0.5719406107935683	0.08569600320202977	0.47105314716728314	0.08735598472146602	0.5151840181990637	0.09370576859768825	0.41674934728567	0.08219237034975398	0.6013801738003389	0.08147083685117323	0.4511346692992449	0.08477840936962633	0.5712120873091782	0.0902634005836179	0.3882901749253304	0.07514233052339747	0.5954259406309298	0.07538082386780458	0.44719324509968106	0.08626389866100989	0.5722565657855432	0.08840165102771548	0.4786045056513961	0.0830628828067278	0.4952424373871675	0.08980182842256652	0.5	0.5	2.4659131695413303	3.0938859608204337
700	2.4659131695413303	0.9	0.3998377682924083	0.08439583458468644	0.5839890400809025	0.08001701012947313	0.4881741065331351	0.09078264493206759	0.5326587554090348	0.09200351310557975	0.42000605706295885	0.08472771322005747	0.5562584075297008	0.07687341469935702	0.4723351464543208	0.0847842873678402	0.5739283153750545	0.08526493746613927	0.4565395757088184	0.08561581498368068	0.5218610378395313	0.09166652811369715	0.40215569196059675	0.07996394860871643	0.5966269639330555	0.0798975216416133	0.4438163712984558	0.08277874538317614	0.5559866393617784	0.0887361260833123	0.39665078000743953	0.07630908613556041	0.5835197143483515	0.07641153673367995	0.44139419916434236	0.08354454940880987	0.5615440292375988	0.08859650452593414	0.4810602843163341	0.08610399807706745	0.48114476398603995	0.09005982744213382	0.49573863636363635	0.5042613636363636	2.4659131695413303	3.0938859608204337
800	2.4659131695413303	0.86	0.3953754227029763	0.08093916364979609	0.5772747301113818	0.07727243662598661	0.483082715916048	0.09283053757131082	0.5236727243886712	0.09125171421904504	0.42830076257833255	0.08322110537486385	0.5523653439526286	0.07660835317781635	0.4662856771897255	0.0839970938000295	0.5713080216210833	0.08547104576188379	0.4521426448708265	0.084651670967977	0.5211167683423673	0.08969858528250521	0.39429865060008035	0.07864965919120011	0.5867020799120999	0.08210205229297225	0.44806245178534415	0.081848451447934	0.5564723433079303	0.08729476487144179	0.3938698100370545	0.07631594935453856	0.5905080028860669	0.07664995418875076	0.4481211652083232	0.08397817004003051	0.5558534127707324	0.08871822472071345	0.4828962236723338	0.08619168941732114	0.4871257897547404	0.09159619357072224	0.4987562189054726	0.5012437810945274	2.4659131695413303	3.0938859608204337
900	2.4659131695413303	0.92	0.4006438349607727	0.08017348614953722	0.5805791322729021	0.07719756479398945	0.47967164345449126	0.09035732265557783	0.5287946994685286	0.09091742806088521	0.4250774344503718	0.08356760823045985	0.5521831155943318	0.07479663671372705	0.4580720573548108	0.08194118292908617	0.5678943175273351	0.08670438840079558	0.4540242328442254	0.08467742319695795	0.5160474856999673	0.08719196653693596	0.3864783359078489	0.07715776553503699	0.5850445290604986	0.08053001470018292	0.44314191819208076	0.0832136045402241	0.5548862724987041	0.08593738313151676	0.40387455017748464	0.07787192159228422	0.5985136579558685	0.07622604019249667	0.4461296244366186	0.0853443458422745	0.5585964500685937	0.08683311972603579	0.4919655239968121	0.0840623116101358	0.4927624987872526	0.09152544334943988	0.49668141592920356	0.5033185840707964	2.4659131695413303	3.0938859608204337
1000	2.4659131695413303	0.9	0.39445852165515377	0.0795014580518126	0.5909326789943202	0.07699706678509172	0.47933937257452747	0.08874889334977833	0.5317511876023783	0.08868593904005823	0.42384678968285056	0.08183234977143078	0.5536487770873385	0.07634207156034938	0.45247521851251693	0.08258034911947428	0.5723006575580879	0.08442072038226603	0.4615920935078573	0.08486318052913572	0.5129533923938617	0.08577372040674515	0.39106643073049197	0.07675436836030698	0.5908123838494862	0.08144033664714626	0.44785464803285735	0.08354583202921441	0.5521915204754477	0.08726718998163413	0.40006343420170404	0.07816808000406558	0.5973949002226555	0.07515666821857082	0.4468710555099498	0.08455933949011168	0.5509664145910007	0.08545248490373136	0.4888345550630413	0.08590143129718375	0.4952726348609651	0.09086345005504612	0.4960159362549801	0.5039840637450199	2.4659131695413303	3.0938859608204337
1100	2.4659131695413303	0.81	0.3939022652690859	0.07959066420424853	0.5906396517092852	0.07597861989295869	0.4752182218491484	0.08793587421313039	0.5321357144814495	0.08891399174206335	0.4209477895993309	0.08198411914640283	0.5534004950847519	0.0778114439599057	0.45456538186239026	0.08380527920439691	0.5729098858906442	0.08323522879952604	0.4672831260932913	0.085441252120576	0.5146076867520198	0.08465039664155871	0.3958897104701023	0.07767447620539134	0.5770908651003153	0.08261584980441529	0.4480782803740537	0.0824070484136943	0.5549283148978135	0.08592884383774631	0.41203022609660905	0.08062517265747776	0.5975322334669312	0.07578157254424786	0.44760731550722754	0.08498631638876059	0.5493744657556907	0.08573276324460771	0.48997360283471797	0.0840250733956279	0.4946552795718572	0.08984413507529476	0.5027173913043478	0.49728260869565216	2.4659131695413303	3.0938859608204337
1200	2.4659131695413303	0.9	0.3944330859060875	0.0785962839297384	0.5937924564308972	0.07611515610844855	0.46717376802396643	0.08776824210492955	0.5401715169183627	0.08732167164528969	0.4242274569503365	0.0822465729054555	0.5585931365260025	0.07726697587126094	0.4522405340169411	0.08437976077252254	0.5707981010795697	0.08199397747154571	0.4699383764392498	0.08619152451396382	0.515725305856415	0.08484035600717028	0.39702875021848544	0.07712756981652297	0.5720316551389014	0.0823082543905686	0.4503915755595604	0.08262569160844846	0.5537996551918091	0.0839535510864472	0.4146317354366654	0.08042325433172075	0.5992415157172762	0.07637208433745203	0.45122366113099344	0.08308470388783008	0.5530375363500535	0.08445002304030017	0.49055040385656984	0.08274748726443468	0.4936272014257097	0.08849708637362425	0.4958471760797342	0.5041528239202658	2.4659131695413303	3.0938859608204337
1300	2.4659131695413303	0.78	0.39021146345095453	0.07623797061985416	0.5963283631097188	0.07607379762908562	0.46425570956222556	0.08711922467947295	0.5415139342151649	0.08649817760765424	0.4263468327927571	0.08250458486388806	0.5526816429028285	0.07783241027257028	0.4581377809073779	0.08406807148681225	0.5692998300685728	0.08236260226107578	0.4743705908812105	0.08541818994469767	0.5141288504974467	0.08459081262305893	0.40551827064870793	0.07704163588727773	0.5703366533035146	0.08264577537574877	0.4481074887646781	0.08299478671901632	0.5494989825234351	0.08379517272280919	0.41079956367136844	0.07910517617719598	0.5964231227328671	0.07553942270089777	0.45843557506021665	0.08344172150924369	0.5506077240067421	0.08520451607432286	0.4946963317810716	0.0821251079600345	0.4949895589941724	0.08935076822316697	0.5	0.5	2.4659131695413303	3.0938859608204337
1400	2.4659131695413303	0.93	0.39043494172717447	0.07473510148813227	0.603082511807773	0.0749127775953155	0.4613287729326874	0.08630635044699835	0.5453226701912145	0.08648815508850043	0.4272779969196854	0.08182294033984049	0.549666916792119	0.07827350000574279	0.458406341814238	0.08405176521333066	0.5642598852012412	0.08283254100846817	0.47524915058100814	0.08410008817935871	0.5195613776760802	0.08493543004214596	0.41000525412590577	0.0775494250528623	0.57388587957184	0.08207168665450222	0.442319682912287	0.08373743513789107	0.5542868639940449	0.0834375278041593	0.407051554329261	0.07815518491206119	0.5995230284409728	0.07458249553806885	0.45574731443004035	0.08348040244826924	0.5446728382832151	0.08518017798955263	0.48743781328145114	0.08219554868925072	0.4973889381995086	0.08823558653889953	0.4964387464387464	0.5035612535612536	2.4659131695413303	3.0938859608204337
1500	2.4659131695413303	0.89	0.38893926980870863	0.07426997809312272	0.6065569020145655	0.07516551211330141	0.46187246550031347	0.08551138547710868	0.5510735633453636	0.08547267527522973	0.4301853509009643	0.08126316466232927	0.5480278523343768	0.07851894769347251	0.458864121357726	0.08463182925303893	0.5649380731911858	0.08257522444116921	0.47584929366831336	0.08230881950749867	0.5174918308291884	0.08578126101723937	0.4123008455437691	0.07855553730204631	0.5757979334974965	0.08255283801312234	0.4426331700183415	0.08383789035185857	0.5562687129298785	0.0837334205108163	0.4090499341587158	0.078156210872491	0.6026668702702936	0.074050801422762	0.4532429678310954	0.08413781622310011	0.5439132335738567	0.08572736721621196	0.4862651036239505	0.08284649523532468	0.4993416298682223	0.08758464899360013	0.4933510638297872	0.5066489361702128	2.4659131695413303	3.0938859608204337
1600	2.4659131695413303	0.89	0.3912927394695742	0.07414467847325007	0.6080955592256931	0.07483456093227843	0.4621004782348965	0.08608246779376075	0.5558691173664558	0.08495496091593392	0.4325643666213489	0.08083379444528202	0.5490510615389175	0.07889900785690057	0.4580674241860169	0.08398071322637832	0.560853442868459	0.08390390271521929	0.47389846203008634	0.0824655865961425	0.5139980511078593	0.08559784233730543	0.4113256563841405	0.07741350937044235	0.5745839842856495	0.08286631254496711	0.4433057621200341	0.08341340264748076	0.559255045898339	0.08359868818808774	0.4078841479661971	0.07748036229911659	0.5983572721784893	0.07531260055861119	0.45274821291219897	0.08394159675689428	0.5441062729421714	0.0851458115129787	0.4874452724450102	0.0815099735793976	0.49945142077275406	0.08758831420732023	0.4918952618453865	0.5081047381546134	2.4659131695413303	3.0938859608204337
1700	2.4659131695413303	0.87	0.39068689039473836	0.07346499310648258	0.6119132169240247	0.07434823051664735	0.45962679049154526	0.08557579701293086	0.558831522241559	0.08493650389642057	0.43219210647717093	0.08051430128633634	0.5510623599681189	0.07884429671017182	0.4640203328793715	0.08447276324552036	0.5625659434666381	0.08340689062856886	0.46981138600061517	0.08132288528636955	0.5141256784077181	0.0854211273477132	0.4103971460935287	0.07706965505656746	0.5731989728249007	0.08232575796565317	0.4493089462937158	0.0835106911878048	0.5601540989824213	0.08330773156805894	0.4088546922530387	0.07742235359566497	0.590923057683754	0.07746493156241295	0.4563093472144859	0.08373533119857454	0.546956287989965	0.08438764732487877	0.4873098480317311	0.08127231495323925	0.5010555753056378	0.08694734660381215	0.4935446009389671	0.5064553990610329	2.4659131695413303	3.0938859608204337
1800	2.4659131695413303	0.9	0.39044191561183283	0.07362810709785737	0.6126643701585536	0.0740270812010615	0.4523908405766856	0.08461117560670638	0.5591523733391335	0.08451324862313714	0.4329679525981384	0.08025881553253529	0.5501454454302733	0.0801112506169599	0.4644762939917971	0.08423410102451422	0.5643494831186997	0.08327713894897151	0.4665834829931232	0.08121295230738793	0.514186280894616	0.08579663510042192	0.4114387855778006	0.07770192006373736	0.5778680664688938	0.08155780226654656	0.45000849899967627	0.08386461951182157	0.5598572810100212	0.0830902726883223	0.4119817201115422	0.07755838713887742	0.5865041374752245	0.07851306840665004	0.4547594793262978	0.08357824839523359	0.5472363734034622	0.08460623058521369	0.4895130119526524	0.08109427080502046	0.5015364445407711	0.08556688442751498	0.49057649667405767	0.5094235033259423	2.4659131695413303	3.0938859608204337
1900	2.4659131695413303	0.93	0.38650240320209034	0.07306940875736721	0.6152752904666478	0.0731658507970614	0.45196990903719586	0.08401820737299746	0.5591254947631442	0.084130485265488	0.4340421297780674	0.08014738543023185	0.5525246142885409	0.07983855667079463	0.46284836497067466	0.0845715509602392	0.5656187464039355	0.08319696344921867	0.46721567829952493	0.08024099037282983	0.5156531311223833	0.08536727670357575	0.41298929752832597	0.0784271589145079	0.5763598174177602	0.0822909040851219	0.4485342235802427	0.08394724374306387	0.561714199895323	0.08312320691950015	0.41785934046752987	0.07797016693353187	0.5889441585153642	0.07827417485409964	0.45051252310228196	0.08233819339299801	0.5463283508739131	0.08439409899091468	0.49307590223731096	0.08133164126814943	0.5016890841725506	0.08630517332981898	0.49737394957983194	0.5026260504201681	2.4659131695413303	3.0938859608204337
2000	2.4659131695413303	0.83	0.38435928209434406	0.07195011397146442	0.6148958763123707	0.07277141297155464	0.44880718537394343	0.08357566086532416	0.5626616331024641	0.08343633627126644	0.43810946503080067	0.0806058058483927	0.5506694665582076	0.0809439009186312	0.46160498005362527	0.08487532451871925	0.5668877239527556	0.08361291518134807	0.4679672950651569	0.08051171837509574	0.5154027984827799	0.08505785545926428	0.41222947192292864	0.07792368663816468	0.5770052147528584	0.08200840686097563	0.4522060143010363	0.08386523346128927	0.5585825912558817	0.08276547634176061	0.4223315155040596	0.07889404234859318	0.5890972712978341	0.07814531494886548	0.4517662689450564	0.08141888603669784	0.544859224379254	0.08376008871554652	0.4930765720406612	0.0810197697090698	0.5018223022679056	0.08567882742285154	0.5	0.5	2.4659131695413303	3.0938859608204337
2100	2.4659131695413303	0.86	0.3835963971725052	0.07160829968686064	0.6150133849106607	0.07244990169761534	0.44373361275513545	0.08258083585170992	0.5665562003771122	0.08298686500446062	0.4428504075553139	0.08094994386106466	0.5504917605748956	0.08042828516409284	0.4642435255243331	0.08477426810673112	0.5662917386755222	0.0831233158682198	0.468321560643593	0.08053203094213846	0.5170519778952593	0.08449917487618132	0.41646825105568397	0.07751203935862226	0.5768090870340239	0.08243533078313799	0.4541047394245829	0.08335136168828372	0.5609297853038835	0.08248064847503123	0.42385826533735244	0.07936850593431985	0.5863038908963104	0.07924804152927074	0.4492467653791149	0.08269743196165327	0.5431476872241175	0.08311860212628218	0.49189007713759775	0.07995834479041282	0.5022100257666631	0.08560595416514288	0.5033269961977186	0.49667300380228135	2.4659131695413303	3.0938859608204337
2200	2.4659131695413303	0.95	0.37968925348087884	0.07094451642781599	0.6197355664132917	0.07169849064517153	0.445663650586947	0.08209822714967104	0.5656958397643165	0.08334816462162539	0.44380899477325864	0.0806179524355503	0.5483476782680131	0.07958529991071255	0.46628203588396655	0.08428098009802983	0.5664694487346047	0.08227213295733751	0.4694301601798389	0.08053142177028812	0.5149906661237379	0.08405237455353265	0.41531237642795926	0.07846187388171286	0.5779011045370821	0.08267416537167799	0.4545083597199372	0.08282490335100916	0.5622420044334169	0.08209684598655942	0.4224595216199423	0.07948471183911611	0.5818001322350299	0.07929808742411107	0.4551645942409373	0.0834852572288157	0.5419877398840014	0.08286567805084717	0.4928459014623898	0.07992483051122526	0.5015775221673734	0.08506523262767988	0.5004537205081669	0.49954627949183306	2.4659131695413303	3.0938859608204337
2300	2.4659131695413303	0.92	0.3772358475067768	0.06964872754656969	0.6222158951644788	0.07122489997371138	0.44274279891665236	0.08208631373940858	0.5662083676817883	0.08259314151411819	0.44611311314292446	0.08203569720572837	0.5474663745845003	0.07956496211929415	0.46179089211323815	0.08380875409406333	0.5653609691640434	0.08213337215373039	0.4695675872817108	0.08154875990067058	0.5176068530875445	0.08312991365236622	0.41943152898625646	0.07836433759893827	0.578579770732479	0.0821924174789488	0.4539438645666235	0.08246565387349852	0.5620489329671163	0.08285398171534214	0.4235225348507245	0.07989906183821041	0.5809049195217919	0.07954930940326391	0.4577756132808079	0.08404170705899831	0.5424244569557577	0.08226953121855446	0.4925178533750094	0.07964578788374296	0.5019707934965697	0.08493660516712863	0.5013020833333334	0.4986979166666667	2.4659131695413303	3.0938859608204337
2400	2.4659131695413303	0.85	0.3768805457598528	0.0694382581554157	0.622577969856003	0.07115658707248564	0.44311644729262	0.08174281044490576	0.5647443557436285	0.08206936781684097	0.44621716024475255	0.08228508236405788	0.544998415391161	0.08064439433150669	0.46462130382501865	0.08358891028673841	0.5663099074805058	0.08215040134543537	0.4707374491915134	0.0819157579017969	0.5165303084905494	0.08292081717813639	0.42019859626193967	0.07860001378495819	0.5775588037978606	0.08231075227357545	0.45293938462431876	0.08321435882028426	0.5583758790319149	0.08313242887633197	0.42161492951637836	0.0799073975411763	0.5818896225509154	0.07958576919035439	0.4606076205942534	0.08379675118450773	0.5424134881981179	0.08263457041482622	0.4925461855664009	0.07936997540311319	0.5018963080240748	0.08448255476850935	0.4987520798668885	0.5012479201331115	2.4659131695413303	3.0938859608204337
2500	2.4659131695413303	0.88	0.3745350120452308	0.06887740111021516	0.6221760709633081	0.07137867572650072	0.44356698997877125	0.0810408031879814	0.5643445011069032	0.0822554389295711	0.446405964503245	0.08212364856162453	0.5451030916412923	0.0802616502872219	0.46759274977002196	0.08392440967227457	0.5671533707058402	0.08224692187362569	0.4705408044347217	0.08195094134422286	0.5153196860981191	0.08316087717473672	0.42277219636957303	0.078917046831229	0.5748741743446071	0.08299331339797483	0.4518281084266523	0.08352032943182922	0.5591978748399511	0.0824942919644164	0.4204348166130341	0.07928997094342134	0.5788536788882181	0.07968630772079703	0.46045207825233314	0.08352581545683214	0.5434297926887363	0.08324419865288941	0.4902668250140244	0.07948862787819964	0.4996475217662856	0.0842350255581241	0.4988019169329074	0.5011980830670927	2.4659131695413303	3.0938859608204337
2600	2.4659131695413303	0.93	0.37355268244166184	0.06886318835620095	0.6223942199710875	0.0708292390140658	0.4426983027936563	0.08079354983925208	0.5662206837155818	0.08231105679505442	0.44414297442096207	0.08163281170297387	0.544796831051971	0.08107311315629182	0.46708951260281084	0.08322597665900956	0.562543605311021	0.08308645325686581	0.4712659994125404	0.0818078772441129	0.5160474673192935	0.08320263543614959	0.42201412736616345	0.07944860435440618	0.5754487534687119	0.08241405821987245	0.4520684005894669	0.08359068257049627	0.5558575695073487	0.0825025557093499	0.42025142469887744	0.0791712301215446	0.5807702325943424	0.07937646310235759	0.46070567158242814	0.08429219640803247	0.5413703815200454	0.08379422244984672	0.4869649056767066	0.07956692877201435	0.4994638302044389	0.0840241183397037	0.49846390168970817	0.5015360983102919	2.4659131695413303	3.0938859608204337
2700	2.4659131695413303	0.91	0.37335655532921785	0.06871618413534512	0.6229683223032061	0.07033320030844951	0.4428624663465882	0.08075984674870385	0.5664284119855545	0.08223868777026834	0.4436294372129978	0.0810017222192052	0.5430298275099112	0.0816480036395364	0.4631469441898752	0.0831258074603234	0.5628234686735651	0.08272584088478854	0.4745597020097589	0.08210697882180854	0.51450522075485	0.08233864704435934	0.4244465152640171	0.07975604805411611	0.5758744355133439	0.08229922476517279	0.4532774953797162	0.08333822599086316	0.5581278600797385	0.08261859526932593	0.4198672469425705	0.07840608445690457	0.5820515267604293	0.07927649221729706	0.4608927825063486	0.08379703336419056	0.5403453033606895	0.08335870965696149	0.48643916373179985	0.07949379032601303	0.4970081067923812	0.08437079217126327	0.4996301775147929	0.5003698224852071	2.4659131695413303	3.0938859608204337
2800	2.4659131695413303	0.87	0.3696907171281195	0.06885743610531408	0.6251061441910107	0.06964926526467574	0.4454752028984183	0.08093109169634864	0.5698837171554993	0.08195883400318006	0.4435370209763207	0.08118167357495264	0.5412504456766903	0.08167581599274469	0.4650955654485828	0.08371106464867069	0.5607769186541144	0.08302072513359521	0.47379442134341415	0.0820535927278827	0.5128696429984362	0.08221636949281444	0.4242606963040835	0.07982995752384274	0.5742377043428303	0.08155349744489919	0.45504391909654884	0.08308487395311104	0.5572628334335216	0.08298656214456711	0.4219094855847931	0.07785310463603921	0.581505771261955	0.07923446814769254	0.460544892227255	0.08360755983807022	0.5391724321319178	0.08332240954880589	0.48635860975579454	0.08004419120789547	0.4976608122451858	0.08451913036732207	0.5010699001426534	0.49893009985734665	2.4659131695413303	3.0938859608204337
2900	2.4659131695413303	0.88	0.36678496433566066	0.06836226547577216	0.6279694483588111	0.06952083767939529	0.44708151621416986	0.08063998195314061	0.5694270340724789	0.08151539921821582	0.4430354961828801	0.0806769043111203	0.542825640501885	0.08105176302137092	0.467625441295895	0.08393185174609709	0.5609249494044762	0.08304285568291189	0.47356581490340804	0.08287000173581316	0.5110914629495436	0.0822844101627948	0.4254652519393447	0.0794179411925394	0.5711158430662704	0.08195893779170992	0.4543266661625079	0.08238027471563382	0.5573245811939519	0.08300525845454802	0.42216765668363676	0.07832116947063839	0.5799024796034162	0.07998087945726591	0.4616404501550211	0.0837044230623189	0.5414864479923854	0.08293669583116728	0.48724071633828314	0.07998462748928148	0.4984126043031921	0.08432286238514748	0.5010330578512396	0.4989669421487603	2.4659131695413303	3.0938859608204337
3000	2.4659131695413303	0.94	0.36436996048937315	0.06787717813345608	0.6302371430530026	0.06910137322905957	0.44756523191379227	0.08065566669811866	0.5693818549075422	0.08151674654680809	0.4435967040407386	0.08028959925554352	0.5433124166329896	0.08156571678155672	0.46778362283570635	0.08362878546756466	0.5620933379729346	0.08238633261849461	0.4720889365775701	0.08265078220995613	0.5126010787172262	0.08202194955551798	0.42767676907712987	0.07930949975000025	0.5702374343934986	0.08169246568687187	0.4543331916810822	0.0829558982634996	0.5558591471257948	0.0832316260088847	0.4233819359525237	0.07881169540439752	0.5792195516873306	0.07999734413873838	0.459932243040086	0.08353555753853996	0.5412141425957742	0.08304211548585703	0.4861444801933676	0.08088855120195727	0.5002021026245171	0.08379730495663444	0.5	0.5	2.4659131695413303	3.0938859608204337
3100	2.4659131695413303	0.88	0.36034108389763597	0.06751941020451722	0.6304297625498307	0.0687710601569859	0.44974149875387337	0.08023323666927636	0.5697599421325013	0.08150552891415719	0.44371958535654477	0.07995999047182618	0.5409887584084299	0.08175870239605657	0.4680468509979952	0.08380105770615265	0.5630208143330749	0.08194798169249692	0.47240018137771295	0.08219440107568804	0.5130806104246093	0.08244468260937325	0.4303992206504544	0.07963648365757671	0.5702953368050862	0.08178132840001356	0.45644713670761267	0.08260871078373164	0.5538771318149468	0.08352392103527193	0.4275389698780544	0.07922550213409246	0.5784149314780772	0.07998449727313399	0.4601870545430354	0.08320048671188258	0.5423641366652995	0.0828316036065757	0.48630256584665116	0.08074662149415246	0.4991599260668708	0.08399716005372754	0.5012886597938144	0.49871134020618557	2.4659131695413303	3.0938859608204337
3200	2.4659131695413303	0.86	0.36061467456893875	0.06741074749454362	0.6325687968549715	0.06819045593557539	0.45281440610769635	0.08091341171676239	0.5669767947525876	0.08231711615665925	0.4421847905418402	0.07964240760790069	0.5418846740870621	0.08154487262242475	0.4688764793928407	0.08366930614445102	0.561069938573589	0.08181101437115955	0.47374863420548197	0.082152853350274	0.5122351024396951	0.0824269910171201	0.43115259929691674	0.07964902869178424	0.5673533641184889	0.08184113128074076	0.4562124585891792	0.0822242071772534	0.5550196160734254	0.08298464321439909	0.4270977629412013	0.07903407241767595	0.5772270859653345	0.08002683986999388	0.45966658600495197	0.083254321687576	0.5421184848657389	0.08318889389040798	0.4850570090292628	0.0813754523756367	0.49967091593149515	0.08411503122664431	0.5009363295880149	0.499063670411985	2.4659131695413303	3.0938859608204337
3300	2.4659131695413303	0.91	0.35970635769042314	0.06706462847263998	0.634061398341935	0.06768439864134881	0.45482865254149063	0.08094774717721052	0.5658613306055856	0.0821539832118424	0.4431618965294227	0.07959844461216113	0.5404092477269986	0.08134670421500109	0.4699563755191369	0.08356685444824138	0.5608028774926569	0.08206403127746062	0.4755587520648151	0.08224860197666192	0.5151344367411834	0.08365735425587777	0.43572252924961435	0.08025034710370856	0.566298725110807	0.08161069518809898	0.4559731105289535	0.08225300797463667	0.5552929026493604	0.08332622422538867	0.42780619888995297	0.07929837382160156	0.5781207990779592	0.08031201757893724	0.4592624078415366	0.0832984804548823	0.5428951653534896	0.0827234066644671	0.48480442731043233	0.08135492139286264	0.5017910960566333	0.0839978619972012	0.50090799031477	0.49909200968523004	2.4659131695413303	3.0938859608204337
3400	2.4659131695413303	0.9	0.3581709963348458	0.06621085608200884	0.6355423002282161	0.06734654924799165	0.456571994758813	0.08130440318963382	0.5649341278302437	0.08212097562682527	0.44338824888586	0.07919316753385876	0.5411028315544295	0.08068053785486864	0.46855087339319745	0.08350768335701875	0.5586727956432934	0.08162178355916548	0.47592983153748436	0.08250387941574848	0.5134699374756	0.08353527032704908	0.43805314877993956	0.0800152616496589	0.5650685885928473	0.08228924045584174	0.4569250621933509	0.08262905812220195	0.5551502269716352	0.08312507195705504	0.4266189794473479	0.079221635863522	0.5780885876189873	0.0804835005919946	0.45925814350664307	0.08356888752524382	0.5435808239161282	0.08281710215413685	0.4855377381680974	0.08137626018782866	0.5019172149721555	0.08377028952136979	0.5026439482961222	0.4973560517038778	2.4659131695413303	3.0938859608204337
3500	2.4659131695413303	0.91	0.35853800715822504	0.06654206495425084	0.6386892947304944	0.06698674048255412	0.4551065802179472	0.08132007313275429	0.5621426649102885	0.0821625216651996	0.4429702375450126	0.07896179596144724	0.5399688418570084	0.0808517608666692	0.4670632632774724	0.08303739049500854	0.5563556294765573	0.0817653777770756	0.4763077447980633	0.0820975439254114	0.5128343054389897	0.0835591806121722	0.43789269866091673	0.08018101441227016	0.5642937530789376	0.0821473977623756	0.45498556617101027	0.08243289265814518	0.5544551782464681	0.082771505754122	0.42660356151028056	0.07929162119313726	0.5765108391005452	0.08026262926769957	0.4580095342138696	0.08328926996587782	0.5430070859585834	0.0832205499719659	0.48720814132645873	0.0813916405658065	0.5025111900654574	0.08399087305328926	0.5028538812785388	0.4971461187214612	2.4659131695413303	3.0938859608204337
3600	2.4659131695413303	0.9	0.3578218313009562	0.06617995362536355	0.6410969525567982	0.06659224456692785	0.4560066303992643	0.08147208102930467	0.560336786788208	0.08224025488759724	0.44055611038119763	0.07914448838408074	0.5392395156044214	0.08127165203884756	0.467697004362634	0.08256472445348438	0.5549786270378195	0.08201788507230942	0.47747714575992395	0.08242540588761915	0.5124334130259958	0.08354518037950226	0.4400020413375933	0.080478254194449	0.564615352115824	0.08201385701349025	0.4552823194147694	0.08242833308794632	0.5558339436433343	0.08219087925006213	0.42630864147131725	0.07939661819346516	0.5768929122852835	0.0797623132301379	0.45718156195256654	0.08316761320374222	0.5419662942556106	0.08364984209613537	0.487605456981187	0.08152690677985763	0.501944531784641	0.08387058689992517	0.4997225305216426	0.5002774694783574	2.4659131695413303	3.0938859608204337
3700	2.4659131695413303	0.92	0.3559748603387979	0.0653673009208161	0.6445120309535693	0.06610619416154875	0.4579223011700462	0.08194323660298433	0.5569900320752096	0.08223072008988026	0.4412594105795042	0.07881474604516142	0.5387072179113027	0.08123311543503847	0.4689497064833589	0.08227424421681735	0.5526828921569672	0.08215177891316727	0.47895219695412855	0.08272405517586166	0.5119153661179217	0.08401638804854321	0.4379273485252057	0.0804499742256831	0.5631898023775781	0.08233123461068866	0.45704714368692834	0.08248508272220317	0.5549581128423613	0.08205655429491128	0.4243468908548275	0.07931710773128217	0.576521535419644	0.07973001740645766	0.45934307787700335	0.08301228695549548	0.5407143859112231	0.08433231432029673	0.48875724370538065	0.08134405731453523	0.5022008357646128	0.08373161435415147	0.5016198704103672	0.49838012958963285	2.4659131695413303	3.0938859608204337
3800	2.4659131695413303	0.88	0.35676000518401896	0.06518873749122141	0.6451203640154459	0.06544708036753778	0.4583537515756166	0.08197411563333393	0.5567298119639911	0.08219578913214085	0.4436465279143173	0.07898585249883745	0.5389279290771356	0.08111938821815141	0.46865081669415015	0.08202131301474151	0.5546731126445067	0.08240545005658512	0.4793214112839144	0.08257930571440611	0.5128612766386133	0.08422384550660733	0.43781746225529256	0.08026922575135323	0.5629362499773367	0.08211636606866456	0.45708642624023815	0.0827508992956121	0.555210542518268	0.0819332152566989	0.4237321888626021	0.07970529058701975	0.5769514117535405	0.07933841001030856	0.4583018035509149	0.08277150881643179	0.5388023863419933	0.08435159173739007	0.49049551825488935	0.08146318149762748	0.5014238548274514	0.08340206533778517	0.5018401682439537	0.4981598317560463	2.4659131695413303	3.0938859608204337
3900	2.4659131695413303	0.87	0.35725066727244115	0.0648430923859032	0.6443517421264097	0.06512119390588626	0.45854483210061975	0.08207094707224902	0.5540183193172626	0.08208354670126097	0.444851195248663	0.07963168706565758	0.5373440613547831	0.08078151830437132	0.4685916688212805	0.08182523288567678	0.5541511534288683	0.08246817505848901	0.4805016232704739	0.08261063601777033	0.5122411560421913	0.08424050904146267	0.43797019344557014	0.07998045292663952	0.5630444305161317	0.08181577447773461	0.4560222061035627	0.08279036965260451	0.5543613135495745	0.08226250248297041	0.423219166527248	0.07992818925973912	0.5767526354262957	0.07979115405251946	0.4587731910758524	0.08288229480723122	0.5378906691262624	0.08423269062755932	0.4921594326472578	0.08181059299882537	0.5031453610718488	0.0831846746012787	0.5015368852459017	0.4984631147540984	2.4659131695413303	3.0938859608204337
4000	2.4659131695413303	0.91	0.35594780711151025	0.06451816852903143	0.6477727509049083	0.06472289281193724	0.4570226858282138	0.08252706523094205	0.55231713828982	0.08244190462250682	0.44529917017786064	0.07968818186796432	0.5376175042479038	0.08086082928584201	0.4689494719527839	0.08160399485217372	0.5543580523433993	0.08259419686046317	0.47961510534451	0.08256478188642324	0.5114858785112285	0.08399777129893597	0.43835598333330966	0.07979486827938133	0.5624875086623937	0.08158386698059149	0.45711439859485603	0.08277372996989271	0.5534781899195347	0.08250166009768033	0.4232055545299083	0.07970431142348486	0.5766383496313221	0.07953868878996906	0.4591720451877148	0.08310917929753142	0.535982768346202	0.08476034012944211	0.49204880994176814	0.08192592800404823	0.5025074154938733	0.08316854676052199	0.4982517482517482	0.5017482517482518	2.4659131695413303	3.0938859608204337
4100	2.4659131695413303	0.92	0.353391736726079	0.0642156150936082	0.6476880252182994	0.06405408036656231	0.4584495902246461	0.08296370511886524	0.5524040094862737	0.08198057901996443	0.4464203709069828	0.0798086675557638	0.5394700563220737	0.08117307041435722	0.47065128458990785	0.08161326773131536	0.5546216452108557	0.08291719778518723	0.48105189347733174	0.08248161529368486	0.5124788992753775	0.08430682455674593	0.4386628359898771	0.07985718913663915	0.5610956580358983	0.08157920248200386	0.45692759209883443	0.08281408205186519	0.5511180346651725	0.08242934261590397	0.4223363277543588	0.07969157785891459	0.5777624404769188	0.07972326401440913	0.4580728596215189	0.08312400020289318	0.5339612759765845	0.08461145797999123	0.4924249412873471	0.08231914056444847	0.5037902977136346	0.08322650470824798	0.49780701754385964	0.5021929824561403	2.4659131695413303	3.0938859608204337
4200	2.4659131695413303	0.84	0.3514905746625743	0.06351600944673218	0.6485519265739892	0.06373223830308969	0.4573878256680181	0.08319592460031552	0.5487320465248304	0.08252698622144782	0.4480599400493569	0.07982353118624558	0.5381927809621078	0.08081832848567072	0.47074454269294236	0.08143145797676678	0.5531535192556524	0.08303387694583476	0.4806110820748731	0.08228485538955795	0.5120824822114843	0.08432893354979212	0.4391214433927043	0.07976325898382797	0.5602763772768329	0.08162253823197967	0.4575524321390927	0.0826897400986849	0.5497864412364999	0.08284304842198896	0.42351024115075414	0.07972087323520002	0.5769489998376064	0.08009631109483109	0.45930078856500406	0.08297985285361217	0.533314245615294	0.08459879932649708	0.49243261816505746	0.08242005022058806	0.5041087113548391	0.08312746903476906	0.49881065651760226	0.5011893434823977	2.4659131695413303	3.0938859608204337
4300	2.4659131695413303	0.92	0.3497908721696473	0.06300727219982828	0.6499838825732952	0.06332913702526907	0.45952165531926437	0.08307904766026379	0.5483925277567647	0.08219511519475295	0.4487147956545586	0.07956431185222533	0.5390577090025994	0.08169132897609353	0.47291500867677255	0.08165658371801582	0.5518598753857513	0.08302699610879061	0.4824549060568548	0.0824157685695284	0.5120210328695288	0.08432210446265428	0.44118833659969003	0.07980691995303474	0.5598425892961735	0.08171493533382343	0.45816885443239513	0.08296085889004164	0.5493102125798335	0.08239036336417481	0.42413262975037697	0.080392404986848	0.576060793451724	0.08021944144956679	0.4592887859228729	0.08275382633967449	0.5341167202824025	0.08444695453831524	0.4921755653610503	0.08225528594169003	0.5043741795120155	0.08263652807907239	0.4983736059479554	0.5016263940520446	2.4659131695413303	3.0938859608204337
4400	2.4659131695413303	0.9	0.34847002147361783	0.06244173009643188	0.6523640823348971	0.06292334859628272	0.45973193426025843	0.08340050285663606	0.5481315356658121	0.08240831180394041	0.44719930208447844	0.07941263140663236	0.5394668184842143	0.08169928393986307	0.47143214333124484	0.08150251401356286	0.5520977257106854	0.0832420590998951	0.48266156469622856	0.08247001522462034	0.5115194788032594	0.08405144974770086	0.4412318563979454	0.07987765316439083	0.5584106561648376	0.08181723651186014	0.45892865864047816	0.08321281361085725	0.5474676637221635	0.08222774680160669	0.4244757376439713	0.08030682837605858	0.5748565885926386	0.0803259623437699	0.4604074676823058	0.08224457814867736	0.5352527439256732	0.08418940721651784	0.49118764730743153	0.08235223547864821	0.504907867988411	0.08238753171241599	0.49841053587647594	0.5015894641235241	2.4659131695413303	3.0938859608204337
4500	2.4659131695413303	0.93	0.34523442596329706	0.062107735191133905	0.6535423250309952	0.06251740143572569	0.46237256106959446	0.08341102452204822	0.5499102488617684	0.08241762565210871	0.44939362207908173	0.07947839091924794	0.5394075484152462	0.08182900586868692	0.47145786815451113	0.08149939884674184	0.5511818875428666	0.08321114435487913	0.4827282976948067	0.08255325272921057	0.51129605093385	0.08411957710777183	0.441572848889955	0.08013080254465374	0.559298066245551	0.08170627809859074	0.4593292170872653	0.08324507739052964	0.5487232489884974	0.08219499310077763	0.42574777688752363	0.08010763207369193	0.5747718249146267	0.08032702747037204	0.4602570327938203	0.08232866121104064	0.5353383701511377	0.08389301543282525	0.4911467528473878	0.08256383241450387	0.5066186459450975	0.08233089337324875	0.5	0.5	2.4659131695413303	3.0938859608204337
4600	2.4659131695413303	0.93	0.34425200239044584	0.061879276546596626	0.6540833293850664	0.06217994784898872	0.4636608800936534	0.08379991309959853	0.550521924406967	0.082233580896209	0.4502098939155123	0.07905444581934948	0.5375299484676187	0.08222260568850244	0.46994758898888067	0.08165243576670328	0.5502421982534199	0.08336431385631758	0.48395098265676567	0.08247542176069456	0.5115250393927124	0.08437753421312803	0.44167661800676933	0.08056540643129342	0.559735407721998	0.08166082644592813	0.45839878162452385	0.08300634172656188	0.5486297583350985	0.08195143668834672	0.42604973266828133	0.08016387745492592	0.5740621976924123	0.0804300880785538	0.4605296701937995	0.08213239314022101	0.5353266374400237	0.08371072384834209	0.4908612408625182	0.08250875154549059	0.5050979107244244	0.08228046998581048	0.5019548218940052	0.4980451781059948	2.4659131695413303	3.0938859608204337
4700	2.4659131695413303	0.88	0.3427540312186864	0.06138620985739398	0.655799066106969	0.06166079974062792	0.4652838520991406	0.08417768683533332	0.5498203039711439	0.08210624295070641	0.4506655901868788	0.0789157864841199	0.5389292402408333	0.08237371957165499	0.470631808970064	0.08208054469044311	0.5506988249524716	0.08326138948113902	0.4835245677438398	0.08258484403931407	0.5101749785955949	0.08418071890032927	0.44245824664254646	0.08043734861183673	0.5590058340301399	0.08161593421965241	0.4578059673576537	0.08348086778247261	0.547693687047403	0.08200825174165184	0.4264724913075376	0.08019512097535827	0.5721993894511213	0.08083468645780338	0.4610875226226258	0.08188645382551317	0.5344009488307025	0.08340258421991835	0.4919329944317633	0.08251682712748482	0.5054396778951973	0.08227986384422267	0.5027636054421769	0.49723639455782315	2.4659131695413303	3.0938859608204337
4800	2.4659131695413303	0.89	0.34237239493708965	0.061006718417924655	0.6576730389745167	0.061037409203529895	0.46701667472301506	0.08415727121965434	0.5499134261369444	0.08173120715264048	0.4509387136991056	0.07872587230639626	0.5397022460178588	0.08236276762824833	0.47028203657862133	0.08196362871621962	0.5507780475002725	0.08310860310798285	0.48447190441135324	0.0827323121649668	0.5101478439207672	0.08416650719542279	0.44182176569094367	0.08046060149236144	0.557365714399224	0.0817079010139974	0.4590048435123543	0.08346601913724057	0.5493377149660524	0.08211564070386025	0.4261317895880522	0.0801812270595477	0.5727734432942223	0.08063713518053398	0.4619461588763167	0.08178387833679719	0.5341997644684846	0.0832350808153112	0.4926594624904043	0.08295047539969154	0.5059371031699088	0.08225644817550233	0.5029142381348876	0.4970857618651124	2.4659131695413303	3.0938859608204337
4900	2.4659131695413303	0.89	0.34117612501716926	0.06085230550814481	0.6589944852237368	0.060920230761205924	0.4678797442952009	0.08414789330240718	0.5482805521908433	0.08188192115135481	0.4500413861454396	0.0788026306984135	0.539361220479112	0.08253851215155197	0.47039943217216873	0.08219837181183753	0.5501609525270056	0.08314455393150028	0.48589093754870405	0.08240003463860604	0.5098169305561051	0.08398996080412185	0.44198709915222867	0.08047274977234598	0.5568744100346625	0.08164312262152575	0.4593559662995892	0.08387990056074698	0.5486279701992443	0.08209362576221572	0.4266810844875126	0.08039060829173957	0.5724550860178131	0.08050567123237348	0.46236150632378464	0.08184767978063487	0.5347999604732204	0.0828002327705371	0.4932637425938336	0.08293408086397887	0.5061562893750359	0.08205413265894103	0.5030587275693311	0.4969412724306688	2.4659131695413303	3.0938859608204337
5000	2.4659131695413303	0.87	0.34025962285022704	0.06044752681183274	0.6602170686617089	0.060465977758177296	0.46859980189276357	0.08408809269267675	0.547297431020008	0.08200684434311156	0.4496116160214299	0.07858454756349005	0.5395056240610153	0.08264923135284306	0.4703459782308079	0.08225394660578593	0.5508858261271599	0.08289773509550731	0.4861032505449551	0.08222579572121998	0.5093678245965823	0.08432630269778638	0.4426197911425342	0.08063322921945897	0.5553349674655018	0.08179095984873005	0.4594038199229937	0.08383770608565283	0.548266320759695	0.08194871023713543	0.4275267032930965	0.08079256807211413	0.5716885197014475	0.08086080518028387	0.4625713641086715	0.08181672132376264	0.5351623483181868	0.08251928684717763	0.4936791480431729	0.08292220856585027	0.506565351365863	0.08221592765592177	0.5033972821742606	0.4966027178257394	2.4659131695413303	3.0938859608204337
5100	2.4659131695413303	0.89	0.3393538597257052	0.060184850295751866	0.66078386225318	0.05994827704163375	0.4684479115865385	0.08398848353594225	0.5468523355305106	0.08174447363628906	0.44905453443206905	0.07854627775711252	0.5389146866678374	0.08239095165832974	0.47054564926193526	0.08236808034437562	0.5500120832256277	0.08294013850806728	0.4858205016757495	0.08193986164773379	0.5095020100358995	0.08445744201815752	0.4437274787627709	0.08067213109123567	0.555115662410181	0.08197574696566017	0.45983655744779567	0.08368192076843607	0.5492840835535805	0.08195984800900412	0.4285866100845709	0.08060900545042074	0.5704886967573312	0.08091616905147027	0.46264249884966335	0.08170397475526245	0.5356583403118071	0.08210679451305752	0.49418273173285887	0.08308516800725538	0.5065904562436305	0.08205842817453429	0.5025470219435737	0.49745297805642635	2.4659131695413303	3.0938859608204337
5200	2.4659131695413303	0.89	0.33875828036281197	0.05979363012646491	0.661531970336799	0.059765639166116165	0.46968887092384515	0.08424228893628788	0.5451546240413339	0.08167361779404492	0.44862947933363156	0.07820896194040257	0.5384070505435739	0.08253496648754957	0.47018123615294793	0.08211360896558763	0.548502624384079	0.08351177372192524	0.4868797387216637	0.0818449501124003	0.5095063858062209	0.08439149406231945	0.4440382235706515	0.08091254864830653	0.5545103280256143	0.0817072541815467	0.46101057922768884	0.08337395252496192	0.5481460487892952	0.08205565110048273	0.4291618045053403	0.0805569168039041	0.5711912542270734	0.08105511234937401	0.461722781795832	0.0815246002075715	0.5337160364224417	0.08206984523850311	0.4936645003178615	0.08305559734277046	0.5068479492031096	0.0821591538264771	0.5030745580322828	0.49692544196771715	2.4659131695413303	3.0938859608204337
5300	2.4659131695413303	0.89	0.33759831367683235	0.0594598723649842	0.6634425055425394	0.059187778892370424	0.4702787291847482	0.0844953801163857	0.5441530055015303	0.08191626104016503	0.4495743260005065	0.07852500176711939	0.5393972138953625	0.08246288599041773	0.46991658234507055	0.08240009110140946	0.5475145273688276	0.08343664770967414	0.4863402382336782	0.08191693268332208	0.5087722969134959	0.0846584497962254	0.4442922892306521	0.0810830196155506	0.5525191769156504	0.08170780534271013	0.4620019848024134	0.08376003206949416	0.5473223655678888	0.08198558716744583	0.42889091802728757	0.08025479380204222	0.5706406199687997	0.08079423190396079	0.46221060368049977	0.08161230172394862	0.5340885752742393	0.08225778142053788	0.49511874994002136	0.08316237127767974	0.5060514051968558	0.0823077180366555	0.5028280542986425	0.4971719457013575	2.4659131695413303	3.0938859608204337
5400	2.4659131695413303	0.84	0.33696810847238834	0.05906841833047353	0.6648047319456475	0.05889633939652113	0.4707257580629861	0.08430133755136357	0.5433537680969168	0.0820522751064979	0.44945572869691663	0.07852153511665108	0.5400447943044898	0.08247616409522857	0.46971525880325643	0.08238563932288644	0.5490414339998648	0.08320329538691626	0.4869204868594863	0.08191186839697184	0.508334915387077	0.08441432383293627	0.4458629886816125	0.08106093659311006	0.5505578267286637	0.08199639873727749	0.4637666780084012	0.08399547670751664	0.5457093399179892	0.08230900812308178	0.4292217292357743	0.08020605123982354	0.569774632916973	0.08085629579986602	0.4624540091944441	0.08147435009666837	0.5324054327321933	0.08236631048655275	0.49446805544516714	0.0831900267254085	0.5053517546360187	0.08223327130419616	0.502220577350111	0.49777942264988895	2.4659131695413303	3.0938859608204337
5500	2.4659131695413303	0.82	0.33679316917028596	0.058924479780939676	0.6655798601958749	0.05863266156140458	0.4721101267197058	0.0843870952156824	0.5417030583025759	0.08195679560000292	0.44844227195965014	0.0782886264314339	0.5396415397338729	0.08234975264993488	0.4697008286527636	0.08221374781541231	0.549349344553048	0.08338016910688004	0.48640453234651226	0.08218338489392783	0.5094976161298403	0.08432289066034737	0.4469143377823937	0.0810946728899014	0.5491651231088602	0.08193704618062028	0.46297404631018824	0.08400962931299177	0.5451539185482709	0.082326082269306	0.4295604041347762	0.08004664246437573	0.569356526682005	0.08075783501195118	0.4636579310431174	0.08126004228898734	0.5331571801598918	0.08226910409686589	0.49400116311285347	0.0828582007165368	0.5047372403797499	0.08230006902311811	0.5016351744186046	0.49836482558139533	2.4659131695413303	3.0938859608204337
5600	2.4659131695413303	0.87	0.336286518506366	0.05863860563545885	0.6662111921243358	0.05850748979355373	0.4724498625563137	0.0844242746282097	0.5401486201919048	0.08168349659430535	0.45025308982342405	0.0785753295483806	0.5387297228961145	0.08237201435929184	0.4702237471191101	0.0823595869357348	0.5499507402086095	0.0834979257306958	0.4866361311287568	0.08201519980287693	0.5093856962658008	0.08457821422695733	0.4478506956379151	0.0808451569413722	0.548268225427068	0.08182557204619306	0.463087727312536	0.08415785125980543	0.5451088354960609	0.08252569786842849	0.4306957682303824	0.08014938559401823	0.5680557934774874	0.08104389670144233	0.4622127615235056	0.08130379482412241	0.5332544336332632	0.08198895403849528	0.49425023518943484	0.08280892417930374	0.5044635627551917	0.08250805340402437	0.5012491077801571	0.498750892219843	2.4659131695413303	3.0938859608204337
5700	2.4659131695413303	0.88	0.33610073561188847	0.058275885936231044	0.6671128740443116	0.058088049924800836	0.4734265767816786	0.08424530420147736	0.5382443229546701	0.0816888366875614	0.451506295002963	0.0789565843466648	0.5390071806551945	0.08263760782833318	0.4709066017648421	0.08214741286619473	0.5499053248983147	0.08358425001778864	0.48594208637517816	0.08178555167062285	0.5095216533114595	0.08474206515132535	0.44716140966817175	0.08104603718930317	0.5480976612449997	0.08165914707212613	0.4635747698125466	0.0839897231416175	0.545450340415113	0.08213802173281139	0.4313754360362417	0.08020064997450209	0.5669966340206553	0.08129289964731845	0.46316402622664066	0.08126252089043987	0.5332742221017074	0.08195309321025196	0.4945841767874399	0.08316292169453385	0.5034713518037246	0.0825684173890805	0.5022791023842917	0.49772089761570826	2.4659131695413303	3.0938859608204337
5800	2.4659131695413303	0.88	0.3357208105623413	0.05813449240474036	0.6681265347577412	0.057880393991278964	0.47366513205838573	0.08425886956764121	0.5351114235417577	0.08191762887722333	0.451296390778467	0.07895704626900577	0.5395926313573038	0.08260659822782679	0.47127084828710397	0.08227697105434698	0.5493956516030146	0.08363668271488632	0.48426817547463136	0.08182206876698311	0.5098112240169494	0.08434985515288664	0.4473328941608738	0.08127918470723508	0.5469670377566304	0.08174903001656547	0.46414042445990694	0.08412365392066512	0.5452460812194858	0.08207797101831311	0.43167128306668645	0.08003685660579081	0.5653872958820915	0.0814390170984074	0.46233485146628384	0.08145160255399608	0.5341187625219417	0.08194127856814781	0.4943886602506166	0.08311021926406044	0.5039687716206599	0.08272318153032338	0.5013783597518953	0.49862164024810474	2.4659131695413303	3.0938859608204337
5900	2.4659131695413303	0.92	0.33537749076815543	0.05793810822176987	0.6689990495523727	0.057582024391271254	0.47647250546777414	0.08457611811720962	0.5336844171337088	0.08183129603486501	0.45245360704145665	0.07920267763059882	0.5392860944393416	0.08233286700599046	0.4706894733095236	0.08231945347055451	0.5492659674315168	0.08356509141783895	0.4839011170575139	0.08190918143335141	0.510634837915911	0.08448486468605326	0.4465914628540417	0.08131770505059199	0.5478800368048387	0.08171646403751476	0.4637543643458537	0.08447019981460165	0.5456941167906386	0.08184657723578309	0.4310781817073408	0.07953620824977373	0.5649491709434994	0.0813616790485766	0.4632342812832154	0.08178619396359943	0.5342607204580926	0.08202489664267786	0.4931920031369066	0.08311805029451365	0.5049103855900049	0.08279355748106043	0.5022018970189702	0.49779810298102983	2.4659131695413303	3.0938859608204337
6000	2.4659131695413303	0.94	0.3343232116704528	0.05754842193188476	0.6699779534103806	0.05745207317964429	0.47751487729570136	0.08447498932421935	0.5326891322469827	0.08199464199807939	0.4540273480249207	0.0792651978669606	0.5394144378531461	0.08247089850084034	0.4695335555023105	0.08242909462680544	0.5486459028576238	0.08341891319494536	0.4834977302205495	0.0819806596387123	0.5106310765996517	0.08428661100923075	0.4469821682551793	0.08134287485362726	0.5473196063997622	0.08150698461348678	0.46364745032130716	0.0841949867464521	0.544173795008441	0.08209118153529726	0.43137334622133644	0.07909693564947935	0.564517064190611	0.08142866192680341	0.46429190845668356	0.0817418145525022	0.5345964242157857	0.08193321823064818	0.49257871857074237	0.08286610846095575	0.5041245316136602	0.08282197926726585	0.5036642238507661	0.49633577614923385	2.4659131695413303	3.0938859608204337
6100	2.4659131695413303	0.92	0.3332060664077309	0.05708318942265805	0.6711336692933516	0.05727213313392313	0.4780675326295442	0.08438136499395978	0.532021472513341	0.08205758234646023	0.45444114541109265	0.07943931938750233	0.5388795521398384	0.08267791760791163	0.46873160751564114	0.08237163823301076	0.5475100119790746	0.08343838425384298	0.4837898612791894	0.08187754239780912	0.510942263708852	0.0844074384923015	0.4478160782660326	0.08144147286389797	0.5464639644358114	0.08184081308335418	0.4646946918641288	0.08425156206899148	0.5436663503288648	0.08209478577917048	0.4316845008453813	0.07894347093354286	0.5635865133018119	0.08136854459791794	0.4637496776412081	0.08183599259218358	0.5342735213742411	0.08188722770001547	0.49350305134130074	0.08276117613727113	0.5048460270677053	0.08262205342760513	0.5034403669724771	0.49655963302752293	2.4659131695413303	3.0938859608204337
6200	2.4659131695413303	0.81	0.332580409758779	0.05677786738846031	0.6712021070280341	0.05728482847803049	0.47913809454276146	0.08443366756163401	0.5307514633300364	0.08182667865553638	0.4567919209482264	0.07959977925684139	0.5370816251411565	0.08276378025326993	0.4692325264649381	0.08228894737495997	0.5461387102386095	0.08362274345362831	0.48474930477256195	0.08228393592813316	0.5117549227633765	0.08438586648044824	0.44831973696763117	0.08149865863070044	0.5456254945241148	0.08197918501980563	0.4647728790333289	0.08437465328478054	0.5432975032674057	0.08184584736416037	0.43182559180737673	0.07896947368468252	0.5628730949558975	0.0814375062729796	0.4636164629127993	0.08198888817346157	0.534798005043462	0.08206936231978187	0.4939945784441358	0.08277735271379322	0.5040831098124678	0.08256537491013757	0.5038684719535783	0.4961315280464217	2.4659131695413303	3.0938859608204337
6300	2.4659131695413303	0.77	0.33236630249645993	0.05664292161900061	0.6714465104061819	0.05724009481354039	0.4789229329342431	0.08439827144511028	0.5292167616097795	0.08191609961156376	0.45716283749741976	0.08001004821554772	0.5363932709346843	0.08282248427185036	0.47038887036647714	0.08212908716885568	0.5459933298455073	0.08378096092436095	0.4841221722815178	0.08210852488299522	0.5113089934635145	0.08457331030301082	0.4493643636913719	0.08154134937226416	0.5467859667913473	0.08183393250483503	0.4654322709017675	0.0847959491808414	0.5429651719873556	0.08159548506337405	0.4311982992287727	0.07895940869337782	0.5613835192980671	0.08155139938545003	0.4649037589318018	0.08228110858860951	0.5348933861125162	0.08209799183396362	0.49415508620619064	0.08238409058556508	0.5037037488985197	0.08292436151328166	0.5038071065989848	0.49619289340101524	2.4659131695413303	3.0938859608204337
6400	2.4659131695413303	0.83	0.33184890907622744	0.056690323263828966	0.6717194377705571	0.05717112805300724	0.4795693699738239	0.0846384975391389	0.5266405116444479	0.08231111940290835	0.4581256262474304	0.08029014524486873	0.5374145034863314	0.082477623835624	0.4697597971164789	0.08192422671659737	0.5457416544543009	0.08369673189527081	0.4843886698901497	0.08241174415721769	0.5112254631131706	0.08450861526877401	0.4509142661853253	0.08135334782900731	0.5452610279872957	0.08202524222878863	0.465175206399533	0.08461116131054222	0.5428043687105503	0.08178726376028397	0.4314936930406502	0.07891241248596073	0.5609863327266162	0.08159028952087125	0.4641732372232778	0.08208550398300288	0.5347369433195425	0.08199477143014447	0.49376290378572535	0.08244544509495581	0.5038171508108819	0.08290850717858624	0.5040599625234229	0.49594003747657717	2.4659131695413303	3.0938859608204337
6500	2.4659131695413303	0.85	0.3313739148372197	0.05664139270313481	0.6723014236757342	0.05688507837699998	0.479976877632175	0.08451380213045359	0.5260129411038935	0.08209062101350155	0.4584913416051122	0.08053796450099927	0.5370933845881484	0.0825673979741357	0.4696597715443049	0.08174975153878027	0.5458294448904017	0.083555596211697	0.4848037526480983	0.08227114478314111	0.5105576801838941	0.08453008612407364	0.4513686158414525	0.08126022433687972	0.5440804690232055	0.08226421981731016	0.46575107309638236	0.08452961173893175	0.5419893242770778	0.08180626874032658	0.43246157889408815	0.0788664562799002	0.560499004730242	0.08157089090771585	0.4638387706738303	0.08215325979264111	0.5345609670813813	0.08178964547454383	0.4936496703194195	0.08244065802463767	0.502841678368921	0.08315814795579954	0.5046125461254612	0.49538745387453875	2.4659131695413303	3.0938859608204337
6600	2.4659131695413303	0.89	0.32981758601975697	0.05635626278742181	0.673309236430357	0.05671523534086246	0.48060803160152965	0.08469832871272809	0.5249933867412069	0.08224861340198884	0.4585967500099465	0.0804991433943493	0.5371276296067827	0.08228406696770763	0.4711052578896808	0.08168173692357218	0.5463191577115925	0.08353937533612218	0.48501232868267785	0.0821356799810016	0.5101759721277364	0.08472730200153375	0.45252115611713106	0.08149501662484468	0.5433472856683728	0.08254164413407608	0.4650770199480181	0.08448214208083421	0.5415851124379434	0.08173008194975398	0.43295301091081206	0.07889807290945303	0.5607501390398704	0.08161849134844379	0.4632797458122745	0.08211496398300973	0.5344685994338845	0.08153316170611112	0.49423997888545074	0.08255030721522207	0.5020875921460137	0.08342478133388105	0.505602665051484	0.49439733494851607	2.4659131695413303	3.0938859608204337
6700	2.4659131695413303	0.88	0.32917025172442954	0.05621989104585948	0.6743371916989991	0.05640969261035808	0.48251896043805104	0.0847454705013319	0.523488643305183	0.08237521840347495	0.45972081838608336	0.08057802029112358	0.5367265684888014	0.08235277895926106	0.4710228401845863	0.08156234434601062	0.5469525324544081	0.08347243416667421	0.48548316537947017	0.08241451388288351	0.5096057339877288	0.08490991812244451	0.4520248361266918	0.0814861159493063	0.5435047877824579	0.08260506875055587	0.4645861936851537	0.08451127792496815	0.5415884577177813	0.08213196611727278	0.43326372871563573	0.07892746093549659	0.559722332387243	0.08200094079535275	0.4636064290817706	0.08209120656221362	0.5332502997628625	0.08161553392839668	0.4935528097027228	0.08242159616918271	0.5019889691686524	0.08330840369324435	0.5044749403341289	0.4955250596658711	2.4659131695413303	3.0938859608204337
6800	2.4659131695413303	0.92	0.32879836369285736	0.05597119176443649	0.6748119986213147	0.05598230899967701	0.4828547897810967	0.08519866301801714	0.5224012481897693	0.08233205054639782	0.4610826400581819	0.08057675716123715	0.5366189430900429	0.0823932058133792	0.4707214928963443	0.08154715321821551	0.5472474595633487	0.08343026116571135	0.4852896589119018	0.08261049326732348	0.5094322428054531	0.08497771621659524	0.4517981322114576	0.08151794604576451	0.5424521404214343	0.0827109370284879	0.46475353207804493	0.08475618765438746	0.5416718489488934	0.08223349877973136	0.43376815950987563	0.07916393681370532	0.5593964846905406	0.08199465896250409	0.4641818500042537	0.08176714321140903	0.5335227395404251	0.0818181057141789	0.4932700260344558	0.08219809152521408	0.5019417684166728	0.08319743341668506	0.5048500881834215	0.49514991181657847	2.4659131695413303	3.0938859608204337
6900	2.4659131695413303	0.87	0.32757127388135276	0.055958851599418505	0.6762373429348509	0.055811070856902574	0.4835067059058196	0.08505121089855508	0.5222356502113764	0.08226831775881938	0.4612698960224487	0.08065219302406564	0.5371157776096426	0.08219784803464994	0.47104738808333463	0.08160943394251642	0.5462373394395081	0.0833764179753574	0.48599310568395937	0.08275876087458306	0.509379781703556	0.08492092055104647	0.4527532654001802	0.08160951933609019	0.5414917498928257	0.08283321039017509	0.46561806625673385	0.08480816145077322	0.5403418309217601	0.08242971301479463	0.43382859784308936	0.07932136203385533	0.5594085999476187	0.08196057290075937	0.4650567362134061	0.08197967444665642	0.5340520217049379	0.08200254473944318	0.49399027070950585	0.08220754131390154	0.5028951718292746	0.08296382744666257	0.5043453070683661	0.49565469293163383	2.4659131695413303	3.0938859608204337
7000	2.4659131695413303	0.91	0.32633313217142024	0.055783107295665976	0.6766125500240523	0.05555740523240604	0.48388325425545176	0.08478178402974038	0.5215174418271094	0.08225952271513355	0.4612182921775441	0.08075014717181067	0.536672081080073	0.08222449185498336	0.4707133984482165	0.0816687286126539	0.5456793512121539	0.08347602997247243	0.48613606907680107	0.08269031676260728	0.5092996469114224	0.0849780132050064	0.45249270329228136	0.08163128428939663	0.5421141475158548	0.08286793921616448	0.4667744827191258	0.08469158654263334	0.540151168962485	0.08242324256888205	0.4339264313881831	0.07956485531968391	0.560186223318686	0.08186526026250544	0.46632436250904213	0.08209162187203443	0.5341919258501122	0.08160564958183861	0.4942919256318666	0.0821331731976711	0.5029756206678365	0.08318217751465712	0.5041404911479155	0.4958595088520845	2.4659131695413303	3.0938859608204337
7100	2.4659131695413303	0.9	0.32522054262682715	0.05564337265024681	0.6783699671202916	0.055375614401860236	0.4853106113990932	0.08484437574893319	0.5204209810659193	0.0825004176122199	0.46070585084729215	0.08074347657020176	0.5356421989371216	0.08221089690888543	0.470583069591917	0.08154768622145894	0.5453832468776031	0.08377886988302602	0.4860908830713055	0.08252371438740566	0.5087534775843077	0.08497002180272954	0.45340676595312246	0.08160639533327713	0.5414578377489173	0.08302803133741968	0.4676190148330983	0.08485185231670209	0.5409160990888893	0.08240322781924343	0.4350114763654574	0.07981157309787534	0.559269640860631	0.08205416321117086	0.46714259716972195	0.08219798436198385	0.5334780841709218	0.08185799040328506	0.49472187841876736	0.0822854814986431	0.5033376322167957	0.08322507260421975	0.5049268018018018	0.49507319819819817	2.4659131695413303	3.0938859608204337
7200	2.4659131695413303	0.83	0.3254787934413067	0.0554929994246582	0.6793012413549528	0.05511084400592566	0.48741969318658435	0.08474978876278808	0.5191813240684521	0.0826083580893253	0.461958944089835	0.0808584423579494	0.5348633528691757	0.08224864003273608	0.470563307626921	0.08172291871898675	0.5458707708001003	0.0837377783584958	0.48738692766666825	0.08251798570620021	0.5089648036309108	0.08512524201190659	0.45335245425125686	0.08179592041833615	0.5409018990266091	0.08323788999230043	0.46787786732933356	0.08491544420457352	0.5415655791596217	0.08242013862112081	0.4366863898952067	0.07997509085822198	0.5580020419200796	0.08238579792938723	0.46816653349357445	0.08221478119399409	0.5347796766521196	0.0819790158664229	0.4947179452900146	0.0821201626537211	0.5024487916342856	0.08334609503520304	0.5049972237645752	0.49500277623542477	2.4659131695413303	3.0938859608204337
7300	2.4659131695413303	0.81	0.3255367764468512	0.05513559340783272	0.6797477680555823	0.05525419666674933	0.48930207165661055	0.08481219906187881	0.5179426508298971	0.08267937878164612	0.4610334049920316	0.08100556762368046	0.5342651449480993	0.08218514820218353	0.4711348559590649	0.08179112794648317	0.545188039694826	0.08341660391902093	0.4866722774541229	0.08230913233146148	0.5086841180693005	0.08513117028433377	0.45391104999791093	0.0816624567640114	0.5411625306365337	0.08323004204583039	0.4678723367109141	0.08488169241140257	0.5412802398290614	0.08234446203015655	0.4373846532254758	0.0802309200167319	0.5584670766456676	0.08227106687330454	0.46942954044518803	0.08221889693829373	0.5340179754507335	0.08213624238770409	0.49600028156601805	0.08242115946054515	0.5035011579100411	0.08318972638846826	0.5054764512595837	0.4945235487404162	2.4659131695413303	3.0938859608204337
7400	2.4659131695413303	0.84	0.3248980404651166	0.05487218182242408	0.6801788090445745	0.05514813110045008	0.4900664458221737	0.0845952182473859	0.5167935049202572	0.08281060002689584	0.46188370196796785	0.08143542016696365	0.5343037673371727	0.08191659917106965	0.47115750049024996	0.08212612946117347	0.5443088670438454	0.08359381131044433	0.4862687534012466	0.08222055564860067	0.508054556091405	0.08485610156004697	0.4543620460824207	0.08172762174368449	0.5413413141023665	0.08303310775224167	0.468741325570528	0.08482007224869172	0.5409463472193877	0.08274763560419664	0.43801940421107477	0.0800703887977452	0.5574896888257497	0.08214394996557907	0.468813298713687	0.08231760868482857	0.5338351716292645	0.082276357843936	0.4964055793697419	0.08226891449020682	0.5041870323628767	0.08304435988983272	0.5062128579146408	0.4937871420853593	2.4659131695413303	3.0938859608204337
7500	2.4659131695413303	0.84	0.32460266613673855	0.05486878972254912	0.6811776742233759	0.05487717157833076	0.4915498171115329	0.08460007313242117	0.5158916071660598	0.08295580336658318	0.4627754542463054	0.08129752285954515	0.534621540665104	0.08183773011072976	0.4723476550012447	0.08189536196062934	0.5432231961681753	0.08384559694607026	0.48616326380772235	0.08215106492452137	0.5079487556736296	0.08487059388150131	0.45525198197309813	0.08203613418842513	0.5407036816098323	0.08302669802654997	0.4687980038671633	0.08456922463370974	0.5417152144898925	0.08269812588118691	0.4380185281004401	0.07996985145770343	0.5573061293275406	0.08199822771254799	0.4693349674310888	0.08210484406000741	0.5340329622454847	0.08230513799507352	0.49634788199465635	0.08224117202517504	0.5035454974263284	0.08311245655437725	0.5071961620469083	0.4928038379530917	2.4659131695413303	3.0938859608204337
7600	2.4659131695413303	0.86	0.3236234895236392	0.054651055761817065	0.6810583078523605	0.05479307322096559	0.49239407498144766	0.08467503378636393	0.513998228776531	0.08334620322650402	0.4630403456399536	0.08116911254105276	0.5352396539239282	0.08190180529572352	0.4728833547145905	0.08184117191844967	0.5428852703652883	0.08388131455420685	0.48557589130823386	0.0821133904863094	0.5080280237701067	0.08507087414623095	0.45661177203391795	0.08215035160892543	0.5402198762902564	0.08286903031203847	0.46837739982555476	0.08449265056359752	0.5414855494236512	0.08252815310636301	0.43835399135495867	0.07997203457103005	0.5578242889609737	0.08202164965697475	0.46921763986742093	0.08231375363046939	0.5342704944119692	0.08231638639188317	0.4964311093150737	0.08206553134978872	0.5034103997416834	0.08314473712350223	0.5073645449763282	0.49263545502367173	2.4659131695413303	3.0938859608204337
7700	2.4659131695413303	0.83	0.3239539556100949	0.05463898898112747	0.6811152069112445	0.05456888981039819	0.49344393078828186	0.08465238524895846	0.5133646085121013	0.08354637795724433	0.4634598501792365	0.08136487877866337	0.535361654912561	0.08193433031404211	0.47291500588975965	0.08153395015351114	0.5426273249771304	0.0838590557942236	0.48673388475393126	0.08221575131465908	0.5083543513654724	0.0850649293348426	0.45682091020312937	0.08208254937276424	0.5400339598021168	0.08303041194298064	0.46795807919038035	0.08436826347725779	0.5410615247675913	0.0826396055973789	0.4380653523131516	0.07998501827419517	0.5572536396801032	0.08203732482309407	0.4690807013926855	0.08215001220621893	0.5337320467571613	0.08247794396921544	0.49581586719590665	0.08219010639946624	0.5037421308862973	0.08321403517550596	0.508177570093458	0.49182242990654207	2.4659131695413303	3.0938859608204337
7800	2.4659131695413303	0.83	0.3232566617130196	0.05440106827505248	0.6809003126544326	0.0545323615036993	0.4941707268689597	0.08457424806491938	0.5124120793644941	0.08356552044300374	0.46391081003194756	0.08131555788006925	0.5345279669470768	0.08207318090683671	0.47290192942266235	0.08145509809647934	0.5423894728940513	0.08383836325040897	0.48677509970109384	0.08215706462848058	0.5074343505033159	0.08507141294878008	0.4569282885431923	0.08207101098298494	0.5399041202084878	0.08295150414455352	0.46822865501165223	0.08426165314314847	0.5404921167601752	0.08276735671196636	0.4378160984967918	0.08014140042310265	0.5570275290382507	0.08208118243580065	0.4686178461434416	0.08208010872536121	0.5330883547721361	0.08250721650768054	0.4950794882731826	0.08205161627946074	0.5050539338991223	0.08323860288597183	0.509226037929267	0.490773962070733	2.4659131695413303	3.0938859608204337
7900	2.4659131695413303	0.9	0.32201046125828414	0.05417933989335482	0.6814813017558725	0.05431496017773301	0.49506172461522274	0.0846368141107358	0.5111816884812733	0.08370055214935868	0.46452304553897356	0.08145103698950903	0.5335706772269508	0.0822239863510994	0.4734770689457018	0.0815188259181662	0.5418147880995471	0.08400805417794005	0.48676512389047116	0.08222840242911214	0.5072424137236349	0.08520475993112252	0.4575637171081247	0.08199918108448741	0.5399916275550464	0.08292407742559772	0.4690420304181912	0.0842466631846201	0.5404677288609585	0.08273593105361857	0.4383073319821006	0.08035734451647351	0.557653400531699	0.08202018449154445	0.46902391501301394	0.08192736025131543	0.5332968192020927	0.08244110569126056	0.4951828064027472	0.08212914174913825	0.5048559452882162	0.08309584652479093	0.5093623481781376	0.49063765182186236	2.4659131695413303	3.0938859608204337
8000	2.4659131695413303	0.87	0.32082256337421033	0.053939145029424936	0.6819708392137802	0.054061087875763365	0.4951594098931355	0.08464201851481394	0.5096506580062619	0.08378146659910966	0.46538915548548854	0.08151361108968448	0.5343711820390672	0.08225717797979115	0.4737272306686163	0.08147162983501646	0.5415418919886045	0.08382303907524837	0.48768796802356895	0.08218924690740828	0.5080137562256047	0.08541621513864049	0.457173804778732	0.08204376515888118	0.5398361727766463	0.0829356717016866	0.4694194304780267	0.0844071724568995	0.5402950360915054	0.0829311434082374	0.43854428408722	0.08034509660902872	0.5579054252131472	0.08201528055737932	0.4683893470517831	0.08191155004967204	0.5326189318444339	0.0826455932453998	0.49550023468621057	0.08212051051578664	0.505659527150257	0.08311813914300038	0.5087456271864068	0.4912543728135932	2.4659131695413303	3.0938859608204337
8100	2.4659131695413303	0.93	0.31975673497330886	0.053845631725399766	0.6827259616190219	0.05384675426383142	0.49543849716584354	0.08465586184502107	0.50947908675789	0.08393001692749522	0.46536886263641447	0.08144647672143777	0.5337043247604027	0.08237170647970693	0.47371600859491075	0.08164298102381595	0.5413677039293016	0.08409468182521522	0.48792465979074906	0.0821472341192167	0.5074460030829276	0.08552046282138083	0.4581600090787776	0.08200937104788573	0.539264107581169	0.0829577160376276	0.47050925689222856	0.08443256304548433	0.5399350365322733	0.08278324298552041	0.43877833519815257	0.08021983791781097	0.5575317931075512	0.08213774607549636	0.4680660229648051	0.0820711594078045	0.5325218991039034	0.08272101982952852	0.4952067975367585	0.08212360791965224	0.5056669606896316	0.08316436571576885	0.5092546890424482	0.4907453109575518	2.4659131695413303	3.0938859608204337
8200	2.4659131695413303	0.77	0.3199263293880552	0.0538489176462016	0.6821987923411198	0.05371734443612257	0.4971502159604505	0.08474056104893976	0.5075290657124528	0.08404543220774434	0.4652782269913627	0.08144698397657671	0.5333451109824374	0.08246128412662854	0.47387590997125156	0.08165088732214319	0.5418500833205641	0.08395930718205227	0.4879526755818292	0.08217169746937324	0.5078778776896318	0.08543642278067762	0.45936785335494995	0.08225708050690228	0.5396522089172544	0.08300940564110519	0.47092188130558554	0.08439824406143717	0.5397388535276362	0.08258861725462392	0.43851670162422	0.07992068654788244	0.5566981966896558	0.08214472839608154	0.46808927648974785	0.08219326808253762	0.5325825338956622	0.08275718905334203	0.4960962515146308	0.08201332012678984	0.5053452494085621	0.08317625506520496	0.5086543149683082	0.49134568503169185	2.4659131695413303	3.0938859608204337
8300	2.4659131695413303	0.86	0.3197162176447926	0.05376564137519503	0.6821190510768501	0.05361004658674364	0.4979659352935452	0.0848435623726346	0.5066727988774284	0.08416674683919396	0.46472697305914373	0.08129513968411207	0.5331607692951019	0.08223774153510381	0.4741108489299536	0.08187672397799005	0.5419402477760695	0.08375698655889022	0.48783496358911677	0.08230939910314726	0.5066818429919298	0.0855227795005326	0.4590075060939184	0.08222075581050733	0.5388869043013159	0.08293833647432707	0.47073498741417164	0.08430743089116292	0.5397691246824823	0.08268095861895748	0.4388096176787126	0.07978686034580855	0.5565040315124802	0.08215676413518119	0.4685825898408902	0.08212166333972183	0.5330253386444239	0.08255567923566454	0.4968192086351635	0.0820740068310604	0.5045448632280379	0.08313104865939085	0.5090317919075145	0.49096820809248554	2.4659131695413303	3.0938859608204337
8400	2.4659131695413303	0.9	0.31947140538775337	0.05362411502194629	0.6824200693975371	0.053448187323275526	0.4985668916766675	0.08492217259411365	0.5054433277322947	0.08427072892964926	0.46527949442081235	0.08148158706952745	0.5326130434939691	0.08218478368202006	0.47466808597663096	0.08212485742568529	0.5417919271189029	0.08374993862635416	0.48771535636920665	0.08231472812824582	0.5060356043372498	0.08550378923359103	0.45827127969286685	0.0822275704385642	0.5387857286732946	0.08297485902148578	0.4704074476440806	0.08403988910847736	0.5395758087384752	0.08260875437632001	0.43831861389765037	0.07964541847214654	0.5562955428744112	0.08207461834985981	0.46861366873404886	0.08209791300282299	0.5338038285258652	0.08278137975340069	0.4967730792191374	0.08198454729612738	0.5038113508026725	0.08301987009640217	0.5092812946216088	0.49071870537839124	2.4659131695413303	3.0938859608204337
8500	2.4659131695413303	0.88	0.3193215767691667	0.0534124929861783	0.6828382579836678	0.053184188529080495	0.499097330792014	0.08492604920911669	0.5042117565262282	0.08443208212711427	0.4666012289967561	0.08161433345294714	0.5323102592284017	0.08226820978258562	0.4745499737190536	0.08228822626377404	0.541119427835743	0.08371222992790162	0.4875357677056237	0.08247669536803877	0.5066310674404112	0.08550080303809411	0.4584598866073401	0.0823258557768037	0.5386323876853517	0.0829188745411568	0.47059793136084416	0.08414302455685377	0.5394311017731439	0.08259279524221232	0.43846954607639277	0.0797547998278468	0.5563178936659433	0.08212123151150402	0.46842758297733206	0.08217442191485533	0.5338728006601119	0.08265317053203247	0.4967628269924336	0.08215333949484088	0.503159243795457	0.0829277160945947	0.5096425211665099	0.4903574788334901	2.4659131695413303	3.0938859608204337
8600	2.4659131695413303	0.88	0.31892228329783806	0.05309595231415598	0.6830186295062922	0.05317846275306665	0.4993961466443254	0.0848714122892788	0.5036429665679261	0.08464802409582343	0.46759440589525403	0.08147347374873071	0.5318689950814948	0.08215968121024393	0.4738244344774232	0.08229653929962204	0.5398189228071267	0.0838459964903543	0.48708346321544427	0.0824564486626388	0.5066039829700099	0.08550804398875711	0.45797064629433204	0.08214401776925859	0.5391054149523822	0.08295543151659607	0.47105725326296977	0.08395772571693051	0.539524096765921	0.08264395958024609	0.43857140471656836	0.07991591738286319	0.5559246536823447	0.08225285767287834	0.46836916870066964	0.08219757624797129	0.5340711527521109	0.0828709159400105	0.49749797607023166	0.08191949488210504	0.5032914267640342	0.08290754186897957	0.5094142259414226	0.4905857740585774	2.4659131695413303	3.0938859608204337
8700	2.4659131695413303	0.85	0.31856604166961255	0.052943683127061915	0.6833168485132459	0.05300836594934103	0.5008786615103054	0.08503482890280699	0.5026343139591425	0.08444830771921435	0.46745455127024305	0.08158705695547427	0.531743479650229	0.08217038228328426	0.47390819720270155	0.08226070988897154	0.5390920693014487	0.08399333719415472	0.4875158697429749	0.08236706652138402	0.5065722896481105	0.08551165309849637	0.45836171269652953	0.08218598569645068	0.5388789716064507	0.08283805915542629	0.47138411116979506	0.08395715530579684	0.5378096247325552	0.08294521029217986	0.4391765849221454	0.0798482173137582	0.5562047758763612	0.0821120089402839	0.4686731482502283	0.08212690756331298	0.5333048410988974	0.0829539071583416	0.49797809307621	0.0820131059492178	0.50322294801319	0.08281953749958387	0.5086167279411765	0.49138327205882354	2.4659131695413303	3.0938859608204337
8800	2.4659131695413303	0.8	0.3184781381067021	0.052923894540451835	0.6830054586439512	0.0531086567097013	0.5019862486431077	0.08491582577497525	0.5020875782170595	0.08442784295474934	0.46810060758420474	0.08174590798735255	0.5312536289360223	0.08220196458529097	0.47363391987333797	0.082291471568588	0.538521172611935	0.08402702207947693	0.4874519872321234	0.08229401459868149	0.5070836031654373	0.08560310973229311	0.4581166021480103	0.0820308006132348	0.5385268388019891	0.08265687014918051	0.47153958564844506	0.08393958822082125	0.53767910954166	0.08291278522440228	0.43911303139746394	0.07988996201140744	0.5555757432796977	0.08206622989862933	0.46886134643103994	0.08216303770764527	0.5334745923623178	0.0830343572660061	0.49844422740714595	0.082080571758528	0.5028560725859224	0.08270750914581983	0.5096547024079964	0.4903452975920036	2.4659131695413303	3.0938859608204337
8900	2.4659131695413303	0.89	0.3174430703880408	0.05271863964350208	0.6830509220037302	0.05299634988523923	0.5027076263091712	0.08505254709950809	0.5011803670893117	0.08420368984810717	0.468346077913405	0.08172586917743396	0.5316920486218268	0.08212377888806847	0.4739781496339044	0.08238305663330256	0.5384243459837622	0.08392656647325615	0.4873744587964946	0.08243149565012212	0.5063188544207147	0.0855455926196943	0.4582702953287298	0.08199577047932276	0.5388684260704885	0.08272556762134106	0.47154526954446113	0.08370712085919177	0.5370981649653893	0.08289768781342104	0.4407320040129657	0.08005151910997921	0.5554404788596017	0.08207728054688787	0.46829002481090193	0.08193030355144992	0.5339628674601117	0.08322207474177323	0.49822860025070626	0.08223079472885962	0.5027147862962802	0.08262348691849995	0.5102201257861635	0.48977987421383645	2.4659131695413303	3.0938859608204337
9000	2.4659131695413303	0.85	0.31700182428487683	0.05265477257505094	0.6833914064990017	0.05290351609491576	0.5038670594734945	0.08516520361118284	0.5005369891547573	0.08398773321163432	0.4683009391756964	0.0817997308913138	0.5316668490800568	0.08214068650963678	0.4737040354095548	0.08228125073904713	0.5380017273794744	0.08384753673010127	0.4868541856239965	0.08248854717352808	0.5064519278242489	0.08527053673344732	0.4583399106462475	0.08184169977169581	0.5380525748456573	0.08259374462882049	0.4713747058661752	0.08370499294533125	0.5372824355281379	0.0830149008339033	0.441212039994403	0.08005300510042362	0.5552490612075999	0.08206824473457111	0.46841221838999253	0.08195250906032146	0.5338472049724738	0.08313995600559132	0.4986411172845654	0.08254008887529696	0.5024437332116033	0.08243211284316707	0.5098844957796534	0.4901155042203465	2.4659131695413303	3.0938859608204337
9100	2.4659131695413303	0.89	0.31672031193076505	0.052505226948984116	0.6835598235385597	0.05267859017819502	0.5045083912949764	0.08510422261480569	0.5003435059277825	0.08368521322179873	0.4690762847685174	0.08173136369748153	0.5311239693931331	0.08232469709981947	0.47353418164944655	0.08237149948165484	0.5381464639213065	0.08379336581693655	0.4881383577410856	0.0824202567274262	0.5064034941086127	0.0853444483027895	0.45900061861302144	0.08186464710163775	0.537557492892481	0.08268903450001013	0.47109074194296624	0.08368819641840998	0.5378850443093662	0.08297287407630698	0.44164798350574913	0.08010909012432121	0.5543875990998735	0.08207247188031616	0.4684139663325879	0.0819064809798855	0.5337619534912498	0.08315899049471526	0.498983431073628	0.0824020032357247	0.5021908076484027	0.08252445496435165	0.5102152899824253	0.4897847100175747	2.4659131695413303	3.0938859608204337
9200	2.4659131695413303	0.81	0.3166250186469657	0.05250936583233299	0.6840046577973027	0.05251409280024612	0.5050827375005666	0.08503332406773498	0.4994819654840174	0.08378645626494821	0.46931908350577217	0.08178723182800743	0.5308629688458198	0.0821166939601214	0.47344288228283576	0.08232562301948716	0.5376670749054917	0.08366014436569676	0.48818761148542156	0.08229150568452771	0.506774633622102	0.08543745593579068	0.45867957661472597	0.0818797733633296	0.5368305419852889	0.08269670836035611	0.4711445714597996	0.08360703710065251	0.5374118628161739	0.08314773758769853	0.44186637549953695	0.08007592097116337	0.5536994340075322	0.08221325589482781	0.46891200040369674	0.08184485531698044	0.5323645748573124	0.0829936232493557	0.49844664497541896	0.08236124189777563	0.5021058124085591	0.08263740582641546	0.5091264667535854	0.4908735332464146	2.4659131695413303	3.0938859608204337
9300	2.4659131695413303	0.86	0.31586600622276473	0.052395812142008766	0.684262602260901	0.05228747278192111	0.5058112083859436	0.08497142889473926	0.49885939552931613	0.08377469897062319	0.46871090021115525	0.08178374903690008	0.5306425171208994	0.0821923942692479	0.4732809693385977	0.08232653873328087	0.5366883119540258	0.08375870795528871	0.4881454843942946	0.08216514850964837	0.5063405485823433	0.08548641128242286	0.45918336636655466	0.0819730254555582	0.5366345639673111	0.08266964435457616	0.471454298340532	0.08356258378394084	0.5378216785502419	0.08306357880931743	0.44260471424087305	0.08016827095862922	0.5529159904685687	0.08223142494132096	0.4694057330684718	0.08201816925529842	0.5313800074021406	0.0831032748872803	0.4993989542004238	0.08246193617016971	0.5012763010845579	0.08283910607416316	0.5085984522785899	0.49140154772141015	2.4659131695413303	3.0938859608204337
9400	2.4659131695413303	0.78	0.31544781363473906	0.052380760784898256	0.6845192462357077	0.05235969968978107	0.5060736853968236	0.08496210520850168	0.4975353415204212	0.08366730999282444	0.46874696423551976	0.08171298034564801	0.530694775700735	0.08203584206750518	0.47332170416306996	0.08246123412331197	0.5362129934239408	0.08390712010391196	0.4883734415559077	0.0820641547009725	0.5074290182612932	0.08543473512475633	0.4598139562690664	0.08204204120872978	0.5359458008569687	0.08260374616014837	0.4715869338125992	0.08340659979454094	0.5378265877955754	0.0831481983571094	0.44261352983693697	0.08020464988633402	0.5528233538431023	0.08241348877097804	0.46973855070159976	0.08197791741118649	0.5312201620791073	0.08310294518413125	0.49878437578597284	0.08246141538547215	0.5011767330663027	0.08286213863302187	0.5071246278179498	0.4928753721820502	2.4659131695413303	3.0938859608204337
9500	2.4659131695413303	0.8	0.3156918235253332	0.052372917747608584	0.6844094348469102	0.05218838466200805	0.5066984443963419	0.08476762419147471	0.4971517854135532	0.08369388731217271	0.4687048756880639	0.08179519597105313	0.5309128731301536	0.0821230858945987	0.47404378384732965	0.08258644360003521	0.5355878143063293	0.0841025653863831	0.48802657511330677	0.08193733731424957	0.5079765103550653	0.08534066905251357	0.46044487507396237	0.08198129365397279	0.5358540989731689	0.08247921691381212	0.4719757075866467	0.08350665736140633	0.5365920427951819	0.08330241567141637	0.4428721310732432	0.0802682283900148	0.5526528953393461	0.08243904017429966	0.46982902341046345	0.08197146271439863	0.5313806567039959	0.08304369617494477	0.4989157881230978	0.08220056456135708	0.5011729685035105	0.08287301730683404	0.5068392255892256	0.49316077441077444	2.4659131695413303	3.0938859608204337
9600	2.4659131695413303	0.86	0.3152447073496875	0.052295725322781574	0.68427774703946	0.05197966750584534	0.5069713215301582	0.08467224472884198	0.49535860722156305	0.08366154442238839	0.4684617927672949	0.08182522747283132	0.5309140878136831	0.08244964204412945	0.4741840952802644	0.08253506471848486	0.5345257812540946	0.08381193520930855	0.4876811542995934	0.08194450707723293	0.5084275558585105	0.08528559243914237	0.46047592130873394	0.08194230489989866	0.5355183733287349	0.0824142991039716	0.472287377338154	0.08357259214187776	0.5365602115416231	0.08324081067544441	0.44300411924069627	0.08029148529614324	0.5520753863026286	0.0823749104223081	0.4698902496170505	0.08200681197648743	0.530936570225202	0.08284578723568417	0.4988652109380384	0.08219568440551804	0.5017268370077494	0.08296565990091358	0.505414410662224	0.4945855893377759	2.4659131695413303	3.0938859608204337
9700	2.4659131695413303	0.89	0.3148198618514617	0.052020919690678256	0.6844404950972576	0.051855606665838994	0.5074016698124922	0.08463466842288182	0.49462766086788834	0.0836695582037557	0.4682344041001852	0.0819351968657207	0.5315763986724215	0.08264013814585526	0.47457791976018104	0.08270609862094465	0.5343016620904162	0.08364151848575635	0.4883691564867049	0.08173962098443827	0.5084448111912034	0.08531604203024347	0.4607674569435526	0.08214036860656498	0.536291258458927	0.08242750392068296	0.47197413263460036	0.0834931444531345	0.5369598026945032	0.08308457538881381	0.44342971397990893	0.08036837623309423	0.5518026505654492	0.08235829217949221	0.47005437915017795	0.08203578924979366	0.5303804154879695	0.08298659092934478	0.498778374434676	0.08226265034478582	0.5022976293539374	0.08309310612378554	0.5054616652926628	0.49453833470733716	2.4659131695413303	3.0938859608204337
9800	2.4659131695413303	0.8	0.3149851283594056	0.052040592904072626	0.684968181346497	0.051740903030221955	0.5079008431797757	0.0846379879391885	0.4938044461601469	0.08370687739264299	0.468456124687993	0.08203491688905762	0.5310168690154043	0.08266399306429922	0.4749605452298274	0.08268515877808162	0.5339926552970115	0.08356411399312415	0.48779851274301883	0.08159545010707575	0.5083330264997409	0.08533933655944609	0.4615181340713841	0.08241176824465785	0.5359459242317136	0.08231923098157339	0.47229188659924354	0.08355812686193985	0.536962710582721	0.08327690413667538	0.44333065652303005	0.0805358399600619	0.552136139260775	0.08231190896100823	0.46963249732928347	0.08199790618170734	0.5303239930561616	0.08288251849834373	0.49911119347622285	0.08224945511639724	0.5016938387970031	0.08311632101506002	0.505405956752346	0.494594043247654	2.4659131695413303	3.0938859608204337
9900	2.4659131695413303	0.9	0.31469833947383463	0.05190324921552259	0.6856006553236741	0.05161289090298143	0.5087640596047331	0.08451320103731563	0.493223614834345	0.08346464465023844	0.46887662265779745	0.08213813667355904	0.5304337472792231	0.08250686234212284	0.47441224340953175	0.08269988477650846	0.5337131972996362	0.08362569960400057	0.48788966253136135	0.0816060646446536	0.5079465768845663	0.08528190557329256	0.4619897933876567	0.08255567930303755	0.5362586755468232	0.082369461861928	0.47309036901867274	0.08349060756188578	0.5364963607458032	0.08338971745959205	0.4435872854519482	0.0806916540204233	0.5519340076424244	0.08239363719162113	0.469707404827354	0.08188479855401887	0.5295245776937629	0.08314480801915701	0.49872757777605975	0.08216446863049723	0.5017011235233448	0.08317354338458624	0.5048465266558966	0.49515347334410337	2.4659131695413303	3.0938859608204337
10000	2.4659131695413303	0.82	0.3153035202922796	0.051961218346690825	0.6856325717468297	0.05172171348394448	0.5101440006431588	0.08454087435958829	0.49256281986121253	0.0835525206496266	0.468406099776929	0.08200771912869645	0.5294159378126032	0.08265853008198237	0.47422306361899114	0.08281927096886989	0.5329751355262891	0.08373789593044141	0.48746213308376957	0.08151273882348377	0.5085598597310259	0.08522371884207909	0.46122894618236715	0.08240681295169168	0.5357615790076283	0.0825020178713515	0.4729402840900149	0.08353264704599367	0.5368290425828616	0.08333487616788128	0.44393404152529115	0.0808615737207405	0.5514228371293373	0.0824297529438089	0.46976297437323067	0.08194055058967771	0.5297342478259071	0.08320967409647909	0.49866074319992876	0.08208985182252272	0.5024845467371739	0.08317138099426702	0.5050979608156737	0.4949020391843263	2.4659131695413303	3.0938859608204337
0.8618811881188119
