DAG
attr0 has 1 parent(s): {output}
attr1 has 1 parent(s): {output}
attr2 has 1 parent(s): {output}
attr3 has 1 parent(s): {output}
attr4 has 1 parent(s): {output}
attr5 has 1 parent(s): {output}
attr6 has 1 parent(s): {output}
attr7 has 1 parent(s): {output}
attr8 has 1 parent(s): {output}
attr9 has 1 parent(s): {output}
output has 0 parent(s): {}
GlobalHidden_0 has 0 parent(s): {}

Sample	GlobalHidden_0	 Accuracy
100	2.4659131695413303	0.47	0.4704544191864048	0.1411428940423248	0.48383426298069815	0.12291618550662914	0.4256101595463577	0.12148558994992563	0.5387949568130461	0.11193365517982032	0.47780128300423874	0.1289818612735062	0.5617997423182395	0.10666907194732335	0.44320324602407896	0.12043331664899205	0.5228240839315115	0.115735968348798	0.5408930816139259	0.10980388946417793	0.47544131695421427	0.11359803933883152	0.4277160664657575	0.10990673438537332	0.4407910591789381	0.11294662738620392	0.42622427894254145	0.11626482147729227	0.575715144251249	0.08730247099741133	0.33690436540652136	0.09786108248771815	0.5604185516183221	0.11338090797579459	0.4247389241542192	0.13266870905200373	0.607988722203395	0.10216591353041922	0.3936773198233664	0.11728887080038072	0.5373124514644398	0.12589708688177886	0.47115384615384615	0.5288461538461539	2.4659131695413303	3.0938859608204337
200	2.4659131695413303	0.88	0.48680971970313003	0.108960904742219	0.5170787897463325	0.09814299041106597	0.4561273491393905	0.10150048008292532	0.5890210358433715	0.1003315785373263	0.4580420936859335	0.09846069664413153	0.5426996990585161	0.09373241474100012	0.45027261663680235	0.09819421654577226	0.5279968101942568	0.09916140728181685	0.5349386866923627	0.09633264624231459	0.4959998660620586	0.10287424327711939	0.42252579333545803	0.0989793877580785	0.46808037628432964	0.09848384076109716	0.4322884209075796	0.09284522216699066	0.5808368348712634	0.07503754903268343	0.36003665746903385	0.09322556075918793	0.5927533914220565	0.09453530545899201	0.41076396799162823	0.0930941639477884	0.6198337656378156	0.09258685712537443	0.4014035399590393	0.09666055387304275	0.5463123955554301	0.10483367934757046	0.5049019607843137	0.4950980392156863	2.4659131695413303	3.0938859608204337
300	2.4659131695413303	0.89	0.5078566275492091	0.10318241954894271	0.5494808172809412	0.09083641530832479	0.46101287463682783	0.09505223406943426	0.5741573013045124	0.0895508077233734	0.46037423928982385	0.09697996592820107	0.5623046787540017	0.08808659219408649	0.4647044269490582	0.09154424623726459	0.5657521216439986	0.08610399392629613	0.5235878183435798	0.09277623647377554	0.49571434715680024	0.09790757320285068	0.4077516763184493	0.09356311000506516	0.4987630225813419	0.09448884912170767	0.4080712029163222	0.08275720683945387	0.5848037995156364	0.07638604756902291	0.383570384088289	0.08408325036752175	0.5857192595627325	0.08307436384654796	0.41735748358685326	0.08789718428759642	0.6184746443570829	0.0842559845168749	0.40641620626964736	0.0957325388925596	0.5507971762139025	0.09765883781505699	0.4868421052631579	0.5131578947368421	2.4659131695413303	3.0938859608204337
400	2.4659131695413303	0.88	0.48151570082678	0.09770178994560365	0.5245812637276084	0.09219483841293331	0.4732669698242291	0.0929187722412603	0.5605963387879785	0.08977950300566956	0.43712767188528706	0.08721964557600526	0.5414302093466494	0.08805150583363036	0.4479289701379006	0.08820241133051712	0.5631914516863241	0.08513153985785063	0.5318245823246981	0.09418863100211408	0.48180244489617835	0.09338238717185855	0.4234564861054504	0.08434132739208439	0.49638391293352646	0.09283808327874861	0.38821133120816087	0.0796343868188645	0.5923965165504722	0.07818759297499668	0.4023816183191333	0.08452240457203981	0.5879971138355861	0.07854008700237941	0.43064331522935595	0.08702377672481755	0.6222789856958331	0.07761829968548963	0.4147580693612802	0.09077389199785629	0.5521377242748721	0.09358422647778235	0.4975247524752475	0.5024752475247525	2.4659131695413303	3.0938859608204337
500	2.4659131695413303	0.9	0.4859050615727355	0.0979041190798112	0.5280349783375634	0.09147838212088587	0.4532193249686457	0.09376882241352441	0.5660044726189905	0.0865247785331352	0.43642887981502615	0.08956894254270696	0.5370965756775288	0.08241426216470785	0.433982179875541	0.08376301004937461	0.5623861505699672	0.08251780429132803	0.5335227415648033	0.090942691852108	0.47864421915888883	0.09223076809766267	0.4292575933978834	0.08698043312499927	0.5097814527018337	0.09319749845769934	0.4005908797957077	0.07860663043430599	0.6011948753218359	0.07607235506455426	0.40641427973599786	0.08416131790643845	0.5820119392324556	0.07549456496140959	0.42821849394911754	0.08457794821264197	0.6134882191490828	0.07813801755598238	0.41777605174891663	0.08594925783393965	0.5619257676096117	0.09131349420977444	0.5119047619047619	0.4880952380952381	2.4659131695413303	3.0938859608204337
600	2.4659131695413303	0.83	0.49875289520905575	0.0974974564545292	0.5130340936423937	0.09153679757886493	0.4429482864487943	0.0923325996544903	0.5849245425515192	0.0843677956024919	0.44971429879473873	0.08905168689625186	0.535564303510596	0.08204681827502479	0.43513113383184365	0.08465981308170947	0.5638615007311933	0.08213503562033159	0.5249153302658613	0.09015259380022551	0.490095042095504	0.09256802465007426	0.43721825692965716	0.08553131090429822	0.515030377641365	0.09038198777956426	0.4136724328091344	0.07985283330004522	0.5933129964847659	0.07481757590822678	0.4130643572507359	0.08286539146402054	0.6029998510024575	0.07421554784995257	0.4161171526845724	0.08338385015312945	0.6158391669714944	0.07575421873293463	0.4325089509007289	0.08482341521788256	0.561476060351346	0.0899763674136001	0.5066225165562914	0.49337748344370863	2.4659131695413303	3.0938859608204337
700	2.4659131695413303	0.92	0.5061858337246805	0.0918132907444326	0.5084987403730379	0.08932763145264784	0.44336652753443395	0.08955826700385006	0.5872315227136821	0.08128318866149263	0.44606313879914666	0.08694549661607792	0.539501930623469	0.0826551238702116	0.4398608724226391	0.08221831954456366	0.5585296674072832	0.08153060630861601	0.5291439252937797	0.09048787263019872	0.48680888337815853	0.09130797000380406	0.4454167573005197	0.08285603458316754	0.5092904847076355	0.09109275999267061	0.4086461375510444	0.07805329499029622	0.5904836693584214	0.07405477661958346	0.4082498452015999	0.081640039627359	0.6049561171944213	0.07315160005137725	0.4209465386064062	0.08118563573349957	0.6131466624641893	0.07700316670103328	0.4426648897995061	0.08361208499150032	0.5495227790067878	0.09140489386839444	0.5042613636363636	0.49573863636363635	2.4659131695413303	3.0938859608204337
800	2.4659131695413303	0.9	0.5015862486623156	0.08965131433002156	0.4992709437404525	0.08801822529870548	0.4461848175114147	0.08759270370604898	0.5813800219419503	0.08067111281050482	0.4584418053936524	0.08805057794684494	0.5441138215998875	0.08371063628812217	0.43724582015710695	0.08264221606977717	0.552589391988676	0.08036254913283075	0.5282769897437889	0.0884043011623097	0.4838596597438389	0.09040053514846173	0.44602765338230227	0.08101480169769432	0.5092467463731493	0.08937026041441877	0.4110376513755408	0.08066688498636883	0.595173734332394	0.07318141568136323	0.4047163012880166	0.08088569289610971	0.6124399426437668	0.0715686580153837	0.41735731955265276	0.08199619538742675	0.6103591383813545	0.07641671005744471	0.4382461200384395	0.08210122565580011	0.545921523720523	0.09031676055599826	0.5024875621890548	0.4975124378109453	2.4659131695413303	3.0938859608204337
900	2.4659131695413303	0.85	0.5039865132265843	0.08883135471052588	0.4980128358912417	0.08815788325299638	0.44372175497731664	0.08586330702269848	0.5744089980170458	0.08020082541390243	0.4633178440544066	0.08938485985085941	0.5333163699194877	0.08343739554764269	0.44561966564227545	0.08306206593938248	0.5622418923930014	0.07940758555119286	0.5328132369067543	0.08842844280770486	0.4813955506950941	0.08834075746664212	0.4495609049055323	0.08301532079412112	0.5199094965317129	0.08741314390056051	0.4055472939084634	0.07979239964417997	0.5901304924190324	0.07367218356001402	0.4046993942921276	0.07921054252212247	0.622648964913641	0.0697368317811234	0.4225753638019866	0.08089669345402101	0.6113048045147296	0.07538959823168723	0.4412478415733097	0.07933394123352495	0.5440135054331677	0.08770703465610344	0.49336283185840707	0.5066371681415929	2.4659131695413303	3.0938859608204337
1000	2.4659131695413303	0.85	0.5089469153777461	0.08748067235356968	0.49128203133998793	0.08820474375167332	0.4409146502063051	0.08332160083242433	0.5710870250095023	0.08011800567869783	0.45864519333106907	0.08882606267413605	0.5264483547918465	0.084216621436982	0.44603000094090955	0.08522129270257094	0.5539414079803656	0.08173841538194712	0.5367158711239247	0.08846910745802967	0.4766101917140084	0.08669483351532703	0.4518569516991064	0.08396053670316897	0.51667985731873	0.0856383556286272	0.4049700577090295	0.07854322789145961	0.594993332067462	0.07308953177665403	0.40327176861757963	0.07676491946383615	0.6217629571329687	0.06942933944932882	0.4220010519106896	0.08229334197978473	0.6057294728318371	0.07414695231255464	0.4512567875826165	0.07902293606842653	0.5428176651107017	0.08652952977890675	0.4950199203187251	0.5049800796812749	2.4659131695413303	3.0938859608204337
1100	2.4659131695413303	0.92	0.5104019667945995	0.08648206741759547	0.4847484129177463	0.08844332147405154	0.4366850194909498	0.08205359397544758	0.5754816929557325	0.07957689684915936	0.463188774713299	0.08806171209692167	0.5234819585442119	0.0834895956325235	0.4524817883545875	0.08496540025858876	0.5567507686186075	0.08075924475759945	0.5393691143015145	0.0885104663382492	0.4789900572868143	0.0867389650596501	0.46105456751579266	0.08547478327515556	0.5137333341302057	0.08514595560962518	0.4010138179268437	0.07738012071552719	0.596166566636789	0.07198598867225238	0.4013913368546793	0.07595955610657298	0.6204221211512368	0.07041483223696608	0.41994682859601795	0.07997930196446906	0.6002835935062634	0.07506620401856647	0.44628809846193307	0.08022830338870096	0.5443299966053553	0.0854812670142876	0.4990942028985507	0.5009057971014492	2.4659131695413303	3.0938859608204337
1200	2.4659131695413303	0.9	0.5091902769324451	0.08541256974214272	0.49048941462811463	0.08763044664219156	0.4366691544847305	0.08216402658754336	0.5726817758136808	0.08066661811341927	0.4668096614595306	0.08705169570575041	0.5224238062006686	0.08466740767356466	0.45016203426247814	0.08462275901584909	0.5525961391028196	0.08153434035796543	0.539607414818416	0.086383116127871	0.4689157953436631	0.08550204950276942	0.45926843919856813	0.08429608366635397	0.5126068125405421	0.08310793665484408	0.4008830550698125	0.0774685934107844	0.6033537727685973	0.07193081067154222	0.39838399886840864	0.07565445056467814	0.6226322895580384	0.07028995604217837	0.41860041051480074	0.08035860551787924	0.5910235051512458	0.07555055398343283	0.4476947345917032	0.080312608841727	0.5447222069287797	0.08382888602963089	0.4983388704318937	0.5016611295681063	2.4659131695413303	3.0938859608204337
1300	2.4659131695413303	0.86	0.5116714808726996	0.08572804421374869	0.48787172725560124	0.0879116451502217	0.4372822492410794	0.08191759199230135	0.5836949964525184	0.07992329946559991	0.4709102013246414	0.08544978552485423	0.5204573749991002	0.08422926054428402	0.4521436731013434	0.08456610597377583	0.5503882006249902	0.08054383631061494	0.5410939873522792	0.08813236798524343	0.47239912600655853	0.08576856561477497	0.45994909535793693	0.08355350346195492	0.5196951069203265	0.08306519308601953	0.4009690361776882	0.07830139979109464	0.6026609800620105	0.07061082997743713	0.3973956909828153	0.07595107710328992	0.6202316174857894	0.0710611857416544	0.4208165556859293	0.08001948667604185	0.593828855968799	0.07538647678986612	0.4484831904351912	0.0791863552687567	0.5394704264225143	0.08419831278847811	0.4976993865030675	0.5023006134969326	2.4659131695413303	3.0938859608204337
1400	2.4659131695413303	0.86	0.5099228172139608	0.08515854572309078	0.4843408394408991	0.08885129252283365	0.4358216642909336	0.08171637559570047	0.584143697794001	0.07866236473359005	0.47371048471849464	0.08637066606378209	0.5229707428960597	0.08505016959580593	0.45690340248312655	0.08490073587462833	0.5438069255804575	0.08016547774907665	0.5444245049418884	0.08698092186386139	0.470655599011358	0.08558603733357645	0.4554335903101321	0.0835435263242013	0.523738968543028	0.08336420029392072	0.40284351525328926	0.07893634805831609	0.6042750628257958	0.07009892226788167	0.3948772940900299	0.07560733972361135	0.6125484745620513	0.07168873146676903	0.4220128377371118	0.08021094050826996	0.5939046403681665	0.07460430850353872	0.44741535299289376	0.07829352202625971	0.5425740206738631	0.0830011463451164	0.49715099715099714	0.5028490028490028	2.4659131695413303	3.0938859608204337
1500	2.4659131695413303	0.85	0.5095175991818568	0.08533787239782678	0.48422896273478755	0.08787945840451848	0.4359021129703214	0.0810571479737931	0.5833378546227097	0.07834319969604012	0.4753992458214771	0.08663453580966331	0.5230702975995591	0.08449543443413228	0.4600463958459625	0.08347138388012	0.5438910424881892	0.07992094771569604	0.5424586900921445	0.08625053464875275	0.4738990315454402	0.08616522192603678	0.4526035997456356	0.08402751337410337	0.5223646007226633	0.08289598949540218	0.40012001621247995	0.07909882553876398	0.6066175115777355	0.07008242798029456	0.3925835810263738	0.07496761207078591	0.6122080324953033	0.07142700704132751	0.42042945426263306	0.0802184638305885	0.5902029674631959	0.07531784349431567	0.4481671009519193	0.07812421382213347	0.5387633550165358	0.08345522492687686	0.49933510638297873	0.5006648936170213	2.4659131695413303	3.0938859608204337
1600	2.4659131695413303	0.86	0.5062400365413564	0.08504347712048628	0.4822375241639596	0.08831173688143293	0.43586378103300455	0.08064155681523101	0.5828686801643581	0.07726832171202566	0.47536991604868356	0.08640424872113836	0.5214544915798955	0.08510013528439467	0.4611473191139405	0.08271296185255016	0.5475951765842975	0.08067823077939784	0.542126709430149	0.08646680948392682	0.4701575067353442	0.0855119043296142	0.4505500401030253	0.08315931283779143	0.5269891847114733	0.08285396131323229	0.40326541356960316	0.07865509062133988	0.6068453246357046	0.06974510102842636	0.39201104606483367	0.07452593947884355	0.6154618592735092	0.07033820164763739	0.4252187919896219	0.07997096288031486	0.5860640233486621	0.07651103582643197	0.45189522458856435	0.07936053828568489	0.5346768386335874	0.08348261889451065	0.5018703241895262	0.4981296758104738	2.4659131695413303	3.0938859608204337
1700	2.4659131695413303	0.88	0.5061679142932415	0.08446167990538507	0.48363534388664287	0.08813532357096211	0.4382259794062096	0.08131289974315094	0.5821900342409682	0.07664652735992006	0.47256892686828816	0.08733468294244243	0.5228550703603139	0.08436074963230132	0.46257419023943375	0.08269366181922819	0.5471352857914881	0.07973908813769455	0.5428515430870017	0.08672564592535764	0.4697609222272491	0.08551384610126452	0.45053488933396013	0.08307702926590087	0.5326431670309653	0.08221766653297627	0.3992648884423301	0.07905921232375465	0.6063820126904215	0.07011161336923527	0.3937546218062541	0.07467015534057704	0.6157983135058468	0.07074260084246112	0.4236939996700694	0.07956986509179843	0.5849690818848948	0.07465805700379603	0.4524482530968994	0.07983197583336771	0.5340045548359064	0.08319663678085543	0.49765258215962443	0.5023474178403756	2.4659131695413303	3.0938859608204337
1800	2.4659131695413303	0.87	0.5106490706443524	0.08453630291233036	0.4835038275935667	0.08811382313248357	0.4368444733722192	0.08168056845079875	0.5841122082341694	0.07591297075265978	0.47315523490962563	0.08648803942696497	0.5262164555345492	0.08418785278111367	0.4700210514372068	0.08279076084528049	0.5482596588316401	0.0793026818944595	0.5465222423016661	0.08571497523192452	0.4687835304793933	0.08468896426980141	0.4494324374914769	0.08278038539707597	0.5359575899917194	0.08150236923704748	0.40133184513616177	0.07889561521277726	0.60875405643827	0.07002757245200433	0.3952241962205303	0.0750605261378732	0.6168103120456054	0.07041285932847782	0.4241978257032676	0.07882821964119024	0.5830991396614507	0.0757083324248728	0.454054226589	0.08053564299538758	0.533536885098178	0.08252556743480546	0.4983370288248337	0.5016629711751663	2.4659131695413303	3.0938859608204337
1900	2.4659131695413303	0.92	0.5087325586487377	0.08549828228974059	0.48147687248607335	0.08844787055565545	0.4350706324801276	0.08103282756785468	0.5836469818498825	0.07639836263807946	0.4763620301765202	0.08643948981990456	0.5264991252846835	0.08450779326562462	0.4691255957098224	0.08311364603497738	0.5498689181821689	0.07954447593298003	0.5470726349337324	0.08733574166565299	0.465938760295696	0.08387068754974324	0.4480852397232059	0.08305686897224897	0.5395091728776735	0.0815911592704738	0.400697994979741	0.07730289163311418	0.6076182557188622	0.07035853652147825	0.3893337514102727	0.07450914783946827	0.6159792303968006	0.07035183417334634	0.42689835184897285	0.07905198286579734	0.5840137296040463	0.07616427832963221	0.4547758677944067	0.07980647402301187	0.5293887823810437	0.08247285824827007	0.5026260504201681	0.49737394957983194	2.4659131695413303	3.0938859608204337
2000	2.4659131695413303	0.89	0.5112224295944761	0.08573393002744475	0.4826321283417371	0.08808469515259125	0.4329810437609854	0.08041418488405716	0.5844563204165452	0.07671654056951464	0.4769079680967316	0.08607705513929802	0.5237325279311194	0.08417159207198999	0.4703974042183143	0.0823020638592366	0.5471192831182641	0.08056752452655479	0.5450915790912456	0.08695041656605962	0.46288973103011266	0.08419743013181749	0.4493429039655625	0.08321936716203145	0.5414466561876269	0.08150802118403117	0.3999896201619629	0.07721542554300166	0.6093489321292831	0.06965883415869205	0.3909339247206913	0.07397251670096781	0.6174926997881663	0.07044490510848907	0.4270840789857704	0.07930311250419823	0.5829907378562474	0.07614098934765913	0.45334669462093014	0.0792257504145813	0.5272047272884042	0.0819453302749465	0.5029940119760479	0.49700598802395207	2.4659131695413303	3.0938859608204337
2100	2.4659131695413303	0.78	0.5135733528003446	0.08574735882846188	0.48247128688779084	0.08694273798556598	0.4327275842200479	0.07944063285782771	0.5871149306273392	0.07612399652413986	0.47976946246001295	0.08625222939383374	0.5210071762330339	0.08460400552903224	0.4725085010580114	0.08213822183689384	0.5422415996028593	0.07991565741130521	0.5448737670980341	0.08632223842022638	0.4623627085089187	0.08461967948828752	0.44689585865604864	0.08280827558495331	0.5457886272041886	0.08129263600502354	0.40277604754772045	0.07730252079939062	0.6061663321123143	0.07102344168354713	0.3901662939981696	0.07339788681895036	0.6158360937998356	0.07122434413871655	0.4269904050707186	0.07950569247490225	0.5802374930484074	0.0767830922905361	0.4530339275207754	0.07915688888561731	0.5262264753874454	0.08195440965832686	0.4995247148288973	0.5004752851711026	2.4659131695413303	3.0938859608204337
2200	2.4659131695413303	0.84	0.5149414899686204	0.08665035996623183	0.47930084995210037	0.08672450000438617	0.42918725218083226	0.07885043510978637	0.5868148264638018	0.076307616070814	0.4811163224213952	0.08583073863061816	0.5162300208834685	0.0842133861446973	0.47228490834313835	0.08260146162930916	0.5379751491103792	0.08016166360768857	0.5455848508410064	0.08515481397498761	0.46138467800056	0.08456282681523299	0.4461438991288351	0.0827219983426388	0.5474490844531148	0.08140007381470483	0.40198916334966545	0.0765105676204246	0.6078438488668202	0.0702909633783186	0.387006751682524	0.0727345489648061	0.6123218047997457	0.07201054682765841	0.4300983681404808	0.07945595700257638	0.5766680324079567	0.0777685462774534	0.45496320914177635	0.07981801579061083	0.5293644666612471	0.08213846983748992	0.49637023593466423	0.5036297640653358	2.4659131695413303	3.0938859608204337
2300	2.4659131695413303	0.86	0.5186301792821341	0.08637651510785858	0.47919759857192407	0.08638311114228876	0.4292984229707862	0.07902349061061908	0.5904033210857847	0.07624239715236857	0.47938985301015496	0.08601696478033016	0.5145656191092326	0.0837463897007378	0.47277255777882865	0.08293388229881843	0.5332886402609118	0.08007013977020543	0.54306824758582	0.08443212996345391	0.46060890973799534	0.08385068105698873	0.44380280541902667	0.08216719466062095	0.5463399188386436	0.08130154092348722	0.4018587072465692	0.07645120584603499	0.6041805955627322	0.07001727201253997	0.38273442246186734	0.0715732485948525	0.6136833616170072	0.07171178879578771	0.4335219742566889	0.08082615329045334	0.5719080171981824	0.07836037775715776	0.45751102780603015	0.08110028950541949	0.5314284918807344	0.08189913582461249	0.4969618055555556	0.5030381944444444	2.4659131695413303	3.0938859608204337
2400	2.4659131695413303	0.81	0.519400108495059	0.08685144384945946	0.4748554202123607	0.08609609826550539	0.43041796498333534	0.07889090626276626	0.58962363635954	0.0761197655324047	0.47977588642704205	0.08502155711181437	0.5112702022041844	0.08398481703405292	0.47587166306667406	0.08280991987798948	0.5314359308259698	0.08050451826300932	0.5454995239387438	0.08395889605406001	0.46257222052074726	0.0838558315872946	0.4457917200151603	0.08168339281398647	0.5462957506686659	0.08043724502611965	0.4017230146482378	0.07720521471193967	0.6034419432047184	0.06986368998687174	0.38579457880041695	0.07165447330370667	0.6134707809024714	0.0712913249816583	0.43185598700833694	0.08026335091725992	0.5711948666370615	0.0785693820781922	0.4570724467409035	0.080842766054441	0.5300376847029891	0.08272881921764903	0.4970881863560732	0.5029118136439268	2.4659131695413303	3.0938859608204337
2500	2.4659131695413303	0.91	0.5209653600969689	0.08691530723761318	0.4707221595195713	0.0847600340599032	0.4278125281699964	0.07909381868812589	0.5914630815049537	0.07590332221171639	0.4795113711564798	0.08443621744651106	0.512696135315265	0.08377770902410478	0.47936152550836597	0.08340791782139953	0.5303748049553797	0.08009750188330914	0.5464460112932448	0.08413534941001258	0.4588908996234095	0.08377996950638988	0.44604317168745955	0.08120397711818605	0.5483024149132901	0.0803219240042028	0.402470919561347	0.07713231551494726	0.6035872812414528	0.07063225377499398	0.3868360308920417	0.07158902220789931	0.6130463016944088	0.0707961425747773	0.4321826604605582	0.07983821985012023	0.5703887448476829	0.07892070306110993	0.45784433218399956	0.08155511348128378	0.52978986584164	0.08276924800706949	0.4932108626198083	0.5067891373801917	2.4659131695413303	3.0938859608204337
2600	2.4659131695413303	0.86	0.5236883922246959	0.08667453866936617	0.47200852948429867	0.08382955229758375	0.42806210926711535	0.07940246078990029	0.5938089312379828	0.07536367353904555	0.48384779412649864	0.08449929456776921	0.5107628708288028	0.0842899453129236	0.4831340273170307	0.08282822589904075	0.526034356747782	0.08055646653984312	0.5482365472287353	0.08391011483405193	0.45946675227767897	0.08326180500060067	0.44355715728907724	0.08085165826529445	0.5497698488672553	0.08022397885293228	0.4009955494555585	0.07650023517360963	0.603098779177284	0.07107578780869128	0.3869272161602559	0.07166172299210823	0.6147677190980816	0.0702247912189106	0.4353517905990317	0.08026274905619282	0.5681669099520351	0.07897128761046535	0.4576590815968246	0.08141295703935428	0.5291471875090359	0.08285216162609695	0.4942396313364055	0.5057603686635944	2.4659131695413303	3.0938859608204337
2700	2.4659131695413303	0.8	0.5264251575644205	0.08653935896664988	0.4733540950330078	0.08401166673974783	0.42743528003813075	0.0788430618508423	0.5928227013628496	0.07478238867716601	0.48538095596366815	0.0850634340879111	0.508639634383125	0.08410121709921911	0.48690376617234415	0.0829360916325919	0.5232152431226619	0.08150805827595146	0.5473942067377919	0.08409195387064634	0.4603723483640278	0.08308462760824077	0.4409055327394471	0.0811457758793807	0.5514644581085424	0.0806101299332012	0.3994885868614628	0.07630049708855748	0.6022583925323338	0.07165865919683205	0.38959027214721564	0.07146437538585797	0.6141519138410185	0.07053925953372626	0.435460220650664	0.08021833297364507	0.5695986973059545	0.0793057797205911	0.4582886773725092	0.08086937620722914	0.5290749260588143	0.0828347188745901	0.49556213017751477	0.5044378698224852	2.4659131695413303	3.0938859608204337
2800	2.4659131695413303	0.87	0.5265436958426556	0.08634786194791566	0.47164765534752895	0.08415075995836337	0.4259340380795772	0.0795952098456473	0.5927432354995709	0.07455889230596602	0.48635704004533303	0.08492481702032859	0.5075667075793382	0.08442343784906635	0.48869000550789454	0.08302647980377278	0.52083170869526	0.0817646550797267	0.5471494726838221	0.08367504286643679	0.46039802168559846	0.08258827565985476	0.4372130698852956	0.0812464899392979	0.553265491842658	0.08045260106387325	0.40007897114183916	0.07640828926739307	0.6023599350893594	0.07183475613235424	0.38960830403169283	0.07082907938432886	0.6139461846940298	0.07082597071494433	0.4380473480328154	0.08077399612945028	0.5685104425169849	0.07957095607542063	0.4598979875327087	0.08116928936540448	0.5262614600125416	0.08314340671894073	0.4942938659058488	0.5057061340941512	2.4659131695413303	3.0938859608204337
2900	2.4659131695413303	0.79	0.5275363726980988	0.08631651153937724	0.4708122381401387	0.08393236914213507	0.4273077442641811	0.08006697628498499	0.5930154752214453	0.07517658132645975	0.4898240541196269	0.08544962460617404	0.5068596727320913	0.08411181331190373	0.4911366946270977	0.08315246874370483	0.5191845866850598	0.0816938723107017	0.5495466095525454	0.08365615199660847	0.46209666339685473	0.0828804658424792	0.43874075825633907	0.08168166442412421	0.5519936715549331	0.08054624147762983	0.40098852872232843	0.0763627224820943	0.6027223164394353	0.0713334792357608	0.3903094288759883	0.07060153564423428	0.6145684005853117	0.07042900643957178	0.4388278456368597	0.08111128604841901	0.5654570957518652	0.07918083022447178	0.45739641437418144	0.08118822676821083	0.5283455196739855	0.0832273142943405	0.4951790633608815	0.5048209366391184	2.4659131695413303	3.0938859608204337
3000	2.4659131695413303	0.83	0.5278787559365181	0.08655784682297082	0.47022427721588417	0.08400778777666068	0.42690029006664976	0.08023902123530705	0.5952681005816266	0.07527854020093848	0.49008498957806923	0.08557816720045584	0.5036249736904378	0.08443034679196218	0.49503108375438276	0.08304519164541238	0.5185593113295384	0.08172016449673444	0.5489757460757783	0.08263405964263935	0.4607017290280578	0.0826014396082971	0.4377712548908574	0.08135412027181309	0.5544008818863005	0.08058773199226428	0.3995087534351156	0.07658361365998245	0.6011422603661581	0.0718062926952313	0.3930885796612611	0.07101693626090497	0.6162416997524615	0.06981625086949678	0.43882260579791665	0.08119771631061483	0.5623567011498297	0.07954332021905214	0.4589060185719993	0.08154986350235237	0.5278279806264622	0.08305601104209454	0.494340878828229	0.5056591211717709	2.4659131695413303	3.0938859608204337
3100	2.4659131695413303	0.8	0.5288377113465584	0.08641285062246257	0.4676761628046271	0.08397654245310529	0.4271517035620206	0.08062126858806053	0.5945887282635933	0.07517887886115425	0.4916485788484165	0.08603220297631793	0.5044832033128519	0.0842067434620036	0.4977820645312768	0.08346842408076742	0.5178592149788096	0.08225952851177992	0.5514998603322773	0.08337261303142722	0.45835556739388617	0.0825136032014339	0.4376361697063023	0.08174107210902416	0.5537672338620162	0.08074707640650074	0.40076677569013675	0.07678055713904046	0.599543463524288	0.07208209827528773	0.39389554105214075	0.0713645764342578	0.6165622029466945	0.06965774838605064	0.43942617452275373	0.08137715818088206	0.5607723092726098	0.07981553247924314	0.45786239106608967	0.08175407532743342	0.5272607753522363	0.08371896351184498	0.49677835051546393	0.5032216494845361	2.4659131695413303	3.0938859608204337
3200	2.4659131695413303	0.86	0.529902468125724	0.08579499821885295	0.4668878087617185	0.08425006639210937	0.4274593072943664	0.08041406524738183	0.5963517070438706	0.0749265400791622	0.4915837172174623	0.08660928479558573	0.503962468979943	0.08409955131545443	0.5002099139918472	0.08385811145465169	0.5168059237132907	0.08220507369306201	0.5540180936033348	0.0834796969449987	0.4578020878060411	0.08268127194439114	0.4383052125368233	0.08166666608131504	0.5545105661153401	0.08109147975703221	0.400005122540851	0.07650070086777246	0.599385658996104	0.0719309956121218	0.3944423104914858	0.0713854964359842	0.6173318714170821	0.06942198646842546	0.44115136398672467	0.08208225653601431	0.5600353528365876	0.08013346973986687	0.45678518198373796	0.08229402332976274	0.526959865333686	0.08319620769003053	0.49781523096129837	0.5021847690387016	2.4659131695413303	3.0938859608204337
3300	2.4659131695413303	0.83	0.5334823903413719	0.0857941540371614	0.4638948370815342	0.0843068110836448	0.4267857092771921	0.08010847253240819	0.5951316010214505	0.07497607430838725	0.4931624369831439	0.08670533585668877	0.5031662592381998	0.08353578197848849	0.5021195132240717	0.08426640000094192	0.5179757545646198	0.08216863467381771	0.5527245802227327	0.0827510521731171	0.4561487360361216	0.08244187279071559	0.4387240684669059	0.08151055027790641	0.5554961290504263	0.08151419306515528	0.3994593124583739	0.07580901002851985	0.599868131241844	0.07183140399218042	0.3940513770495667	0.0715134649352088	0.6154239002848173	0.06947179027425092	0.4432286261813827	0.08231845516175001	0.5597811494996726	0.08047051559750369	0.45594415794125265	0.08194464507229975	0.5260648371558992	0.08325690473328978	0.4984866828087167	0.5015133171912833	2.4659131695413303	3.0938859608204337
3400	2.4659131695413303	0.88	0.5346966995611928	0.08557001051898148	0.46399823189772343	0.08450249634320964	0.4266714139696635	0.08010867523328417	0.5946694187399285	0.07545446948715936	0.49390889508953706	0.0862750650232377	0.49999416882358705	0.08300334505498468	0.5049702943859178	0.0839378834085164	0.5170633901496255	0.0821192770211919	0.5533357463197671	0.082660167963293	0.4559907668060045	0.0828500453170078	0.43867275760239777	0.08193130243985006	0.5561773902792396	0.08117145088783781	0.3982755553926562	0.07574271533103255	0.6012491241011799	0.07174340000261738	0.39262134578863334	0.07168060618207472	0.6140219312783574	0.06946550290842218	0.4437333115801307	0.08247261372868103	0.5590243277349415	0.0805786641565841	0.4576161410601048	0.08235892451757362	0.5269216717155515	0.08302955996121887	0.4991186839012926	0.5008813160987075	2.4659131695413303	3.0938859608204337
3500	2.4659131695413303	0.82	0.5358415067878881	0.08518923773750575	0.46309550264735305	0.08492510992786367	0.4268284915399328	0.07998454629103488	0.5959134791670979	0.07521103464780744	0.49617687551793377	0.0862644293431101	0.4965508841660212	0.0831675990457305	0.505626248456412	0.08409141109028287	0.5175012285390321	0.08175820783407889	0.5533916374998451	0.0821709792563407	0.45858210153574486	0.08345560346083482	0.4400260976523092	0.0819370060387575	0.5576793585360157	0.08109271388652821	0.39630243650417846	0.07556766156697169	0.601028413550309	0.07163540690317502	0.3933407252470828	0.07203245561656328	0.6110604520415184	0.06959334919093985	0.44577150919475805	0.08261650030099263	0.5586280427457905	0.08019804288953422	0.4567864516693339	0.08240486828204034	0.527216223878134	0.08251823541863154	0.5005707762557078	0.4994292237442922	2.4659131695413303	3.0938859608204337
3600	2.4659131695413303	0.8	0.5356319568010961	0.08454224756226383	0.4631974422411431	0.08468283545630574	0.42605977808167916	0.07990797719932773	0.5960425190034719	0.07498353754415366	0.4963630527248095	0.0861478249780522	0.49623431410565877	0.08334207341356549	0.5049633451905559	0.08332657551377094	0.5147429558045622	0.0818851253869509	0.5547097541320726	0.08210609871455395	0.4591992925033499	0.08365365296222728	0.4387410064159156	0.08177452512305512	0.5587578298865302	0.08094046789915064	0.39667100425343566	0.0755847921963805	0.6005286316098118	0.0722967956967482	0.3921755291298822	0.07148099726844624	0.6079751632810597	0.06999900378601966	0.44668700530428307	0.08272121656447906	0.5578173152002723	0.07976449786897606	0.4577237488944	0.08259007235336152	0.5287759772991119	0.08250062928106443	0.5011098779134295	0.49889012208657046	2.4659131695413303	3.0938859608204337
3700	2.4659131695413303	0.88	0.536179025060871	0.08428963670322312	0.4611826295534887	0.08441636588415005	0.424582788806749	0.079262116076014	0.5973657587302704	0.07461385835938755	0.499759147585536	0.086590165064892	0.4943688937010786	0.0832221730422319	0.5065086023916776	0.08308210672872585	0.5132634884243318	0.08184329424701199	0.5541290039989413	0.08180865402277299	0.45997403015243443	0.08405881084600297	0.437086538441865	0.08127088749739986	0.5580771533139424	0.08128549441027612	0.3970596728609148	0.07538800725765964	0.6021021289828733	0.07191019695005783	0.3928933603404374	0.07175531134168814	0.6062511487913039	0.07025531280877646	0.44583567774704164	0.0827491561792259	0.5583204333997346	0.07946256348254886	0.4573355070453116	0.08289997032307227	0.5276609574879838	0.08290955974090132	0.4994600431965443	0.5005399568034558	2.4659131695413303	3.0938859608204337
3800	2.4659131695413303	0.76	0.5360292948539561	0.08401885005494088	0.459534932407798	0.08464058914108272	0.4258773201397169	0.07959328830461575	0.5969657334361032	0.07467070068676591	0.5014552284698274	0.08640324782837093	0.4930491035281183	0.08323359641031296	0.5075696839799909	0.0826927678746406	0.5113303268015034	0.08196195137284565	0.5527363747633551	0.08167943013293588	0.460883452020436	0.08398235794731115	0.4366027782477974	0.08146613196546339	0.5574791905591988	0.08122209266742146	0.39748069319378343	0.075348082582369	0.6010957048435261	0.07244663133782513	0.3929866549678704	0.07197584895350732	0.605226235081398	0.07068132700205498	0.44831214393951757	0.08309604955530117	0.556566905375236	0.07991807453682467	0.4578699996202081	0.08230137468679886	0.5266045966611843	0.082847003306115	0.5	0.5	2.4659131695413303	3.0938859608204337
3900	2.4659131695413303	0.81	0.5357292486533801	0.0840090360431425	0.45764216506424527	0.08448795328427437	0.42300233890243716	0.0792579138579496	0.5971474634332022	0.07407618926926911	0.49987042581288055	0.08618829628236484	0.49048494670645637	0.08336476266894463	0.5083141985358097	0.08228680697475535	0.5092228335263966	0.08173374626180316	0.5523695985604439	0.08152455519440274	0.46089431404975717	0.0837834626837094	0.4356735733759295	0.081339794241736	0.5581905739955112	0.0814248644509741	0.39846723280537993	0.07497401166407776	0.5992627874205712	0.07286160753442222	0.39504409406507107	0.07252711425436383	0.604673424395983	0.0708742191924822	0.44742168772011537	0.08315082625526216	0.5562547212104636	0.08021463593503776	0.457965633772206	0.08207590339232786	0.5257610589642745	0.08288743941376513	0.5	0.5	2.4659131695413303	3.0938859608204337
4000	2.4659131695413303	0.8	0.5358801485480651	0.08387304170306555	0.45731051820321433	0.08394130942948368	0.4221806532436044	0.07917127282894196	0.5979488025482613	0.07432062101924176	0.5025215918985727	0.08606473980636097	0.48989697414193484	0.08425731831606414	0.5086432942189982	0.08263182534446752	0.5075309758642591	0.08168066679401922	0.5528067507318882	0.08109810356784139	0.46013071354589474	0.08410042490835169	0.43519269730489424	0.08136245087329312	0.5599581277309031	0.08111428631470394	0.3976228319007631	0.07442272166785639	0.5975728145411947	0.07315561850422891	0.39511946105513474	0.07221857051264438	0.6033414625885016	0.07085189901591898	0.4469232405872208	0.08304817592551757	0.55522538744035	0.08066278841301669	0.45831834799061183	0.08214395491768942	0.5256744576694212	0.08291601060433527	0.49875124875124877	0.5012487512487512	2.4659131695413303	3.0938859608204337
4100	2.4659131695413303	0.8	0.5347951510785148	0.08374525428621794	0.45776950926885024	0.08366518409889734	0.4212509153947085	0.07956856230637788	0.5968249175630349	0.07446708287616724	0.5029075982687676	0.08587394238590039	0.489673528624216	0.08414868735434326	0.5093082649280426	0.08281752060763958	0.5059555789126728	0.0818474954847389	0.5532236530863228	0.08084267075444884	0.4595424382713985	0.0843543961232747	0.43473927488993197	0.08113360838253084	0.5595561018067703	0.08077394570505925	0.39661401079136904	0.07434612339169737	0.5987949251867662	0.07330231678677175	0.39522848646905995	0.07245737739225079	0.6028205915331152	0.07125593981813513	0.4493841233197901	0.08300310083717471	0.5543817158689359	0.08052554614477479	0.45960450149389775	0.08220578771400029	0.52374629050085	0.082926856266741	0.4975633528265107	0.5024366471734892	2.4659131695413303	3.0938859608204337
4200	2.4659131695413303	0.81	0.537006578623552	0.08364839928360332	0.45804314053802614	0.0836749539843404	0.4206131228077811	0.07980523082330933	0.5953128341851989	0.07455486474746222	0.5047188155348605	0.08581494459690088	0.4875216875085551	0.08381836945203504	0.5088082275293062	0.08297327485643285	0.5037976503112802	0.08172755179516382	0.5545079310396377	0.08055455330219931	0.45870132767322264	0.08400276169219721	0.43719712460628457	0.08127342722985573	0.5610947521181241	0.08028083625391204	0.3964820883111394	0.07450237452383773	0.6000633733473375	0.07313668248230834	0.3966512646221331	0.07246392792127604	0.6025087850264322	0.07124580256660112	0.4493881691027041	0.08290952986923023	0.5548036843462423	0.08066817289802942	0.4590494656383671	0.08251211271159214	0.523921332797513	0.08317343147616461	0.49857278782112274	0.5014272121788773	2.4659131695413303	3.0938859608204337
4300	2.4659131695413303	0.71	0.5363937506776976	0.08400610668252596	0.4564656236113818	0.08341960496123663	0.4220009908667652	0.07946419794882366	0.5946035823944179	0.07496433190352443	0.5059527306772635	0.08574747642921535	0.4863273294743946	0.08386005865518892	0.5098100903530811	0.08276050057658611	0.5026222119336664	0.08189517505201462	0.5541132217790169	0.08039744696423555	0.45936740273906645	0.08387037655482933	0.4383888361677043	0.08147054496077194	0.5612677295897363	0.08014993638922696	0.3958593476456137	0.07437135504358261	0.5988224465634271	0.0733327458420146	0.3982535694141186	0.07265876222355007	0.6022100455569973	0.07129186450587588	0.44929155317575414	0.08296891629935228	0.5559175912255858	0.08071814931468076	0.45940579055488834	0.08219354498578331	0.5235099693716513	0.08299475798220854	0.5002323420074349	0.49976765799256506	2.4659131695413303	3.0938859608204337
4400	2.4659131695413303	0.82	0.5380037570972069	0.08350994729269981	0.4570257750344693	0.08311600242133547	0.42007309068558973	0.07937444449012969	0.5938683901173313	0.07538925034324681	0.5069522419334705	0.0858401669271449	0.4859886139290999	0.08387107106881961	0.5118662471792443	0.08282651599655774	0.501677188122109	0.08185458742655906	0.5532548704996574	0.08025253679648091	0.4583448441256602	0.08367775155117348	0.43812312418984023	0.08178689772850205	0.5616416918608673	0.08040669012057683	0.39621968138425445	0.07440290611607447	0.5997015380958908	0.07319244396870296	0.3995310381508738	0.07254104279781277	0.6014849897961273	0.071445180483327	0.4497101521985746	0.08252990044851327	0.5555088095050635	0.08086215414347198	0.45991989818340745	0.08227276055928524	0.524006873416984	0.08284446305039593	0.5024977293369663	0.4975022706630336	2.4659131695413303	3.0938859608204337
4500	2.4659131695413303	0.83	0.5390309348570946	0.08345663676049356	0.45576977917036443	0.08309072873342623	0.41926384515867476	0.07894556786258418	0.5943770893624737	0.07514406650446454	0.5084207953684081	0.08557564743096643	0.48562017895333476	0.08392464234476645	0.5122481323834401	0.08313386331121675	0.5027281633071602	0.0820954018449103	0.5525036475289392	0.0802112913708217	0.45716669183323055	0.08345030144588765	0.43838611494818575	0.08178364220703041	0.5633554654176242	0.08002508434640122	0.3965929572010777	0.07497985817678217	0.5996837660069131	0.07313704122483679	0.4018235117580337	0.0728798624150643	0.600506210518475	0.07172780687323357	0.45075395687404535	0.08247126465946246	0.555233237387186	0.08120181901215465	0.46135865607961707	0.08244846003170436	0.5240626399888643	0.08303394066223672	0.5022202486678508	0.4977797513321492	2.4659131695413303	3.0938859608204337
4600	2.4659131695413303	0.83	0.540390212112866	0.08312442791749289	0.4558089608865257	0.08323955937365479	0.41898689875840583	0.07925641096924387	0.5931097479982529	0.07525833511530265	0.507973917879298	0.08604662055063515	0.48255731021087545	0.08398701071455347	0.5130707607789783	0.08315414358415299	0.5009194926851631	0.08220666635012064	0.5543763598902696	0.08005836110408164	0.45606355776348756	0.08325780824030064	0.43702854705557986	0.08178018979692693	0.5636093750658019	0.08002380945749234	0.39558518589953323	0.07497808217611288	0.6002090483438982	0.07325547652667172	0.40329264253223523	0.07349043765415031	0.6002839634646016	0.07186852598369431	0.45125181327273506	0.08274949472375197	0.5539073007746459	0.0815039508738556	0.4610009164368472	0.08242099212030342	0.5236026184271054	0.08318919466534284	0.501737619461338	0.498262380538662	2.4659131695413303	3.0938859608204337
4700	2.4659131695413303	0.82	0.5426586522351262	0.08336259622404948	0.4554855186576859	0.08278085108615492	0.4188992455276444	0.07880193189223499	0.5930711198141623	0.0752735851914112	0.5101394242088967	0.08583727677760837	0.48195834414848315	0.08394070841286515	0.5116409112681028	0.08329246999650927	0.500412764748931	0.08247763786634021	0.5535128938619028	0.08015682451831886	0.456539209750016	0.08342314544000341	0.4345523566976008	0.08167567606256243	0.5626705667403236	0.08009594885690287	0.39453742532698627	0.07491221006696971	0.6017243143880385	0.07293534797138161	0.4049065437834813	0.07360875556381073	0.6001895624327817	0.07230391045232257	0.45355807503963563	0.08299910365373676	0.5544157362202589	0.08131294729773907	0.46153943761693517	0.08214902604852177	0.523257498376687	0.08289825108547455	0.5036139455782312	0.4963860544217687	2.4659131695413303	3.0938859608204337
4800	2.4659131695413303	0.83	0.5430290490375848	0.08297175716969622	0.45429302156310963	0.08249242279479713	0.4194174503171657	0.07869433267145162	0.5922258456178191	0.07502092413392543	0.5111769971098208	0.08589450610742068	0.4792653660136564	0.0838419348692387	0.5114139957635919	0.08305741711228623	0.5016559126013427	0.08242391007746562	0.5531332308869341	0.07987163944212912	0.45620574881929565	0.08332303210879384	0.4336891229971561	0.0814280143073639	0.5621525534737324	0.07986394699542375	0.3950493164849842	0.07488390267276647	0.6006665731189379	0.07330268676837513	0.40571971798021017	0.07376694665604383	0.6000925390096313	0.07217877275673161	0.45319142714794003	0.08297463003101627	0.5548076820217729	0.08132865794367547	0.46193144496565247	0.08200410768030555	0.5231545565381802	0.0826075740415806	0.503955037468776	0.496044962531224	2.4659131695413303	3.0938859608204337
4900	2.4659131695413303	0.88	0.5448576570909885	0.08258078697962534	0.4525071658756562	0.08248887558576647	0.41926323142872723	0.07867630059338186	0.5922092967697116	0.07521406098457652	0.5103321812084558	0.08572101228773912	0.4781770104428015	0.08388108625723886	0.5129574760210225	0.08290424299898938	0.5015801990866579	0.08232120541533482	0.5533631304169607	0.07990457303081869	0.45589432559799936	0.08300010750521265	0.4333747710363135	0.08118912849468031	0.5623756112814667	0.07932708335539516	0.3949852096994972	0.07471926673400359	0.6014419719971542	0.07323222955881797	0.4059441636369876	0.07386087771285473	0.5989572602377068	0.07256054503044052	0.4525474801365735	0.08294891893352785	0.5545056660210508	0.08158228537738027	0.46305753961949275	0.08233171847574289	0.522458897219101	0.08246571067681559	0.5034665579119086	0.49653344208809136	2.4659131695413303	3.0938859608204337
5000	2.4659131695413303	0.86	0.545027524410361	0.08240786720445048	0.45267810507802486	0.08256815069680062	0.41949179092514005	0.07870745482728335	0.5918152287236745	0.07507015041237605	0.5118095590978411	0.0859870779749275	0.4779619734102163	0.08386164190982216	0.5131400414721466	0.08308061389785244	0.501161748756367	0.08231040846753114	0.5523287258783512	0.07983737327016702	0.45580074386653296	0.08277337118145098	0.4332124343029891	0.08130305236583052	0.563492476921041	0.07950710851221945	0.3938904114495307	0.07456851079660556	0.6020266019834635	0.07297819032052767	0.4067464533423598	0.07401858467567833	0.597470230598826	0.0730469560374091	0.45208279318469424	0.08291617173646487	0.5544516792846605	0.08160959809111225	0.46366459189663867	0.08213799825123114	0.5220112471632764	0.08256380574831186	0.503796962430056	0.49620303756994405	2.4659131695413303	3.0938859608204337
5100	2.4659131695413303	0.84	0.545597711351619	0.08205430182760427	0.4523557413449158	0.08246915425168182	0.419824751502274	0.07918222971901534	0.5921320920472557	0.07538663027463474	0.5122050044715492	0.085555484194791	0.4769913363454406	0.08392089532324848	0.5123284573071232	0.0831221654034647	0.5005080902925362	0.08249956325234069	0.553238706378617	0.07991073318041206	0.4562185087737333	0.08276777503221078	0.4321918176819348	0.08090592545075896	0.5635103645582733	0.07938570155419415	0.392739977874468	0.07425904962321116	0.6008259864983139	0.07337883480774153	0.40756514526922044	0.07376735369341335	0.5975967974787437	0.07303945486063207	0.45195786445632596	0.08266011669072205	0.5546145166605156	0.08169228913934598	0.46409033965828445	0.08185203024341058	0.5230275153448326	0.08259285885514049	0.5054858934169278	0.4945141065830721	2.4659131695413303	3.0938859608204337
5200	2.4659131695413303	0.78	0.5455810157582106	0.08217077195901205	0.45189547406899033	0.08244328010061777	0.420418950196262	0.07934444464846746	0.5908035093991736	0.07594517395284184	0.513553709807166	0.08519488054846226	0.4758915973789658	0.08407219366066178	0.5120951334404834	0.08296191547384929	0.4999441891666765	0.08230647703391752	0.5550241886980358	0.07965401813394689	0.45458456424546595	0.08282287389694301	0.4329138040715896	0.08090502699932446	0.5624961435235807	0.07977675468060268	0.3923742614781406	0.07390087013030791	0.6007403424680953	0.07317880454658632	0.40796966538522084	0.07393161834004316	0.5970276107565079	0.07276121738004657	0.45240494627463673	0.08281768482818778	0.5540685695668811	0.08165299378005066	0.46422612607847297	0.08186267492821254	0.5216080535010753	0.0828158176391369	0.5073020753266718	0.49269792467332824	2.4659131695413303	3.0938859608204337
5300	2.4659131695413303	0.76	0.5474422783931594	0.08208607685382949	0.4518485834048621	0.08231252019162287	0.42098433503726146	0.0793961257673235	0.5892955880179226	0.07614662314813311	0.5150068842641454	0.08527514566715423	0.4742890667749616	0.08407651426794363	0.5128348172707422	0.08274360070810026	0.5011724037307221	0.08237101268081623	0.5553173361622562	0.07979235173125046	0.4530950666949447	0.0826707599890281	0.43266731363397337	0.08076557102307023	0.5638186490850614	0.07990955849298664	0.39286815705886735	0.07354114402687416	0.6015519177936449	0.072918310238592	0.4099871518289746	0.07430941609063078	0.5958041233680068	0.0732740993563889	0.4521761944591044	0.08262110992559323	0.5528777107012232	0.08138212642298488	0.4650299105822587	0.08200398609610562	0.5212964416268977	0.08259873055918548	0.5067873303167421	0.49321266968325794	2.4659131695413303	3.0938859608204337
5400	2.4659131695413303	0.8	0.5480119021515203	0.08203421316382188	0.4515541708290564	0.08266442638521002	0.42163559264982403	0.07932469048583184	0.5898154856051075	0.07631798165881577	0.5161980656572811	0.0852009527421486	0.4734517867596322	0.08395757513104245	0.5139803825762697	0.0826653316779755	0.5012189901491045	0.08260464700840937	0.5547768572671771	0.07999205336569297	0.45212681217891953	0.0823732832693466	0.43211768072324286	0.08064540202792016	0.5636025314635282	0.07967409829323704	0.39183723978263385	0.07368984328593439	0.6014914013009574	0.07329602029490555	0.4089980727893541	0.07462636847020178	0.5948842003273476	0.07346613980885495	0.4522136273784527	0.08274279743917648	0.5528764512759088	0.08129209480066878	0.4647406426693164	0.08169551440340588	0.52015253024988	0.08272514072614166	0.5075869726128793	0.49241302738712067	2.4659131695413303	3.0938859608204337
5500	2.4659131695413303	0.81	0.5492666865049748	0.08194618264122049	0.4516279091083024	0.08241225009065832	0.4216251233371697	0.07901436573719825	0.5895243897955496	0.07614828812816317	0.5181132433917085	0.08485638598482793	0.4728613612595671	0.08374839726775285	0.5152401157550759	0.08256523496444647	0.5011673052224973	0.08218283102864919	0.5535904806019292	0.08012342175298486	0.45039952173255104	0.08238890254190159	0.43222132299903	0.08068161344582693	0.5631809174143423	0.07971481536834811	0.39233777621733046	0.07366496703421678	0.6014914393967117	0.07306760455285724	0.40912957087261986	0.07481625776686229	0.5937477196917563	0.0733807243685461	0.4532621470238207	0.08296122486373043	0.5522378150353378	0.08139016415364064	0.46532805577326924	0.08158441210336709	0.5193747034687497	0.08264864885285371	0.5074491279069767	0.49255087209302323	2.4659131695413303	3.0938859608204337
5600	2.4659131695413303	0.86	0.5488917051404437	0.08163663567889534	0.451916483030011	0.08275377672870302	0.4202492218585558	0.07879261970233727	0.5901544631870511	0.07612738465714872	0.5198718688456782	0.08491951958116616	0.47143683859531876	0.08384237044821846	0.5147233692555472	0.08253751242445964	0.4996295452570603	0.08194584307435272	0.5542706635973979	0.08015330705798142	0.4505045057121486	0.08241088855959325	0.43168342280094507	0.08060861119948659	0.5635696033634483	0.07950380872700662	0.3917124848606993	0.07354433303310456	0.6014569816714751	0.072821762455181	0.41201092158991515	0.07505975418515944	0.5927020268564104	0.07360997322524668	0.45414591884506117	0.08291825979157319	0.5520350357986633	0.08148423531190453	0.4651090268006291	0.08151622769738372	0.5202267649738216	0.0828463094194468	0.5082084225553176	0.4917915774446824	2.4659131695413303	3.0938859608204337
5700	2.4659131695413303	0.77	0.5494229323886949	0.08151540632421238	0.45135925876277244	0.08289201047802044	0.4204615454412046	0.07883154026799559	0.5896944244136669	0.07616622757219112	0.5195549951746193	0.08484764769631346	0.47169647095581335	0.08400877075302478	0.5151644431071246	0.08257255186397192	0.4986872122571039	0.08205549636091504	0.5538718918401697	0.08015183251165774	0.45003336163682245	0.0821727682664096	0.4307833949369861	0.08039748039595504	0.5653627614723588	0.0792894647309446	0.39166229098488503	0.07361263719622592	0.6005347752084428	0.07253985399633983	0.4131617748571638	0.07581860360083723	0.5917421993666979	0.07386963696664207	0.455374665706515	0.08295544094569354	0.550585169569878	0.08151863553153033	0.4651077519914157	0.08149409073972594	0.5195144479617475	0.08302383343080698	0.5089410939691444	0.49105890603085556	2.4659131695413303	3.0938859608204337
5800	2.4659131695413303	0.79	0.5506488026199587	0.08132713301947171	0.4506620649968991	0.08270267848437204	0.42204741086398856	0.07913122654118748	0.5893747670076032	0.07603459759215501	0.521353255945346	0.08485842535613922	0.47326894322633184	0.08410673141160219	0.5156011563748337	0.08230971033374126	0.49892705371846835	0.08211185097430726	0.5546015949993663	0.08046299370776942	0.4493142082801253	0.08224465881200788	0.4302121915896033	0.08028779830578917	0.5674617004293565	0.07938307302004362	0.39153373054682244	0.0736573655476769	0.6011303186636018	0.07242150625262123	0.4146043713668681	0.07601900523153082	0.5904083043029649	0.07428474880798015	0.4548754187032512	0.0829411097911658	0.549115337686072	0.08122262886949932	0.4653850284628358	0.08134763722537729	0.5188383344019522	0.08324837207932534	0.5089593383873191	0.4910406616126809	2.4659131695413303	3.0938859608204337
5900	2.4659131695413303	0.74	0.5516030823860001	0.08145371130149935	0.4505681454089842	0.08270256006579164	0.4222276057036387	0.078993103760025	0.5878234480359893	0.07645084443077776	0.5231258872620005	0.0848147087779064	0.47231566116692114	0.08402280342409889	0.5172458074509968	0.0824375387832261	0.4980778379238345	0.08191072677886482	0.5558509136932649	0.08044370867279932	0.4501466757020682	0.08228100943596854	0.4299811092502052	0.08072242137178044	0.5676081706313432	0.07923043987941825	0.39134309421443614	0.0736258274599993	0.6017599820071445	0.07236435987236711	0.4151960085657577	0.07616227634999091	0.5889485585412069	0.07457409178365036	0.4559961820924829	0.08324264017894267	0.5490581022533002	0.08085772138344659	0.4660355342058442	0.08140572953388073	0.5176248608453266	0.08356402130186769	0.5086382113821138	0.49136178861788615	2.4659131695413303	3.0938859608204337
6000	2.4659131695413303	0.81	0.5525315018549654	0.08103249376186383	0.45125340357729915	0.08258141329726439	0.42248095152100473	0.07925055485323088	0.5873660633462879	0.07653044803785765	0.5237123612326958	0.08485667608008482	0.47235795945975484	0.08397761264358485	0.5167199778377459	0.08242381131310211	0.4985217988712257	0.08176971170828162	0.5571005256849261	0.08008879161583414	0.44915416676212405	0.08210881330487829	0.42899284029881934	0.08049663860188272	0.5680961833646826	0.07909063088671932	0.3919906328009205	0.07378823902487432	0.6018757714106213	0.07225108958888204	0.41677419514282177	0.07655127902903064	0.5883685001670914	0.07459336424229998	0.4564990651941709	0.08342663378257367	0.5485088705710777	0.08090197321657056	0.4659431662461962	0.08115913184091796	0.5170819373878529	0.08354912567389687	0.5089940039973351	0.49100599600266487	2.4659131695413303	3.0938859608204337
6100	2.4659131695413303	0.79	0.5524137518621666	0.08090261236542824	0.4505862647225025	0.0826948809682892	0.42254056070451557	0.0790361005332956	0.586370946999116	0.07670539109363175	0.5236478234493268	0.08455947031810299	0.4716747802404491	0.08362658167930175	0.5164436049153214	0.08248792417196138	0.4981699750379088	0.08166030937004294	0.5577406696200964	0.07974583958950189	0.44852660596651783	0.08183749232989779	0.4288155592129713	0.08055469693948601	0.5696450564961613	0.07887635024812951	0.3930028605974733	0.07363665758060838	0.6014521088174918	0.07219699854644357	0.41782602467104696	0.07658269127974959	0.5871955763012654	0.07452427889613421	0.4578688182890826	0.0831532354769421	0.5491520497979396	0.08090402981905165	0.46646458180760686	0.08101424572036903	0.5174420129155741	0.08358812610600917	0.5083551769331586	0.49164482306684143	2.4659131695413303	3.0938859608204337
6200	2.4659131695413303	0.84	0.5526188930183776	0.08099841713732235	0.4493537354445441	0.08265894831993455	0.42228745944385293	0.07923891564384623	0.5856413806726611	0.07660908076654008	0.5244468158216549	0.08451488675056834	0.47256618465318206	0.08356526660222298	0.5165970327360017	0.08217039287323029	0.4982704195824243	0.08160663170057175	0.5591275851489921	0.07979093554956304	0.4482559991150247	0.0820872530200913	0.4289774808263323	0.08049651161273462	0.5693891161744756	0.0790331816074349	0.39422037012561323	0.07361599421467435	0.6016227799409181	0.07222796334487981	0.41910293175668356	0.07682012018074275	0.5871940201739032	0.07430433856676409	0.45770213925258063	0.08298093414554383	0.5480773934197342	0.08112857964099539	0.46724844738757515	0.08085912502194474	0.5173834524438048	0.08398111938128497	0.5080593165699548	0.49194068343004516	2.4659131695413303	3.0938859608204337
6300	2.4659131695413303	0.84	0.5525583380797021	0.08084761702597656	0.4481874719762944	0.08257866342343581	0.4224013883694181	0.07933986021543538	0.5852860325888969	0.07664107734777766	0.5253601989932153	0.08450698480127214	0.4713214222514732	0.08346577658407565	0.5170145383872066	0.08214174513993436	0.49733106239150005	0.08163305765858313	0.5591841632010249	0.07997326490946377	0.4469250432643787	0.08205131596795273	0.42909696399952085	0.08072947574757046	0.5695191744783662	0.07908190112967829	0.3938439189642003	0.07330791208997207	0.6012360876538402	0.07212491964051393	0.42021703399900917	0.0770120721389993	0.5861447956761959	0.0744119792506955	0.45751432265171926	0.08290245203143436	0.5475927548159992	0.08102103127982721	0.46689833354433774	0.08073219288505053	0.5181341476733602	0.08407945988371202	0.5084073604060914	0.49159263959390864	2.4659131695413303	3.0938859608204337
6400	2.4659131695413303	0.78	0.5511607197219537	0.08072383670074187	0.4479844585516612	0.08222642413553738	0.42356064781258607	0.07957369953201804	0.5847031224210381	0.07677180479590714	0.526981031715219	0.08458363468391966	0.47085726339083417	0.08345424597968662	0.5169608415947069	0.08190263448867639	0.4969948423320521	0.08168079650327989	0.5603016800311253	0.07991144759382257	0.44602298331936197	0.08213358351710563	0.4280401814182117	0.08050365926289293	0.570710802897401	0.07920379106977651	0.3943461292842188	0.07347355152949901	0.601445953843268	0.07200486999734347	0.4212671533679826	0.07712207582674944	0.584895144066682	0.07430064836100485	0.4569522067352863	0.08308546449000344	0.5468588512979229	0.08097109820870801	0.4665273067634243	0.08077024887240102	0.5169883316780567	0.08419977527593284	0.5082760774515928	0.49172392254840724	2.4659131695413303	3.0938859608204337
6500	2.4659131695413303	0.78	0.5518845861989214	0.08067458174709152	0.4472591421123772	0.08213635577322062	0.4239197599185864	0.0796796014489188	0.5842349476252358	0.07688834798999955	0.5284545224017947	0.08451749519014988	0.4703625440655387	0.08352061099298141	0.5177652724374375	0.08180061907690539	0.49568084877405694	0.08187389667105925	0.5607391262884202	0.07976546811087928	0.445402055134037	0.08195966818384644	0.42795101228760807	0.0804390046335909	0.5705895171747439	0.07914743799166427	0.39492331299804145	0.07329701502655227	0.6007642642534227	0.07220139500375856	0.42280604219057505	0.07731255591052802	0.5837999863244133	0.07454713513466985	0.45660397977834244	0.0830493480583829	0.5460687761158622	0.0814440908947871	0.4658680806008571	0.08052658284605148	0.5168095606664743	0.08406802799034539	0.5079950799507995	0.4920049200492005	2.4659131695413303	3.0938859608204337
6600	2.4659131695413303	0.85	0.5502848137339601	0.08085974774105212	0.4462099417173808	0.08195703300442748	0.42442620683565574	0.07980121441512228	0.5833966588888622	0.07728629374133546	0.5297700350821146	0.08427458155833004	0.46956614741605	0.08359288858853109	0.5181574512418265	0.08163934111895696	0.4956245557709655	0.08203928758083531	0.5614885317936943	0.08000092195316469	0.44493755491095327	0.08224628454049142	0.427641461822352	0.08040291460208836	0.5712240179337067	0.07903330692813011	0.3943800165850858	0.07327131113778947	0.6012953582725361	0.07200273500385557	0.42318597337845526	0.07735398447688126	0.5820150431738131	0.07508386162827045	0.4565828715773929	0.08280520095960915	0.5461905180552479	0.08147695543311047	0.4660296251574421	0.08054936589901152	0.517240861737724	0.08375733708644646	0.508328285887341	0.491671714112659	2.4659131695413303	3.0938859608204337
6700	2.4659131695413303	0.77	0.5498608178513176	0.08078325776670783	0.44488005762735805	0.08190952348567444	0.42532801496118494	0.07987799089065463	0.5814724112533671	0.07766377458013675	0.5305851075312423	0.08440973725324195	0.4701995352644731	0.0837831490856931	0.5186738249715518	0.08168478875137818	0.49432727875877985	0.08215989324044909	0.5615896152177753	0.07990925508380776	0.4438696661623865	0.08218016111266722	0.4277841121327086	0.08042286023620795	0.5715708562367162	0.07900971662249183	0.3939837191577083	0.07326553547345603	0.6018038343902158	0.07173844520064646	0.42483145853277166	0.07769920935380974	0.5811214695674843	0.0752565855041355	0.45739867944246393	0.08288703163726704	0.5462608837195809	0.08131591915783139	0.4664769830223191	0.08053024738197688	0.5178038299690896	0.08381377559986493	0.5079057279236276	0.4920942720763723	2.4659131695413303	3.0938859608204337
6800	2.4659131695413303	0.84	0.5502404889334597	0.08096226776101918	0.44512199535891356	0.08171402305079821	0.4254571021022015	0.07981129352091251	0.5806779731609466	0.07760017907212889	0.5314919071537049	0.08447682122288408	0.46953651426248155	0.083861002949562	0.5195972717027482	0.08174639382749044	0.4949180023800222	0.08223024765218813	0.5617950842295049	0.07984101272742122	0.44419772254490875	0.0819839263318121	0.4274629241388119	0.08017880437156397	0.5727497511022833	0.07896546143343812	0.39433870635903473	0.07333158078901078	0.6022379907729122	0.07172421178659996	0.425024173951012	0.07770345722149744	0.5800595749562695	0.07523906331986747	0.4571465179767658	0.0827005985367873	0.546033653810402	0.0814948307415194	0.4667638042357337	0.08069854805640135	0.5178476838940929	0.083933477284446	0.5080834803057025	0.49191651969429745	2.4659131695413303	3.0938859608204337
6900	2.4659131695413303	0.79	0.5507011423914976	0.0814233335847863	0.4459912038757633	0.08185794185524421	0.4260693943519352	0.07989206911246634	0.5791838165915706	0.07766719950192372	0.530398652288865	0.08461542734578911	0.4686223617939932	0.08380081883236394	0.5203530557672152	0.08194723574414338	0.4945399518400152	0.08202249351543311	0.5626273618331379	0.07982969606848091	0.44372214034603136	0.08171754090527164	0.42767305648064113	0.08011875519945577	0.5731770870310556	0.07899571860077154	0.3945914891388653	0.07344894729856663	0.6034207246428499	0.07172006459689141	0.4257852513136006	0.07787878008829109	0.579364691342632	0.07535288886675516	0.45778295112924305	0.08292583788784855	0.5458111265261372	0.0815205915430763	0.46631176223013554	0.08077003044355253	0.5189581786054722	0.08372910723918402	0.5073870220162224	0.4926129779837775	2.4659131695413303	3.0938859608204337
7000	2.4659131695413303	0.79	0.5512246322972368	0.0812851805495946	0.4451490283558982	0.08179609115685131	0.42604839831969055	0.07974186068072629	0.5775159420292117	0.07774234558431743	0.5319454622455458	0.08460372494319193	0.4680005994498712	0.08360326803433958	0.5210000288799722	0.08179802293421601	0.49305524756547053	0.08218810842253327	0.5633221598160154	0.07988663084598227	0.4435823479138302	0.08187467698382081	0.4278292651331233	0.07998212367932798	0.5732430153347867	0.07895680269240536	0.3946442561808745	0.07338349696503808	0.6040921181476713	0.07176292176698142	0.42711658743023273	0.07800610240058463	0.5785632493304279	0.07567447954410556	0.45803471696560605	0.08318116433700092	0.5451742531866082	0.08165924079702308	0.4656552267502989	0.08070798577648956	0.5192262291720087	0.08373493913544469	0.5058537978298115	0.49414620217018845	2.4659131695413303	3.0938859608204337
7100	2.4659131695413303	0.89	0.5515248917300057	0.08130816423657161	0.4454583703816888	0.08191749966064467	0.427016615015862	0.07974164377183152	0.5771158955079597	0.07756053421441692	0.5334953156898948	0.08447053244673218	0.46758185692698984	0.0834083353792181	0.5207410794850209	0.08158501948491317	0.49271116426280676	0.08228688614392154	0.5629136889349019	0.07968960780445701	0.44273631912461303	0.08198772918509967	0.4280946937354107	0.08007404229050519	0.5734559840724337	0.07875192688625716	0.39398674298494973	0.07355077304061226	0.6045332112798559	0.07179162435493208	0.4264397166905511	0.07794375328271991	0.5776289578028149	0.07588350843769802	0.4572753681114395	0.08315502206036986	0.544533119128308	0.08144342737889469	0.46510791381002026	0.08111465996691794	0.5188365922899558	0.08370408390344046	0.5064752252252253	0.4935247747747748	2.4659131695413303	3.0938859608204337
7200	2.4659131695413303	0.8	0.5512600868137352	0.0812813478324789	0.4444175469208594	0.08194044346478202	0.4274804098765466	0.07990345392911108	0.5764878213131509	0.07730521391287842	0.534581380991608	0.08457932454719598	0.4669178886344719	0.08309384911090295	0.5207041017139524	0.08177034595526878	0.4927670903866389	0.08228470035336845	0.5636656295137847	0.07975470816803626	0.4418390583171268	0.08185581942982047	0.42716647172738437	0.07987029257124292	0.5737441697065752	0.07866038566084199	0.39428695920873025	0.07335380924678572	0.6047618112758911	0.07167767385126089	0.42724219711531247	0.07821119089919598	0.576614038953861	0.07610213922657989	0.45792067850651597	0.0829857975469342	0.5448251644758159	0.08132778733970368	0.4656545080378009	0.08102951041989766	0.518598630962201	0.08364544478741859	0.50694058856191	0.49305941143808996	2.4659131695413303	3.0938859608204337
7300	2.4659131695413303	0.8	0.5517607607874998	0.08153135851699012	0.4439955482594073	0.08183264634569216	0.42901644249675835	0.0802928512763081	0.575661320458475	0.07733351294437206	0.5352647731884155	0.08442081044484208	0.4654966157659366	0.08284148284834089	0.5212015649277344	0.08170087232747461	0.4914139266203846	0.08221982156812369	0.5647125150421948	0.07961092904270696	0.4406940053686558	0.08200300170184667	0.42718208054544266	0.07981047303113631	0.5739894637820533	0.07863904335463337	0.3939050268430173	0.07341285060819719	0.6044477523707581	0.0716027363495165	0.4282851407773592	0.07836045468279701	0.5756321788167492	0.07636417280983254	0.4574321875253842	0.08280933474752944	0.5444526867545817	0.08151757144100844	0.4654996526021808	0.08119086747235714	0.5180939034991574	0.08355412774904991	0.5069824753559693	0.49301752464403065	2.4659131695413303	3.0938859608204337
7400	2.4659131695413303	0.8	0.5525043291351025	0.08130185599733356	0.4436146380490918	0.081823831993858	0.42906214883224353	0.08016798584129624	0.5746533950562589	0.07734347110741324	0.5356800948200691	0.08439456616499366	0.46518218406786443	0.08284369361313121	0.5225223680531245	0.08175200691177419	0.4916001078556395	0.08214394756641992	0.5654078536578694	0.07946698019420306	0.4398257129914527	0.08203122393821884	0.426388860588899	0.0795629227638445	0.5740539175535059	0.07846747529683105	0.39393565702803623	0.07342199636927675	0.60385853712421	0.0717761040677146	0.42966372426999766	0.07842659145534207	0.5745761745908331	0.07662311506988886	0.45777422109578697	0.08285500713761973	0.5448309756653232	0.08154099147545338	0.46580212144837163	0.08134684138260154	0.5178040524784627	0.08361466827476333	0.5079686655861696	0.49203133441383035	2.4659131695413303	3.0938859608204337
7500	2.4659131695413303	0.81	0.5524517995110447	0.08131991684590581	0.4432192012553358	0.08194390164157196	0.4290501340154506	0.08004518693747062	0.5741266850209057	0.07743092880143593	0.5364958449489518	0.0843815660801305	0.46427871478217053	0.08272130739962127	0.5229486374541702	0.0818194041219608	0.4907557609796278	0.08222084779854914	0.5648430554820109	0.07949813225859238	0.43997178458185215	0.08213231632393272	0.4262012209981589	0.0794598746500531	0.5742079436629466	0.0784045387253387	0.3928802219018668	0.07330167724650868	0.6038784917943373	0.07180836398138336	0.4308566444615848	0.07863037237807609	0.574148042447516	0.07675107060193292	0.4592624146317636	0.08302741295099905	0.5454042121173366	0.08167517081679079	0.46635528457554587	0.08184306451352863	0.5172831859101623	0.08371058634901953	0.5091950959488273	0.4908049040511727	2.4659131695413303	3.0938859608204337
7600	2.4659131695413303	0.81	0.55252547866044	0.08110708292132901	0.4434862590678376	0.08177813649351279	0.42934311483248594	0.08001918133745116	0.5723094586871214	0.07767989524629951	0.5372021426916811	0.0843835732441901	0.4644039716774052	0.08249489197947037	0.5227281731330911	0.08168120118940367	0.48893972950657294	0.08205557808442002	0.5655837277618958	0.0795578578556147	0.43978730679149014	0.08180519338107921	0.42653104998766334	0.07963791961426007	0.5755369795251987	0.07816375925218123	0.39276602409214495	0.07317285877006954	0.6046018940850675	0.07162262084322682	0.43129972164912117	0.07859390448999916	0.5730054691207151	0.07719810734578836	0.45906698901965626	0.08278500576970944	0.5443036145303494	0.08152414298473362	0.46735017782625404	0.08190555507321459	0.5173322871866884	0.08359328913846342	0.5081536033666492	0.4918463966333509	2.4659131695413303	3.0938859608204337
7700	2.4659131695413303	0.75	0.5523076020191031	0.08097364052054992	0.4439738962777021	0.0819955248659773	0.4302030031559106	0.08015101618916268	0.5723472658715013	0.07777983450720942	0.5387973173091789	0.08430965838713345	0.4632907293829979	0.0826151487240845	0.5231396702644373	0.08162695052239519	0.4886752460531646	0.08183102138474511	0.5656675572406592	0.07935701403751251	0.43963513016460204	0.08171085226372508	0.4256588304501094	0.07962622437289817	0.5749378069154009	0.0783756731862857	0.393563965872615	0.07327184851386775	0.605059561723555	0.07155692312026012	0.4319806441919532	0.0785694153161537	0.572922258882527	0.07711578130462562	0.45951627241375886	0.08271358549332893	0.543748153044714	0.08167041688233861	0.46770435989807135	0.08199509911066728	0.5172729500797317	0.08366194012802113	0.5070093457943925	0.4929906542056075	2.4659131695413303	3.0938859608204337
7800	2.4659131695413303	0.81	0.5511023242242189	0.0809710837471626	0.44352100824550234	0.0820544895336247	0.4301234287840296	0.08006073753801943	0.5719748540628684	0.07792845466388737	0.5392767047446909	0.0842111739887101	0.46294830048527413	0.08269484171247798	0.5237446803393933	0.08160947665233334	0.4887345865765745	0.08173224379803412	0.5667453644998506	0.07918239496776965	0.4393239159114552	0.0815159223352287	0.42599103055997645	0.07954754089276336	0.5752109207485667	0.07845277854790965	0.39284755560592094	0.07308189293583005	0.6040393287608172	0.07155247569814166	0.43247959977747796	0.0786322003629984	0.5720720952892873	0.07724955252263964	0.46076111550445226	0.08284610868474106	0.5440365086843734	0.08191442445650854	0.4677819585544525	0.0819251292964096	0.5175513550718261	0.08356629094580569	0.5071758072783188	0.4928241927216812	2.4659131695413303	3.0938859608204337
7900	2.4659131695413303	0.72	0.5507310319711258	0.08092377063134445	0.44270019308219033	0.08188867267847265	0.4311942615708186	0.0804457909995633	0.5708549317854009	0.0779520168203139	0.5394048502103692	0.08434745566311298	0.4621502707751044	0.08261313753164243	0.523357240012352	0.08137116089491168	0.4886830721720091	0.08157873062779868	0.5673387324148725	0.0789186590750538	0.4385924527026367	0.0811454498813555	0.4260575171539097	0.0796923269830702	0.5752382151244737	0.07842533230745612	0.3923189221591794	0.07303706165695156	0.6041387347450906	0.07152671326110888	0.43321026499928295	0.0786168164609555	0.5702651305144674	0.07759138621920847	0.4616886543376018	0.08301357550241041	0.5435460521929546	0.08199290145178215	0.46721397892436767	0.08190109786855093	0.5170496187664857	0.08337881233421801	0.5063259109311741	0.4936740890688259	2.4659131695413303	3.0938859608204337
8000	2.4659131695413303	0.81	0.5515874103018452	0.0807226165584617	0.4431262421511703	0.08182038103686418	0.4321240228995225	0.08045450080730612	0.5701610414995102	0.0780895283741707	0.539717735755817	0.08429931886554	0.46114015715560164	0.0824166117240903	0.5233786918946808	0.08148220278931437	0.4887122980846441	0.08162343714505921	0.5678890741488634	0.0788049011834032	0.4379722546985879	0.08119962932157301	0.42639696727058707	0.07965339794410739	0.5751864147871553	0.078485904420779	0.39203606155497056	0.07289942950866897	0.6039041283749808	0.07138149453015172	0.434021621348221	0.07868716143077568	0.5692721359432271	0.07790752768711583	0.46144476258043937	0.08291859251955724	0.5421090755025454	0.08231734585530993	0.46722644771111904	0.08198646974478462	0.5164216686427959	0.08347714182251423	0.5056221889055472	0.4943778110944528	2.4659131695413303	3.0938859608204337
8100	2.4659131695413303	0.77	0.5509403306207605	0.0808054135205414	0.4430968534263438	0.0817403099105057	0.43241588672399894	0.08061473228255552	0.5693172428598474	0.07824949484319021	0.5406164125615726	0.08433912453162695	0.4602959300242912	0.08233507914738175	0.5244626392942227	0.08121448823504038	0.4878144216653112	0.0814171956494798	0.5682162283419667	0.07899428337125076	0.43841651894421607	0.0811941745788695	0.4250979563643159	0.07944132753193611	0.5751305100786339	0.07854468919381276	0.3929061324592079	0.07320779191229074	0.6045294036725566	0.07146771750280166	0.4344846161027567	0.07858336680965587	0.5680114015782068	0.07801065448188856	0.4619758949369549	0.08294002817207992	0.5420927736987071	0.08203460321794134	0.46654954256223835	0.08195677903864833	0.516915904170115	0.08355358978442701	0.5062931885488647	0.49370681145113526	2.4659131695413303	3.0938859608204337
8200	2.4659131695413303	0.79	0.5509908973000109	0.08099454109848923	0.4435287300876487	0.0817022586007073	0.4330995049987809	0.08045510254278522	0.5692828323704899	0.07846930500195864	0.5407028332301327	0.08433283673552693	0.459283076842345	0.08216839633454276	0.5246959888836156	0.0815231565732548	0.4868925256233248	0.08133728790310352	0.5693544651600662	0.07886282099580962	0.438467556881953	0.08097586208800808	0.424914285135502	0.079288508310492	0.5755794600198375	0.07837232156345798	0.39203163049063605	0.07310272858811732	0.6043020538086105	0.07138077932282073	0.4358234089939009	0.07888814096637921	0.5675125860138331	0.07812988131154622	0.4619103312907329	0.08301832487635007	0.5413457018752558	0.08197893679888868	0.46736101178018197	0.0820496440584341	0.5163101435581493	0.08350806492350187	0.5070697220867869	0.4929302779132131	2.4659131695413303	3.0938859608204337
8300	2.4659131695413303	0.74	0.5511190949162921	0.08100536525476915	0.443627853958948	0.08172553980979348	0.43428229445929667	0.08063370864358654	0.5681467628211305	0.07876255706810303	0.5413274832653494	0.08424695261893843	0.45873586409399	0.08221272072218394	0.5246450166577052	0.08171144313844579	0.4865911483163934	0.08151190075294	0.5700754939271059	0.07842964287734606	0.4371897736235149	0.08074345337733733	0.42587311316592524	0.07932121008136254	0.5761227335482998	0.07820957957311411	0.39178827319827203	0.07296935078548956	0.6039110001297872	0.07142267432742137	0.4361566742502346	0.0791114608004526	0.5657604153098991	0.07845217328133192	0.4614382401516948	0.08280718682758263	0.5419157946382273	0.0816546642642283	0.466726867783303	0.0821788471967504	0.5161283082267658	0.08342312826481986	0.5065028901734104	0.4934971098265896	2.4659131695413303	3.0938859608204337
8400	2.4659131695413303	0.76	0.5509059710927953	0.0809131505504598	0.44232543886245473	0.08157984810784039	0.43450094384898047	0.08065472054751413	0.5666824533976377	0.07890162585929772	0.5415848756415059	0.084132611587552	0.4587296446898444	0.08219384194680689	0.5251912307340756	0.08156245356869617	0.48581467271793116	0.08145763935113924	0.5703378019395773	0.0782045638095885	0.4361347381439157	0.08068064250435038	0.426245032687642	0.07954125037565894	0.5756891559453843	0.07804573062859123	0.3913461577840384	0.07293298796646534	0.6043072920197138	0.071293013955225	0.43724432586580164	0.07938337610495731	0.5650383855740427	0.07854141818109932	0.4617123430153755	0.08270189883197082	0.5414624157759655	0.08177637800406264	0.4668900201184028	0.08207515120038793	0.5161184594367085	0.08314695158296848	0.5059495478343646	0.4940504521656354	2.4659131695413303	3.0938859608204337
8500	2.4659131695413303	0.8	0.5505421270557254	0.08105087001923479	0.4430552777057356	0.08158223747655098	0.434903850815507	0.08033058526286048	0.5663998643379072	0.07907628301770814	0.5421228261462144	0.08395093212203754	0.45863404051416773	0.08197922865497438	0.5254701781538996	0.08134914265870302	0.4853867428895816	0.08132405445978716	0.5706224771411782	0.07826945000042997	0.4357190925291809	0.08051005129770328	0.4262197639597417	0.0795717218178007	0.5753898800591499	0.07803503450023229	0.3912082441686069	0.07288151277761289	0.6049900547816163	0.07122701338193703	0.43775186511208863	0.07942485981759574	0.5637402906952126	0.07860418661173717	0.4615475865772869	0.08295928777730432	0.5403108710681414	0.08196600522179298	0.4675822542964644	0.08211621777857947	0.5168265189732935	0.08314746588677852	0.5059971777986829	0.494002822201317	2.4659131695413303	3.0938859608204337
8600	2.4659131695413303	0.82	0.5508541158512881	0.08105745009133998	0.44167901612843785	0.08166879733904191	0.43548805330634244	0.08044881365496795	0.5654639684316112	0.07922002283396044	0.5430960651364523	0.08391897855366724	0.4572071118332431	0.08173040936280994	0.5257964677781477	0.08119918832988976	0.4845118344763203	0.08121193992863383	0.5716919383540008	0.07807840351552979	0.4353917760976003	0.08045954072813333	0.42618636388278375	0.07939122252496249	0.5761052810824056	0.07829555225736369	0.39205501081881877	0.07292242950182007	0.6045076866010146	0.07149642275418562	0.4385134333238683	0.07938683358641016	0.5624595405314331	0.07874508993001253	0.46222204827127855	0.08312778336182298	0.5399785422230767	0.08174861401348944	0.46767743143698876	0.08196426261092767	0.5165493106530453	0.08308780858182387	0.504881450488145	0.49511854951185497	2.4659131695413303	3.0938859608204337
8700	2.4659131695413303	0.75	0.5504503542258384	0.08086311815038111	0.44088426575354167	0.0813471472672177	0.4354723129787867	0.08052835944515599	0.5645526431336053	0.07927924839754123	0.5430569697342991	0.0839155245278826	0.4566742270420542	0.0818802067224413	0.5257196558517446	0.081233263292798	0.48387232581350564	0.0811921711102869	0.5718489188135152	0.07802657879297917	0.435007514559352	0.08040039504970026	0.4263119603308005	0.0795145383204033	0.5759741803246952	0.07821736789320045	0.39211756062603886	0.07260315934943777	0.6049446023306276	0.0714178010229193	0.4396387450231622	0.07942993454607679	0.5611841329101993	0.07886507151056285	0.4630202706827153	0.08304359746497444	0.5399010518060658	0.08175911948603472	0.4682448590254061	0.08213068376126181	0.5160775619796103	0.08299171406436472	0.5049402573529411	0.4950597426470588	2.4659131695413303	3.0938859608204337
8800	2.4659131695413303	0.77	0.5499537945644586	0.08101256823752741	0.44003282879859995	0.08112198943163863	0.43597523006369976	0.08075719967989019	0.5634617692124833	0.07950108792404391	0.5425991535243085	0.0837033499168475	0.4558200479688316	0.08179315675255099	0.5261536338206406	0.08109898446178107	0.4840207687587496	0.08108346698158382	0.5721456787942542	0.07814306296926331	0.4343751119925905	0.08015810264467105	0.4260564697548187	0.0793858253178363	0.5761434840144872	0.07791017735208	0.3919870988956501	0.07247037913676962	0.6051264638483201	0.07132174516871785	0.4413253182838914	0.07979873771785598	0.5605930351583941	0.07914422175052614	0.4631385589747756	0.08303903721154844	0.5397057607028178	0.08189641265594526	0.46810915058006697	0.08210445933727854	0.5161811653101941	0.08292121414966147	0.5043162199000454	0.49568378009995456	2.4659131695413303	3.0938859608204337
8900	2.4659131695413303	0.73	0.5492918373056096	0.08103298028943534	0.43943205198318336	0.08099385038225768	0.43675086670293495	0.08083920705322105	0.5626569365243418	0.07948426410351747	0.5435860828075675	0.0836773043808076	0.4554286363424366	0.0817420432762778	0.525722452943084	0.08117765909299261	0.4828141622213841	0.08128901353335351	0.5730087628871443	0.07817319596636953	0.43460199136755046	0.07990305871374356	0.42624596821403643	0.07947901715359482	0.5761005900017651	0.07780385835488485	0.39196637565004333	0.07239591062625013	0.6055545671533449	0.07123286926950465	0.44232791647981395	0.07995241442331104	0.5595562644814113	0.07936564593238078	0.4633155643162161	0.0830570731172241	0.53944183046213	0.08175057943257201	0.46888413124593437	0.08215687516905247	0.5158821618914832	0.08293580703885937	0.5046046720575023	0.49539532794249774	2.4659131695413303	3.0938859608204337
9000	2.4659131695413303	0.72	0.5493026760159587	0.08090735325611853	0.4387299386124236	0.08097511233687957	0.4371912688061909	0.0808635549856286	0.5622777404295602	0.07966884095443756	0.5443638811502199	0.08353808485072588	0.4550983924501947	0.08173704940725814	0.5262209527705248	0.08123285957669016	0.48201754673654973	0.08130066596787676	0.573926490776484	0.07815211656592996	0.43546631833161265	0.0798960345634077	0.4268939950162691	0.07944706916351679	0.576815028561978	0.0778059213281988	0.39221173608462206	0.07240981857596461	0.6055320492546356	0.07138905279713152	0.4430258606693555	0.08019549549853378	0.5585969082092075	0.07962496452804584	0.4637400666072698	0.0831476743444606	0.5394873736260618	0.08181304689716788	0.46879409012622525	0.08218014353642386	0.5161058263806081	0.08301174219385078	0.5044424700133274	0.4955575299866726	2.4659131695413303	3.0938859608204337
9100	2.4659131695413303	0.77	0.5492413361680906	0.08100038140701184	0.4401849335330305	0.08097043479699646	0.4377180997384147	0.08097148730841272	0.5617104025663865	0.07966783608432361	0.5443699881485672	0.08351519708398629	0.4547571063939968	0.08173485191302773	0.5265810480485936	0.08102386396797118	0.48051476435668616	0.08153247572198301	0.5742222274217899	0.07804521272633476	0.4347801394562888	0.07975314784056199	0.4269976585639575	0.07949306546436083	0.5772970387243764	0.07780410492733963	0.3918137533817256	0.07254602647057011	0.6060114313160898	0.07166296960029074	0.44363864662322916	0.08032572912731577	0.5576003143227586	0.0801381905580807	0.464091383299782	0.08321564974268499	0.5386893431796438	0.08184872781129478	0.469553748506366	0.08232278262202675	0.5151868794389719	0.08299555312425286	0.5041739894551845	0.49582601054481545	2.4659131695413303	3.0938859608204337
9200	2.4659131695413303	0.84	0.5496881412896134	0.08100789457570376	0.44053494591739983	0.08091437756555718	0.4377889984460186	0.08079911747591895	0.5611925879240517	0.07975966912047631	0.5446771025846373	0.08339345788165406	0.45474237718517424	0.08176073239214417	0.5268018701324295	0.08094251616898594	0.4798468629371102	0.0813696474571056	0.5749181458358593	0.078015956598909	0.4339063444828873	0.07961520844498413	0.4278055769015459	0.07958301894344515	0.5771585353197852	0.0779991813160346	0.39118550116742135	0.07246550178464746	0.6060134129058952	0.07157854934614924	0.44382466831869805	0.08029717958892339	0.5567733564694193	0.0799976112042826	0.4639027314948996	0.0832380427831283	0.5388381636441048	0.08187475664482985	0.46994398797997045	0.08232629409525617	0.5159015004081096	0.08299699090019287	0.502716210343329	0.497283789656671	2.4659131695413303	3.0938859608204337
9300	2.4659131695413303	0.76	0.5493449898377439	0.08085958078302383	0.44116450312741656	0.08081184242326399	0.4380718050974413	0.0809284148992691	0.5608637091538637	0.07970943510508134	0.5448676762788102	0.08353577256901655	0.4539521584515586	0.08164553614803355	0.5282204426546485	0.08083222975968209	0.47866209659900333	0.08141447017328896	0.5748453968159492	0.07790430795741954	0.4341084711904943	0.07955867973617285	0.4283150161590454	0.07971627267523163	0.5766623842589013	0.07785521816843208	0.391342942754676	0.0723276598891878	0.6059850594858924	0.07149516165212097	0.4448395493307519	0.08029746113924101	0.5563294235867718	0.08019136189337253	0.46325806716648277	0.08308684179013365	0.5389728640620708	0.08201296311594575	0.46974878498939576	0.08240226416932453	0.5157318459215713	0.08297677733321761	0.5027944969905417	0.4972055030094583	2.4659131695413303	3.0938859608204337
9400	2.4659131695413303	0.78	0.5482928750104543	0.08072962375806139	0.4418593427276894	0.08076584432068702	0.4377485290526778	0.08100707151397533	0.5609303066111675	0.07984594409637719	0.5452915110835362	0.08346673750207174	0.45304084856102955	0.08157076444550335	0.528428534890223	0.08089268694632872	0.4776212519178371	0.08110974670200526	0.5751696689814222	0.07790115506149686	0.4336698815649273	0.07951454458675462	0.428278294271404	0.07962984501291151	0.5763407461598442	0.07790869768482729	0.3915778546974408	0.07251027231207471	0.6065532665138553	0.0713818125892567	0.44580501659736005	0.08043036802072072	0.5559837866371933	0.08005828075128225	0.4632948286850438	0.08300027755769014	0.5388078746108749	0.08201252697162846	0.4704466863234738	0.08254600204168702	0.5161936787716258	0.08303630772619601	0.5029774564015312	0.49702254359846876	2.4659131695413303	3.0938859608204337
9500	2.4659131695413303	0.75	0.5490425939315198	0.0805801655469514	0.4419983133809974	0.08067475965124542	0.43860968734309613	0.0812095429243312	0.559611388908347	0.08007952538959541	0.5457228960165262	0.08347759468941986	0.45242814091727795	0.0816587717611987	0.5288212569789528	0.08094962520796564	0.4778500171940965	0.08100283605443133	0.5755839897983367	0.07783247770242115	0.43322043973342617	0.07946855491658741	0.42835057106766594	0.07967939115932805	0.576678478887795	0.07783297450124388	0.39198677249043185	0.07253620274964132	0.6074100029862554	0.07119700479022803	0.4463508509133827	0.08024088447173539	0.5548141389719027	0.08023309633390364	0.4637917175751853	0.08308261573498249	0.5383527442252516	0.08193109898152136	0.47007341209358694	0.08264846329007078	0.516340417127343	0.08310903385775674	0.5030513468013468	0.4969486531986532	2.4659131695413303	3.0938859608204337
9600	2.4659131695413303	0.81	0.5491747603660253	0.0804718522225101	0.44172952153550554	0.08087657753805219	0.43924719472979246	0.08126616259662088	0.5581772618245944	0.08039701374909133	0.5469723263187741	0.0832985212079419	0.4520753677900801	0.08147597739874157	0.528469633808409	0.0807754879073361	0.4776118990786058	0.08104097224261993	0.5765690035639736	0.07792071902989996	0.432123226621222	0.0793242342627671	0.4286854286346338	0.0797591506245538	0.5765081962411601	0.07774251124147573	0.39203565008008007	0.07252185678063862	0.6078002576123888	0.07104457674654487	0.4470135856685797	0.08054132732761919	0.5538685601040273	0.08008048795070986	0.46340598408200073	0.08296319220668678	0.53822528149597	0.08193774825804663	0.46989210627582656	0.08265054748823993	0.5165420035863891	0.0830848240652454	0.5031236984589754	0.4968763015410246	2.4659131695413303	3.0938859608204337
9700	2.4659131695413303	0.78	0.5493537041442601	0.08040722746461755	0.4415845161737686	0.08077856412190157	0.4395011874878156	0.0812978181592454	0.5583664812567863	0.08027697915098175	0.5473826409960139	0.08331428925054384	0.4521852752270961	0.08148311730522569	0.5289336410096925	0.08065481053360472	0.4767869078224066	0.08103773781300641	0.577361754353882	0.07785254171233452	0.43189589482032903	0.07925342108982486	0.42967334591013867	0.07982764448172144	0.5754613839162207	0.07786889611779815	0.39172319117921484	0.07248919849975331	0.6076124274914693	0.07103427356142734	0.4469143007228065	0.08047636413489972	0.5533404666799857	0.08010078725352965	0.4641803015905942	0.08304543994819795	0.5376379002748306	0.08192970615284476	0.4705233499845045	0.08271049969265434	0.5165320909013144	0.08314819252693582	0.5032976092333058	0.49670239076669415	2.4659131695413303	3.0938859608204337
9800	2.4659131695413303	0.78	0.5493645552450285	0.08047804706593546	0.44146582765457565	0.080693701970624	0.43897525485877403	0.08121264265607599	0.557889461266868	0.0802782087357133	0.5475444067903104	0.08315291340226866	0.4524386010014262	0.08142668746028998	0.5291916423370221	0.08080773860773113	0.4766210901567028	0.08095968049351682	0.5760857038814595	0.07790437645091558	0.4308583410390572	0.07911690466058864	0.4295473990950517	0.08010335183835711	0.5756721909593955	0.07794237345606499	0.3913471051007252	0.07240099113950219	0.6076588173359835	0.07107416567890835	0.4477722467934406	0.0808058026335292	0.552754689275134	0.08016588909525615	0.4634296893524048	0.08308113465612448	0.537438592567895	0.0820282658219957	0.47091318952469824	0.08263478623804274	0.516819394571939	0.08322416904455589	0.5025499796001632	0.4974500203998368	2.4659131695413303	3.0938859608204337
9900	2.4659131695413303	0.79	0.5498434442183127	0.08052300355874133	0.44127576377983324	0.08064387141957023	0.43870878028724863	0.08130521558957418	0.557440480051893	0.08027194350667982	0.5482557958139073	0.08302500339143318	0.45228772282260044	0.08154286578041459	0.5300216908727438	0.08066019098830571	0.47660444794457213	0.0807864490455284	0.5764457712135298	0.07780470238314864	0.43138215045463635	0.07910701889199721	0.4298551203736633	0.07999446853519557	0.5752782587891838	0.07822116149765668	0.3918084339443837	0.07237245137943366	0.6078802657435739	0.07108150305658287	0.4477913175599598	0.08082393057148445	0.5524776970577083	0.08055240623148861	0.46282195578775404	0.08312855916227206	0.5372899298510082	0.08209350112613459	0.4708581727976247	0.0827969792039863	0.5171567994278872	0.08314352471517077	0.502827140549273	0.497172859450727	2.4659131695413303	3.0938859608204337
10000	2.4659131695413303	0.8	0.5499272920505741	0.08041050397649309	0.4414550621281922	0.08058598120191497	0.4387173461403308	0.08123952772467917	0.5575153046874235	0.08024418417992785	0.5486596829742386	0.08298692084948762	0.4523549604388645	0.08155164914065824	0.5301992789391594	0.08081806360531657	0.4764393827380484	0.08080196436718604	0.5768886700398371	0.07771844713008082	0.430891660991906	0.07905899066623374	0.4308608322321452	0.0802117324510356	0.5748573598496084	0.07832051503256796	0.39168826490764774	0.072307900599296	0.6080411968485049	0.0710022477564254	0.4480965246305586	0.08097662132313266	0.5513538868349657	0.08076695261545783	0.46250140423176783	0.08299786269467542	0.5373965862268388	0.0822248581465129	0.4706648309814	0.08282725434422829	0.5176121355166136	0.08308475749500369	0.5027988804478208	0.4972011195521791	2.4659131695413303	3.0938859608204337
0.8069306930693071
