DAG
attr0 has 2 parent(s): {output, GlobalHidden_0}
attr1 has 2 parent(s): {output, GlobalHidden_0}
attr2 has 2 parent(s): {output, GlobalHidden_0}
attr3 has 2 parent(s): {output, GlobalHidden_0}
attr4 has 2 parent(s): {output, GlobalHidden_0}
attr5 has 2 parent(s): {output, GlobalHidden_0}
attr6 has 2 parent(s): {output, GlobalHidden_0}
attr7 has 2 parent(s): {output, GlobalHidden_0}
attr8 has 2 parent(s): {output, GlobalHidden_0}
attr9 has 2 parent(s): {output, GlobalHidden_0}
output has 0 parent(s): {}
GlobalHidden_0 has 0 parent(s): {}

Sample	GlobalHidden_0	 Accuracy
1000	4.272883624557801	0.496	-6.243311994550493	1.5533387813537762	0.07943542953433308	-1.4467739915721045	0.476225275908127	0.0770803319478179	-0.5003049878156088	0.22933140232574167	0.08881164551265101	-2.3909213212735603	0.6836769761311666	0.08847840255003794	-3.0922731749395407	0.8230252228484549	0.08227196988272824	5.538146512864526	-1.1662334367379046	0.076213749952453	1.8676632947025562	-0.3310440479204586	0.08259864216537664	3.350081472535027	-0.6496575775644495	0.08447577624944537	-2.3904479535502365	0.6675233864379366	0.08488190590680564	-3.186674240038332	0.8656696759415768	0.08565728271455646	-2.28263570048932	0.6266520296078343	0.07713016710158949	0.26615626698409894	0.0759196807879492	0.08140508357884262	0.5316476429463969	-0.019530100360797463	0.08381820550715058	1.968872828277095	-0.33166499204954647	0.08727261549157045	-3.496074442528551	0.9117478384003247	0.07823849910238898	0.899845168967309	-0.07054045641378429	0.07539009263487421	-1.3466094082514615	0.41965992552062287	0.08458930877118125	-2.46368091633516	0.7056052498161447	0.08541939577247583	-5.022758104612131	1.2895399925302733	0.08613658468987183	1.4785315616187418	-0.22999169642964937	0.09107486064362702	0.4960159362549801	0.5039840637450199	4.272883624557801	0.10001535758948278
2000	4.284689816903595	0.738	-6.25578845329171	1.55042254852792	0.07197159752732155	-1.4324651403559305	0.47958657106021924	0.07251307512342774	-0.5209945606758062	0.22447734827265872	0.08312944190718567	-2.3734460886975404	0.6877829028933324	0.08279248146114153	-3.08659692299956	0.8243627893491251	0.08072995875611716	5.5402606659869855	-1.165743507056994	0.08096186429041954	1.8746148374421525	-0.32941457956385406	0.08491597086531971	3.348519462279682	-0.6500281169962064	0.0836842874554198	-2.3888496775979524	0.66790315310457	0.08056577114968115	-3.1883046429507917	0.8652922742504662	0.08505842244161281	-2.2730679898510338	0.6289013609423533	0.07787265599053249	0.25685747603570364	0.07373779871684608	0.08201569651914152	0.534415285972515	-0.01888068217098714	0.08408275811000503	1.9743935940116335	-0.33037149660239506	0.08281999583279762	-3.484965793629945	0.9143606298291708	0.07869962921255613	0.8941746246934447	-0.071871652364947	0.07833216805190878	-1.345030808627645	0.42003326010426123	0.0815109379562937	-2.47053678180372	0.7040006056554494	0.08380288363703042	-5.024674883254182	1.2890992640434136	0.08122156379208303	1.4835341458602553	-0.22881915721226403	0.08579551825722508	0.5	0.5	4.284689816903595	0.1000147722715056
3000	4.278627186821439	0.776	-6.268371645324207	1.5474763436046788	0.06750580508280639	-1.422650447843094	0.481878521091756	0.0687030823265607	-0.5195405600591039	0.22481635258547666	0.08040467729955192	-2.3703075265369447	0.6885140404483111	0.08106276408847006	-3.083169373083037	0.8251611982488312	0.08037221123495843	5.5343938378501	-1.1671114108707752	0.08155624998354201	1.8783226476081971	-0.32854697672810246	0.08367166429004223	3.344850781298225	-0.6508834615239606	0.08244855560344307	-2.3860946642752245	0.6685449084659535	0.08269648573452273	-3.1899388808302565	0.8649074550222188	0.08205025735302483	-2.263225426648414	0.6311997820454817	0.07901719129600543	0.25301377127776176	0.07283921669947542	0.08166287412788875	0.5356341538629248	-0.018595761426399002	0.0831177739875469	1.971847119987343	-0.33096555361519076	0.08330745421149548	-3.4854400642620167	0.9142469675626245	0.07871118854436922	0.8873232782396239	-0.07347280486753151	0.0800331110098715	-1.3391599042142792	0.4214039840180041	0.08357528737678552	-2.472389284964026	0.7035653998904616	0.0830812910184754	-5.029214197660389	1.2880342549295605	0.0810002092033058	1.4816582548393393	-0.2292567792823523	0.08390279066466483	0.5	0.5	4.2786271868214385	0.10001451803169062
4000	4.283376611964186	0.753	-6.273994403043799	1.5461624086406944	0.06415969176773542	-1.411515096824411	0.4844842398613779	0.06397216780435577	-0.5114454280066157	0.22671041327537145	0.08227511785481696	-2.385403511425825	0.6849827491508652	0.08186003892360424	-3.083385477449149	0.8251112684517601	0.07976794512202887	5.531480557182067	-1.1677939599700782	0.08080038952801236	1.8785912878703541	-0.3284843778403287	0.08164855043209422	3.3398653379611405	-0.6520504373440412	0.08256059809714623	-2.381250080456639	0.6696788223833129	0.08250779503518847	-3.1912366967137373	0.86460448208526	0.08404239439574722	-2.2573096148389	0.6325843420525086	0.07936044643371261	0.24794181881956992	0.07165256375614222	0.08146537760462218	0.5375046386529241	-0.018158142258255756	0.08290209356444349	1.9703362763612857	-0.3313193068592346	0.08256484053017518	-3.487009862463803	0.9138803398304675	0.07966449980029316	0.8865538034070577	-0.07365290224798354	0.07955944993764302	-1.340934279242171	0.4209891637936391	0.08316158123355154	-2.476511332165363	0.702601506331311	0.08477118817685972	-5.024860669220721	1.28905375193536	0.08197478303963801	1.4835755560563129	-0.22880839995290989	0.08325842286349738	0.4982517482517482	0.5017482517482518	4.283376611964186	0.10001441480813825
5000	4.277694228396443	0.796	-6.283603405044904	1.5439147415337406	0.05970099077431129	-1.4037601757281286	0.4862941264861554	0.05955030423847331	-0.5022600484570633	0.22885500265445316	0.083679355931917	-2.3882776050698546	0.6843104551735255	0.08149062785985048	-3.0799956712710674	0.8259012730363747	0.0786324936096581	5.533301016342535	-1.1673670717416222	0.08261687184658989	1.878947738289614	-0.32840050501740664	0.08229926284492906	3.3375755137578427	-0.6525841644222229	0.0828512099785279	-2.376594041948409	0.6707648673513302	0.0821063309555768	-3.1922934636866716	0.864356339022786	0.08435908846154906	-2.255604426899252	0.6329814325615951	0.08024203173038834	0.2432986730055481	0.07056809368100127	0.08157441491388623	0.5389111090429065	-0.01782964694407643	0.08393577549558634	1.966123159941775	-0.33230264955946415	0.08197189657945103	-3.4833054344510233	0.9147438222127554	0.08074530090095791	0.8831902220908113	-0.07443834484126173	0.08082302395666979	-1.3383119661596683	0.4216007412613496	0.08184824146384304	-2.476074408823437	0.7027024037991615	0.0825393734976171	-5.023037017373369	1.2894772287169132	0.08297482685157506	1.4865460491845683	-0.2281143261704728	0.08226595742524768	0.5033972821742606	0.4966027178257394	4.277694228396443	0.10001388269543768
6000	4.279090254394081	0.79	-6.285737436570962	1.5434158628076367	0.05682659024079455	-1.398407093404643	0.4875447576074834	0.0564491877514671	-0.49589967319611783	0.2303410606467968	0.08393119107693046	-2.3994899635204816	0.6816906197584565	0.08110795441882161	-3.076918279097697	0.8266201961469131	0.07926691798717544	5.5334321917645966	-1.1673362513484629	0.08245437752741992	1.8777768440696148	-0.32867404644156284	0.08247629578298774	3.336487692451983	-0.6528382412740449	0.08337187426155737	-2.379887986048603	0.6699951315308105	0.08190325195075317	-3.1908041604716475	0.8647041935118509	0.08432408268382215	-2.2533765470941693	0.6335019041771404	0.08095411718358357	0.23789565386302977	0.06930563240431287	0.08114688711653825	0.5420572961590147	-0.017094514373024075	0.08423974171773996	1.9632733528729784	-0.3329684526769115	0.0820769634996813	-3.480474637183266	0.9154051239769005	0.07902534495584945	0.8779898656097352	-0.07565345389952971	0.08125628355147475	-1.3373256813756185	0.4218311263316759	0.08176994567824003	-2.4759317539354395	0.7027356286454027	0.08196097160482847	-5.02413489922966	1.2892205162605002	0.08292172837914136	1.4839356636104823	-0.22872420080318343	0.08287163630652614	0.5036642238507661	0.49633577614923385	4.279090254394081	0.10001381187161441
7000	4.282228967781449	0.804	-6.290932570272821	1.5422009452281573	0.05500975423864462	-1.3955399559252666	0.4882151146815508	0.054549195013643886	-0.4919943105505162	0.23125421960893466	0.08416430179618901	-2.4074969023878388	0.6798183227987572	0.08112764041861836	-3.0718267959466576	0.827810674507098	0.08059752335960883	5.531611180560464	-1.1677619668682704	0.08219197819487277	1.8786990446835485	-0.32845837004244904	0.0817132055699972	3.334866809715834	-0.6532171937786048	0.08340535089631299	-2.378320045118662	0.6703616989103092	0.08260217445829178	-3.1921275773594924	0.864394653739567	0.08501520285554709	-2.250139012112603	0.6342588968142635	0.08118036807617633	0.23494227054479905	0.06861502400318899	0.08245388891763926	0.5441357464690864	-0.01660849865062286	0.08470103341066179	1.9606704239155752	-0.33357705756221073	0.08235991569567437	-3.479284743774543	0.9156832760063499	0.07947923747354682	0.8754543530322589	-0.07624634504964066	0.08164093032365607	-1.3361758415748328	0.4220999549675819	0.08210745895937542	-2.4761183162678573	0.702691936411823	0.0816348892997418	-5.023136417714018	1.2894538656718098	0.08217724703711257	1.4828935463942707	-0.22896785354162497	0.08322920476168634	0.5041404911479155	0.4958595088520845	4.282228967781449	0.10001365718093638
8000	4.28216847924004	0.804	-6.29384481921869	1.5415121175371034	0.053176073115798424	-1.3930932131903788	0.4887870382594521	0.0530538934911567	-0.48375509584982285	0.2331803632791005	0.08368267111883877	-2.416120072740866	0.6778023407464663	0.08225954368570934	-3.069534941800814	0.8283463862947554	0.08130619264785756	5.530136225392309	-1.1681066900682684	0.08221145053447261	1.88116838618452	-0.32788103058966184	0.08149151868299885	3.332012332190578	-0.6538844656826707	0.08369244493218632	-2.377680495735409	0.6705111398646658	0.08210744092582087	-3.193260760070419	0.8641296500369973	0.08545140224863132	-2.247574331046359	0.6348584220270308	0.08155239556629741	0.23429284242600812	0.06846318957654692	0.08253684993147921	0.5457426589244583	-0.016232821172836333	0.08438911090168351	1.961623590450024	-0.33335419362681573	0.08288568632624618	-3.476147183112142	0.9164166985724234	0.08019627233328536	0.8745412999073783	-0.07645980141834606	0.08178769156363748	-1.3349618085550359	0.42238372930003176	0.08191366430562463	-2.4773764530737785	0.7023977354750072	0.08267059405238154	-5.022563321288643	1.289587701152775	0.0821592565890332	1.4853319748636058	-0.22839777658141497	0.08315364853850962	0.5087456271864068	0.4912543728135932	4.28216847924004	0.1000132371637065
9000	4.284158824529618	0.83	-6.295888402862842	1.5409393975559929	0.05192660553443021	-1.3939916945865447	0.4885443441441344	0.05200217598162107	-0.4779848409817294	0.23452974750774938	0.08396377255103402	-2.422182471425146	0.676384539100484	0.08223314439453525	-3.0683223151833348	0.8286298955286227	0.08156546602736761	5.528536779963895	-1.1684806499777254	0.08206356835321031	1.880865362374842	-0.3279518656354451	0.08230275364831904	3.329894534033077	-0.6543796834866952	0.08366742329534958	-2.379157084355312	0.6701657669847717	0.08242914518476122	-3.1947337143904	0.8637851019999344	0.08530446578905494	-2.2480367938815484	0.6347502112800458	0.08140233567422436	0.2338865862413143	0.0683681741741391	0.08221757800998392	0.5468149897397508	-0.01598204288550693	0.08367054575263674	1.9596141013319341	-0.3338241020252997	0.0829372853029716	-3.4749037986424756	0.9167073943056202	0.07988242960804254	0.8731828131757182	-0.07677750316481927	0.08182196145893088	-1.3355745026531858	0.4222404063383877	0.08195995293071265	-2.4762036964654115	0.7026719372649717	0.08316451395341652	-5.020438502261624	1.290084482568204	0.0825361150373514	1.4823271486602183	-0.22910045886664995	0.082449812904157	0.5098844957796534	0.4901155042203465	4.284158824529618	0.10001333358348177
10000	4.284608916848035	0.806	-6.296366079733132	1.5407849152671897	0.051286948340140706	-1.3938348094380806	0.48859286222844234	0.050893278300559605	-0.4741555702272837	0.2354289640731651	0.08319657559905877	-2.4269390656958385	0.6752722211255006	0.08164780391119686	-3.0693575520763825	0.8283769299593806	0.08180872659719855	5.527442790406907	-1.1687363701201956	0.08256284536675206	1.8811686635825078	-0.3278795941675165	0.08283991479018213	3.3265298711967484	-0.6551664153027269	0.08345932852490373	-2.3790482800156187	0.6701916777402148	0.08146005425347182	-3.1928311061896304	0.8642299311321976	0.0852500405631458	-2.246509856292765	0.6351261295702303	0.08194975056053379	0.23292348345636535	0.06814295458484249	0.08213467097283675	0.5476584196887755	-0.015784324880889464	0.08348659249395861	1.9599864881037503	-0.3337369942749685	0.08326962560526459	-3.473393393242546	0.9170812931205952	0.08065703592249028	0.8707772548587495	-0.07734590848757382	0.08213251266676905	-1.3347852725016094	0.4224285509321295	0.08193793046382498	-2.4799382523968383	0.7017985885757908	0.08320404831393684	-5.021127576680118	1.2899202310978637	0.08209603779738138	1.4825380688120082	-0.22905111748748852	0.0831916347937647	0.5050979608156737	0.4949020391843263	4.284608916848036	0.10001381184831572
0.6902727272727274
