DAG
attr0 has 1 parent(s): {output}
attr1 has 1 parent(s): {output}
attr2 has 1 parent(s): {output}
attr3 has 1 parent(s): {output}
attr4 has 1 parent(s): {output}
attr5 has 1 parent(s): {output}
attr6 has 1 parent(s): {output}
attr7 has 1 parent(s): {output}
attr8 has 1 parent(s): {output}
attr9 has 1 parent(s): {output}
output has 0 parent(s): {}
GlobalHidden_0 has 0 parent(s): {}

Sample	GlobalHidden_0	 Accuracy
1000	2.4659131695413303	0.495	0.5074249697000189	0.08738434475115538	0.49178285954588863	0.08840472676647534	0.4412102690546489	0.08317988162103274	0.5713191869293853	0.08026091493500558	0.4593130719917668	0.08874418465400828	0.52733053970959	0.08423074961981394	0.4462266570944261	0.0850167457634141	0.5529117696522808	0.08172248824551008	0.5366614977987852	0.08816654407791887	0.4774347119589022	0.08645885965622747	0.4500521727271772	0.08378473060396373	0.5150203696658331	0.08571179190745776	0.4060330393475342	0.07850475179155188	0.5947834544487458	0.0729046900361993	0.40236846712597485	0.07671021753684293	0.6183407588340879	0.06950664043320517	0.4219943128283917	0.08198724222795478	0.6064372425414587	0.07384526117632613	0.4480732086086706	0.07895303274138044	0.5430728404417599	0.0861902371559307	0.4950199203187251	0.5049800796812749	2.4659131695413303	3.0938859608204337
2000	2.4659131695413303	0.862	0.5103515745155135	0.08570395161659462	0.483061488768591	0.08819626629461078	0.4335094157901836	0.08032261086730594	0.5842101860689294	0.0767788576416217	0.4768678548043609	0.08591413669604221	0.5242387993427906	0.08419307712544956	0.47016642192689473	0.08200714629590602	0.546756255942642	0.0805819801232066	0.5448737246369019	0.08678163694048233	0.46391971179987057	0.08408300403141351	0.4486323340579128	0.08318002199611646	0.5396528254510101	0.08139985093687632	0.4006427393120367	0.07721014013386282	0.6090812009962483	0.06949839459533513	0.3909316458641765	0.07391013176768309	0.6158867001609076	0.07050920741880409	0.42691174792283726	0.07915651627476361	0.5843439837200919	0.07584768107956069	0.4516828182884714	0.07920345306930646	0.5279705143489205	0.08171842302101462	0.5029940119760479	0.49700598802395207	2.4659131695413303	3.0938859608204337
3000	2.4659131695413303	0.81	0.5266921392683083	0.08641092919054713	0.47056476933359936	0.08402515662471674	0.4275616850152929	0.08017303368652139	0.5948195235860662	0.07527602356254816	0.48979806745911164	0.08539408935729223	0.5041821583777034	0.0842451348743714	0.49446167282434145	0.08252928179006125	0.5189073313187141	0.08129930585697437	0.5487986036930314	0.08252503731102613	0.4614037188404037	0.08253997847939053	0.4374896368490189	0.08126937282081463	0.5528688879828862	0.08046588328170119	0.3999860511116348	0.07658921054406242	0.6011678945746382	0.07167663168490024	0.3929457065149638	0.0710080432153848	0.6151569313355507	0.069869076180819	0.4383725806956476	0.08104332583498393	0.5639063931348822	0.07916764270035799	0.4575385516917585	0.08153950010109816	0.5282763024949222	0.08292427344097299	0.494340878828229	0.5056591211717709	2.4659131695413303	3.0938859608204337
4000	2.4659131695413303	0.809	0.5349225075090165	0.08374132049221983	0.4577159076973487	0.08386248433540813	0.422802664372057	0.07912144162114977	0.597549364515284	0.07432100324189624	0.5022035965055311	0.0858498519070176	0.4905376591243995	0.08402025855372858	0.5081675947645455	0.08214440809977643	0.5078541417276337	0.08129669085955087	0.5527109484467314	0.08101977922788886	0.46072810062769604	0.08406618803082756	0.43502945754012784	0.08129945408193731	0.5586809274786406	0.08101748014567899	0.3979963510481106	0.07443176187625365	0.5976095650351431	0.0730597436937988	0.39497399637271097	0.07221601437638389	0.6030413808144585	0.07079031057433909	0.4464249487978869	0.08290708347914273	0.5565599647204154	0.08036078720478025	0.4573165009338461	0.08214005512158296	0.526054184628219	0.08281876783230173	0.49875124875124877	0.5012487512487512	2.4659131695413303	3.0938859608204337
5000	2.4659131695413303	0.806	0.5441222520546153	0.08226979322561055	0.4530631871512359	0.08249811852514972	0.42002359591817323	0.07867026943349467	0.5916323060354263	0.07504515963740958	0.5114574210018203	0.08576909746236222	0.47851254468918897	0.08358795406780585	0.5126936460595661	0.0826909201044016	0.5014950570530872	0.08198376215834761	0.552268261468024	0.07978148386363665	0.45633852493438687	0.08273862439125242	0.43309352851145394	0.08126292334708793	0.5624121200411513	0.07943144511881552	0.3942469969199001	0.07457089760949669	0.6020336173394291	0.07289280562918567	0.406302543915804	0.07393529372861793	0.5974215260945825	0.0729735878465044	0.45162833884541603	0.0827979889314585	0.5555478934259845	0.08137013646633431	0.4627604881318038	0.08212508606623412	0.5223853289279984	0.08248029000700659	0.503796962430056	0.49620303756994405	2.4659131695413303	3.0938859608204337
6000	2.4659131695413303	0.784	0.5516828548906259	0.08089243599664943	0.4515917499091915	0.08252273524321847	0.4228646207251645	0.07921554540025717	0.5873006111274164	0.07649915597682108	0.5233559559264156	0.08458632604086404	0.47284173865685897	0.08373510996015406	0.5163127665571322	0.08210089078095653	0.49881290473920414	0.08149553890223267	0.5569837372041261	0.08003396785428146	0.4497033226766596	0.08205911205629306	0.4289384242621705	0.0804523266885519	0.5671232729546286	0.07902654223457342	0.3923058785441335	0.07379108944354767	0.6018693682587597	0.07218216680111654	0.41615190184317047	0.07642841801507295	0.5885606499822138	0.07447294442980963	0.4560712142611061	0.08332073655861177	0.5494698913176714	0.08068572874050815	0.46516956308227014	0.0811483313255626	0.5175031918338777	0.08346932294144026	0.5089940039973351	0.49100599600266487	2.4659131695413303	3.0938859608204337
7000	2.4659131695413303	0.796	0.5505347110235423	0.08116645076781279	0.44546743205752126	0.08172579841542052	0.4263210013268078	0.07970178977151578	0.5776296587675133	0.07764676450000244	0.5315775281713336	0.08433047768010729	0.46842426892889316	0.0833889594660172	0.5206058052794781	0.08150965548110675	0.4933485745159953	0.08193846409861455	0.5631477932247657	0.07981399870743962	0.4441270125485208	0.08181608468486964	0.4277866003635414	0.07994374708285926	0.5723430464893506	0.07889315772024572	0.39489026375830616	0.07338212851733039	0.6040675547108043	0.07170316868365065	0.42641620770096145	0.07783006068078874	0.5789397466328965	0.07550471218696159	0.4576531958952286	0.08309181010702973	0.5460397353929456	0.08147341504107965	0.4649951739471971	0.08070035331516845	0.519549879799017	0.08366515335534606	0.5058537978298115	0.49414620217018845	2.4659131695413303	3.0938859608204337
8000	2.4659131695413303	0.781	0.5509850937371832	0.0806217957627167	0.44342059355982205	0.08175896965832592	0.43226042974186646	0.08039185650189402	0.5703746251091696	0.07796845578233952	0.5393641790822439	0.08402045254297238	0.46150312103023017	0.08219886243861083	0.5230200811475298	0.08122888657466001	0.4889668824400716	0.08139592435817421	0.567715608704237	0.07872951291691385	0.4384943938048294	0.081130691185497	0.4263725021741659	0.07962023470282453	0.5743734100498463	0.07843174612821781	0.3922691799301779	0.07289634220399219	0.603884378746483	0.07133138047267376	0.4333527654740516	0.07850517159700784	0.5697939046029978	0.07769887275538921	0.4610905822492209	0.08283802444048627	0.5429057970069809	0.0821555675195249	0.466623941035858	0.08198142688977421	0.5167388694203171	0.0834120892722348	0.5056221889055472	0.4943778110944528	2.4659131695413303	3.0938859608204337
9000	2.4659131695413303	0.755	0.5488022249084967	0.08081244292648522	0.439014543860552	0.08091213652600282	0.4372387647809223	0.08078780346918935	0.5625842029477651	0.07951724507943354	0.5440476325604044	0.08327725453938895	0.4554215614779748	0.08152049967858935	0.5258793569980923	0.08100381478394794	0.4822734256460041	0.0810678495149182	0.573727853370834	0.0780605019955429	0.43593722566567705	0.07983553335468449	0.42686817618808937	0.0794201448963464	0.5760838715788099	0.07775924095304235	0.39241789746692685	0.0724091532928481	0.6055030484316013	0.07134396592258248	0.44231128543164333	0.07997933799493513	0.55924216873028	0.07935757298578282	0.46341070547322755	0.08307424499466547	0.5402097196720614	0.08166919321645243	0.4682369178329095	0.08217769728321998	0.5163906639876227	0.08295543732857562	0.5044424700133274	0.4955575299866726	2.4659131695413303	3.0938859608204337
10000	2.4659131695413303	0.778	0.5494672878422256	0.08032691659992174	0.4416956151271285	0.08052476907148545	0.43874198034518086	0.08117077777987047	0.5578313904871037	0.08009479626303212	0.5483659278701893	0.08274007949526055	0.45264936585614246	0.08135411288713972	0.5298590509288384	0.08060284627719073	0.4766629555358435	0.0805730428713168	0.5766892720942457	0.07763314057047338	0.4313512731714705	0.07899445146452361	0.43079444462124494	0.0801768907126471	0.5742302531086232	0.07827518376137292	0.3918776065653996	0.0723082957116416	0.6080121983220959	0.07095769970259216	0.447400455910803	0.08076752368964141	0.5520174756653156	0.08049174762182387	0.4622086884542788	0.08293193187304203	0.5380665988441244	0.08209559985121136	0.4701326459756333	0.08282550718514124	0.5178522149117225	0.08303337350622805	0.5027988804478208	0.4972011195521791	2.4659131695413303	3.0938859608204337
0.6978181818181818
