DAG
attr0 has 1 parent(s): {output}
attr1 has 1 parent(s): {output}
attr2 has 1 parent(s): {output}
attr3 has 1 parent(s): {output}
attr4 has 1 parent(s): {output}
attr5 has 1 parent(s): {output}
attr6 has 1 parent(s): {output}
attr7 has 1 parent(s): {output}
attr8 has 1 parent(s): {output}
attr9 has 1 parent(s): {output}
output has 0 parent(s): {}
GlobalHidden_0 has 0 parent(s): {}

Sample	GlobalHidden_0	 Accuracy
1000	2.4659131695413303	0.489	0.4545645269485532	0.08391398777126667	0.5458266298736216	0.08052215149591511	0.38811206410049304	0.07025459237893564	0.6374683238621998	0.07257224348614974	0.5253579147821833	0.08262495013727592	0.4786067087513076	0.08927962626190056	0.46874364452272205	0.08095219813684199	0.5169112339830436	0.09250608522819043	0.4126126821568376	0.08629503368463855	0.5902438622818659	0.08155844904455596	0.46081792619178985	0.08802194946923346	0.5457537821407017	0.08593678621583999	0.49831747499467466	0.08981568949021934	0.5070731015867462	0.08454222682736204	0.41389392772172023	0.0832661263452131	0.6030331172329993	0.0774303974461109	0.4487217188566106	0.08334448177386351	0.5674619874380307	0.07624549331025805	0.4587087341110916	0.0813588599948235	0.5353260685491428	0.09029444712190052	0.48904382470119523	0.5109561752988048	2.4659131695413303	3.0938859608204337
2000	2.4659131695413303	0.805	0.5002912449724584	0.0853839794975446	0.5040580547276533	0.08503341669927204	0.37377745609111146	0.0691327800568855	0.6395462115503393	0.06940194296235958	0.5313530099997058	0.08165780758587962	0.46862244428105926	0.086550361108438	0.47558827329294906	0.0770697325614497	0.5142162659377022	0.08837591127176693	0.39004105704502895	0.08045033345303464	0.6115557015556755	0.07537324222897787	0.46262955828785257	0.08462666239759363	0.5332787911272338	0.08335024487852348	0.503000169674459	0.08523997506813867	0.5008167407670737	0.08149994404437995	0.4297282726067228	0.08109257519056687	0.5805426911287339	0.0801279813978007	0.45067242330398427	0.08162537335861775	0.5535346822251168	0.07852998680554374	0.474021272218775	0.08269641019411365	0.5183938361665952	0.08513781662625132	0.49001996007984033	0.5099800399201597	2.4659131695413303	3.0938859608204337
3000	2.4659131695413303	0.795	0.5158160568670588	0.08317251916262897	0.48125696839753185	0.08351530748369726	0.3770636104772998	0.06805159741335533	0.6360853668629473	0.06765930691236377	0.5521058027253497	0.08067541557601118	0.449803015611471	0.08274928883901482	0.46607860761030573	0.0795042900192986	0.5184527558229794	0.08766824294695452	0.39136632871919247	0.07854036597388132	0.6096605114654431	0.07473164775607288	0.47556835531639435	0.08452030354147202	0.5341829778191484	0.08476247718542639	0.5014922092336105	0.08543451557978603	0.503593471388005	0.08228286200969584	0.44324543267811906	0.08331420114503602	0.5636997038020743	0.07882581251051081	0.4617871595201122	0.08244451656428542	0.5436222815112428	0.0808476162498674	0.48024046225894623	0.08247855921464148	0.5067968423240583	0.08417028219254603	0.4910119840213049	0.508988015978695	2.4659131695413303	3.0938859608204337
4000	2.4659131695413303	0.797	0.5295590029157121	0.08122458636657091	0.47205617022462865	0.08264414415395882	0.38419016260407773	0.0697166044864879	0.6269787323312266	0.0713946347848919	0.561167456217598	0.08039128701207857	0.4400815608471426	0.0816987711072846	0.4609464935503167	0.07915726020192179	0.5257831180646589	0.08546046998273645	0.38277980751849866	0.07651274835963492	0.6115076788513124	0.07217011668089074	0.47653439146266846	0.08423534188622045	0.5293501016259653	0.08415607657293067	0.502148751730944	0.0841036397928011	0.5030993021753962	0.08362873904711327	0.44765893152674857	0.08534611909543113	0.5516612279407183	0.08026456892865665	0.4681674515569871	0.08320343447073242	0.5380030857719958	0.08206716529120553	0.49024327644975707	0.08276986825037498	0.5077652752859129	0.08463278432228412	0.498001998001998	0.501998001998002	2.4659131695413303	3.0938859608204337
5000	2.4659131695413303	0.77	0.5394024377905702	0.08103127168929176	0.45889548881929165	0.08158124932891496	0.39888597285070043	0.07219299267716768	0.6077339713100606	0.07398918891186608	0.5733131050263817	0.07950543896333111	0.43037923598695665	0.08041428000229318	0.45433498244668397	0.07955406535694347	0.534102495286554	0.08431339211551432	0.37837583104916395	0.07541092961139369	0.6124534646410523	0.0723458049715601	0.47515110596703586	0.08460167931595412	0.5228318453954474	0.0836516432452318	0.5080813798486272	0.08433535107098679	0.5040931579511004	0.08258332813662378	0.4516189843379898	0.08517422563627904	0.5497836172470252	0.08054136998486716	0.46971313867876047	0.08328857108588064	0.5366300144832687	0.08388705479769885	0.4925033754901287	0.0832809355939052	0.5086197192707004	0.08515702664733338	0.4968025579536371	0.503197442046363	2.4659131695413303	3.0938859608204337
6000	2.4659131695413303	0.755	0.5493736405665701	0.07984203321026152	0.4538622571725479	0.08056311191280711	0.41008280995516444	0.0741730225472434	0.5948592585708268	0.07708719222681756	0.5794880662095017	0.07845260765333326	0.4204304570517379	0.07865719897939176	0.4495722969021193	0.07895224705503753	0.547812167672346	0.0827605630883026	0.3799823635879122	0.07433621615389086	0.613445516153684	0.0725377654609422	0.4783631110577728	0.08443896775752335	0.5191553636250884	0.08480092432220077	0.5099576156029014	0.08411529986662522	0.4977355085647415	0.08246527227860273	0.4574275861517927	0.084712388305653	0.5432333730362361	0.08079763492806376	0.47520569390532996	0.08340246565196643	0.5343591485606927	0.08298173659193016	0.49480164482793604	0.08265490740104223	0.5082718489297423	0.08479352603964885	0.5001665556295802	0.4998334443704197	2.4659131695413303	3.0938859608204337
7000	2.4659131695413303	0.77	0.5555988887427609	0.07854300303053191	0.44711118422862384	0.07941393110590525	0.42013699299330587	0.07593282093698976	0.5847084584388031	0.07850604386826253	0.5767275696222702	0.07745427236202045	0.4189173802524508	0.0785531711964484	0.44041182386377004	0.07845336744851422	0.5544755153587344	0.08179905687461182	0.37498983271363556	0.07325347812324799	0.6149065484901765	0.07122455839561401	0.47936195297559187	0.08470636658004034	0.5189599415626933	0.08466965247911819	0.5098477311401372	0.08402337035705519	0.4967232117513315	0.08217468888616773	0.46312049063919575	0.08374410830053244	0.5400559247726855	0.08038483038969661	0.47728990188779236	0.08362216251577721	0.5317331628615876	0.082883649245977	0.4936640431561231	0.08274874694498398	0.5091286016479161	0.0854723777001742	0.50214163335237	0.49785836664762995	2.4659131695413303	3.0938859608204337
8000	2.4659131695413303	0.781	0.5598255941327628	0.07845632754313245	0.4416034933438995	0.07920742364808211	0.4296701984556001	0.07715338528515073	0.5753564813991657	0.08008503753263171	0.575890754802046	0.07698859578325887	0.4164312280985375	0.07817615041245983	0.43499660025095965	0.07839776075270614	0.5580745273445507	0.08113202088687131	0.37354696042007135	0.07289873197735329	0.6158837013371735	0.07095419313385477	0.4819120866603046	0.08391490173536752	0.515229112416673	0.08497946641443326	0.5098349410664328	0.0840311193561692	0.49772569254102283	0.0825952104440233	0.4658335620701284	0.08342686301705898	0.5340411500390936	0.07969115270767216	0.47931997992155895	0.08316513394901096	0.5318560523418812	0.08304142640214347	0.49419300372215286	0.08271980153474727	0.5093031403219543	0.08489550255592784	0.5002498750624688	0.49975012493753124	2.4659131695413303	3.0938859608204337
9000	2.4659131695413303	0.793	0.5633323021643277	0.07810573273660741	0.43835391630623444	0.07853390341478786	0.4389093850058994	0.07903056713639153	0.5647525341823547	0.08146451121201702	0.5805538799759021	0.07573354625155	0.415318687569234	0.07789123728965637	0.43424280648395375	0.07823208260213833	0.5637381635718031	0.07914766140442216	0.37397421828891664	0.07197544256666309	0.6172693541084595	0.0708455924586535	0.4828566448407797	0.08403176868243874	0.5135033464604073	0.08421662225613374	0.5106043405484981	0.08416600994254636	0.5012960836541751	0.08312008709268301	0.46750618096953794	0.08376772384551696	0.5304848677356055	0.08006158653561078	0.4823195253510491	0.08354619211364017	0.5321024663856665	0.08257399505176845	0.49365306516713553	0.08252302738896361	0.5095978097860895	0.0845819635938399	0.49944469124833407	0.5005553087516659	2.4659131695413303	3.0938859608204337
10000	2.4659131695413303	0.811	0.5676646674573516	0.07804551734024907	0.4333317582862228	0.07801426864013677	0.44687447018821097	0.07975953274023163	0.555926774060043	0.08147475797995817	0.5822065110338752	0.07584816215185901	0.4124602296041126	0.07708599971935101	0.4322208608270456	0.07825443403231401	0.5658135137923466	0.07913607268299587	0.37344870291390786	0.07108078511332373	0.6182776493311398	0.07019655089952469	0.4840839580557928	0.08412040159101161	0.5120099468657029	0.0838659158702131	0.5099121694798233	0.08401510009579424	0.5031100394563437	0.08377840982631587	0.47003265611099426	0.08438896058327332	0.5295301904098988	0.08087428748074355	0.4836835792499987	0.08328114158400164	0.5301133077856618	0.08290418026676369	0.49358485024597337	0.08265174973786875	0.5069796867864559	0.08412787925087403	0.49830067972810876	0.5016993202718912	2.4659131695413303	3.0938859608204337
0.6878181818181819
