DAG
attr0 has 1 parent(s): {output}
attr1 has 1 parent(s): {output}
attr2 has 1 parent(s): {output}
attr3 has 1 parent(s): {output}
attr4 has 1 parent(s): {output}
attr5 has 1 parent(s): {output}
attr6 has 1 parent(s): {output}
attr7 has 1 parent(s): {output}
attr8 has 1 parent(s): {output}
attr9 has 1 parent(s): {output}
output has 0 parent(s): {}
GlobalHidden_0 has 0 parent(s): {}

Sample	GlobalHidden_0	 Accuracy
100	2.4659131695413303	0.44	0.45350207274162563	0.13106180311180948	0.5106540109739474	0.13049419768944553	0.3639859026517931	0.12533805015180646	0.6113584342013066	0.10031052373877251	0.436332663181191	0.11064910812680918	0.5422622783449589	0.10928551560541093	0.42316509277732195	0.10347242375418078	0.6329820728405576	0.10093638298803416	0.3598444358596926	0.1036526300161463	0.5462639967973696	0.11315990017590527	0.46163074738669574	0.1257999284366439	0.5202299263482356	0.10236651488441426	0.4642253904241449	0.11083155380755416	0.5803098985047201	0.1026101465598217	0.3540708729983907	0.11998611382815404	0.5973706554484292	0.09733704586527732	0.4694545963998609	0.12927929318733233	0.5142761744516815	0.13155233329250046	0.46281568709354975	0.11702664666344945	0.6391418263958245	0.0932417804196163	0.4423076923076923	0.5576923076923077	2.4659131695413303	3.0938859608204337
200	2.4659131695413303	0.86	0.45263560059482183	0.09203047013532398	0.5226730986136506	0.11472586178596497	0.37615668117692125	0.09819084275848225	0.6082096617682884	0.08430788880829343	0.45821254093713204	0.08942979773050852	0.5483993325951138	0.0998970239704156	0.4267673035042173	0.09688288396560418	0.6030203562826948	0.09311005003843813	0.4033438727237972	0.087345152677366	0.550797400364542	0.10637155119855018	0.47918994580500096	0.10973881609852167	0.5371694072956809	0.08566152466861907	0.4628619230636653	0.09412380173926657	0.5775617662612249	0.09703042074744324	0.4086533528053463	0.10558699024839849	0.5741771712724655	0.09623063167273821	0.44501304385253143	0.10604042313053154	0.5428569320482917	0.10746740744505492	0.45575217835255144	0.08972668566226671	0.6063806677862155	0.08511017326071953	0.47549019607843135	0.5245098039215687	2.4659131695413303	3.0938859608204337
300	2.4659131695413303	0.89	0.4643344433956815	0.0910781362432599	0.5127229502599178	0.10696727921477865	0.3926211656217907	0.09169361943897672	0.6150815888205537	0.08287336252910064	0.4363268263203337	0.08305090022140428	0.5473240715146046	0.09529211463820213	0.3890791890196776	0.09229079664700646	0.6049016882626962	0.08499466506518993	0.4194861532133232	0.08520609175435762	0.5691287968571206	0.09559686323161604	0.4883805127139947	0.09931890806533698	0.5286063045149679	0.08860240971614311	0.4608456079206051	0.09001784084717672	0.5587080725019168	0.08783278355930296	0.42828576166270477	0.0956487785166869	0.5895833067417529	0.08917297290839608	0.4319299955565482	0.09376431837286663	0.5402579383659368	0.10344747697902597	0.4371695885207607	0.08511095590547764	0.5895615896456708	0.0833367869075192	0.46381578947368424	0.5361842105263158	2.4659131695413303	3.0938859608204337
400	2.4659131695413303	0.91	0.48938177180726733	0.08900156772020827	0.5025489788943858	0.10168894252166054	0.3892422676836941	0.09427073574870323	0.6257615470061214	0.0822362666498677	0.4092837541041136	0.07699998174691941	0.5508802107401093	0.09181616829786456	0.3870495954363872	0.08371790595982355	0.6023448151217842	0.08265327000030741	0.42382071883056205	0.08524258665724373	0.581765775516939	0.09002879951404962	0.4902405703084891	0.09587597875087372	0.5169429231404383	0.08606554321807978	0.4498119166326129	0.08585820147350122	0.5360775315566677	0.08331402356966523	0.4210813582968878	0.0874753359251737	0.5797600667163553	0.08781508554792664	0.4345996465554547	0.08891959136280594	0.5337201531195466	0.09916413527968658	0.44749014974474977	0.0837960616237243	0.5931082363367232	0.07680928658205212	0.4801980198019802	0.5198019801980198	2.4659131695413303	3.0938859608204337
500	2.4659131695413303	0.89	0.5043558737661659	0.08759686999870926	0.4927913773131177	0.10032688699410805	0.3958747146409812	0.09083402365498902	0.6260095034186224	0.08096903533368843	0.41885448879266335	0.07815349418411709	0.5562985378581757	0.08690310047954557	0.3925083003103347	0.08266636433356661	0.6064890604601674	0.07982553382528396	0.41944500148029434	0.08394279994888776	0.5752669328987219	0.08810841349433698	0.48817372018687794	0.09794285208664931	0.5125176338934533	0.08361862156448072	0.4739296304360467	0.08689181851767673	0.5286276007505484	0.08311073122945559	0.4214371804393808	0.08153838302219853	0.57615687792389	0.0821178385031291	0.42198731041162413	0.08730876515656284	0.5415416873947564	0.09508190491038677	0.45230811874968463	0.08387274229310543	0.588008930384728	0.07503952120159754	0.4801587301587302	0.5198412698412699	2.4659131695413303	3.0938859608204337
600	2.4659131695413303	0.93	0.5065261070308622	0.08724760951580662	0.4926068734470843	0.09699881772177209	0.38841555042058895	0.08710605720934025	0.6253229084548966	0.08031688702092439	0.4338956104983881	0.08006141351732513	0.5502417494046887	0.08586014076100776	0.3934793432004726	0.08028965287982737	0.6108233136440663	0.07557435723779239	0.4164756424666229	0.081271096626923	0.5767556423321516	0.0874710411549053	0.4774347005790225	0.09815867834615669	0.5022350437519286	0.085139548789752	0.4823715094045672	0.08591271088198829	0.5403304272415719	0.08059216598642481	0.42105622129228343	0.0828583122837538	0.5743635893725132	0.08254981284133404	0.4192668875987287	0.08774832186070122	0.5567412113592579	0.0941765853081313	0.45801835321598816	0.08069890017809336	0.59262634748058	0.07200489713094319	0.4718543046357616	0.5281456953642384	2.4659131695413303	3.0938859608204337
700	2.4659131695413303	0.94	0.508844434195654	0.08613658389655512	0.49861167357596364	0.09366338665688966	0.3843341486994756	0.08659565373732252	0.6116828870613918	0.08364029239164886	0.433828950839537	0.08096671783559826	0.5466134197198028	0.08197087737449	0.39306200813526615	0.08139254987835624	0.6240849816607262	0.07269810530249436	0.414154609681628	0.08124837221024953	0.5771994595984454	0.08676469240580781	0.47967234553987054	0.0968565591825094	0.505979335857508	0.08605271152751609	0.481742274896126	0.08525086127505811	0.5350435130924238	0.07956555004496407	0.4253502213182998	0.08330699578043364	0.5740440948647656	0.08170974555125919	0.4292266959122166	0.08796007864074358	0.5513856276388841	0.09298396229706374	0.4565703293970506	0.0827328670419452	0.5878168342897162	0.07200728866777847	0.4758522727272727	0.5241477272727273	2.4659131695413303	3.0938859608204337
800	2.4659131695413303	0.92	0.5058202461023601	0.08613995275188786	0.5064801965024961	0.0932336450119554	0.38210742676632614	0.08494455327149363	0.6160698988985978	0.07987514920307134	0.4383487212420877	0.08369826216224312	0.550857977414309	0.08122194171017774	0.39439182686422003	0.08194679151252211	0.6260172739396036	0.07214881908639209	0.4144277591703359	0.08066973523023058	0.5783114546613483	0.08422516008101191	0.47933152336521617	0.09570500406902946	0.5042325764677513	0.08719553343934243	0.4843951816066611	0.08808084969752454	0.5273858296365285	0.07894349658474932	0.4284911436630032	0.08458424005970631	0.5714137868709537	0.08188128746938292	0.43458211958790915	0.08633183831358743	0.5573486496912189	0.09247729047635436	0.44993329297601165	0.08226372068351061	0.5835042996397952	0.07425205389449441	0.4651741293532338	0.5348258706467661	2.4659131695413303	3.0938859608204337
900	2.4659131695413303	0.96	0.5087868937655837	0.08608400688144843	0.5057894816463484	0.09238204848064901	0.39079885372677636	0.08302966045504694	0.6193963660281647	0.07854492342422394	0.437595374613585	0.08320299902171464	0.5438319227809898	0.08182112564538527	0.3929704328767899	0.08037892475485577	0.6280036047281252	0.07424231063590742	0.4188260902970917	0.08150421786467305	0.5750710256566542	0.08479252144693164	0.4738811306012953	0.09431372064091702	0.5120207579441056	0.08546306300177481	0.486637538857329	0.08893404484822993	0.5233062696269419	0.08142864573298086	0.42862389081995317	0.08318197547353719	0.5714752739125736	0.08020182359690972	0.43319974907148967	0.08551849808598547	0.5626551309406479	0.09046301664045348	0.4433260716637174	0.08257778823759	0.5784390933173603	0.07561684676034879	0.4657079646017699	0.5342920353982301	2.4659131695413303	3.0938859608204337
1000	2.4659131695413303	0.9	0.5039254988723326	0.0865270826308404	0.5050602168125994	0.09051627758589828	0.39475711398443275	0.08330535746123278	0.6174474291893459	0.07679303643691861	0.43266009417930745	0.0836658011726616	0.5344204662849128	0.08313525288044812	0.38272501927549096	0.07858464219907867	0.626358914833563	0.07427347832243135	0.4257869513410394	0.0783275000455133	0.5827670648852982	0.0828956306170591	0.47399271637159995	0.09237516146085423	0.5115303889880987	0.08515590803859521	0.4915659237627053	0.08732492767045924	0.5153930567344994	0.08239691795770558	0.42433445994673474	0.08135474838061009	0.5703507449742738	0.08078390155175692	0.45072838962360773	0.08600860609893957	0.5604020354170011	0.09038651617599666	0.44995048606174687	0.08107668497221736	0.5818013902764598	0.07559054595441607	0.4721115537848606	0.5278884462151394	2.4659131695413303	3.0938859608204337
1100	2.4659131695413303	0.92	0.5079961562928338	0.0858638514261223	0.5011849839441391	0.09119060904005248	0.39344370714179544	0.08199155213360593	0.6152211857259168	0.07638073807137202	0.43016363433520144	0.08447367317930753	0.5280472055752419	0.08264652227928525	0.38478709441587283	0.07767085485372226	0.6246938869622269	0.07465028367960698	0.42692409638904516	0.0793294695902052	0.5829590123332198	0.08209338726475152	0.4738816346140487	0.09054266168353016	0.5113898311903994	0.08504948381731296	0.488923115706001	0.08597884799126511	0.5148621482912854	0.08317373014755494	0.4184160939378436	0.08048591587550646	0.5745500384075909	0.07973397213732748	0.44481412305313156	0.08510598511181885	0.5517578508056578	0.09074201419238091	0.4458244737095046	0.08045653007635858	0.5846248597438095	0.07432129588440502	0.4846014492753623	0.5153985507246377	2.4659131695413303	3.0938859608204337
1200	2.4659131695413303	0.96	0.4973988726976362	0.08475605332868495	0.4976834209516227	0.09129117750175907	0.3937764896312942	0.0792231211080136	0.6206522537255331	0.07475956354960275	0.4333058191578416	0.08539235469253705	0.5233516842176148	0.08342317118118368	0.3816949867454343	0.07525394034107741	0.6233167549988483	0.07490931878593175	0.42195241707940107	0.0780095594359441	0.5825988322041534	0.07965238035477326	0.4792327669317513	0.0889272311117613	0.5121798643048058	0.0846672987672948	0.48949258677171903	0.0857057460093119	0.5129407589803977	0.08342718429277377	0.41191664787359894	0.07879729132195089	0.5704445830633439	0.07923764681944802	0.4424861632640194	0.08582017562215687	0.5547300612336453	0.08955834464108904	0.4462494663077266	0.07986583695785437	0.5834824779522492	0.07591592677019972	0.48754152823920266	0.5124584717607974	2.4659131695413303	3.0938859608204337
1300	2.4659131695413303	0.92	0.49726216231523696	0.08526357230248022	0.4970244605237109	0.08919682986993886	0.39094041699732246	0.07806604437705239	0.6246497464481614	0.07494846478534757	0.4372990031382997	0.08600804934677847	0.5225638398899034	0.08290663466595506	0.3827945029385472	0.07642187393342564	0.6199462867731931	0.07402129830982393	0.4231483836176233	0.07693149634305683	0.5854144843695545	0.07968106572531608	0.4718810157848225	0.08866852301647832	0.511853670949635	0.08594556083610384	0.4884300687741741	0.08627189467220672	0.5132385312711345	0.08368218135939201	0.4123073983406016	0.07801069823052685	0.5662137023442868	0.0787627454025931	0.44397369293343014	0.0854990322866123	0.5547302145891135	0.08990633033502031	0.4451790446170316	0.07925662547683887	0.5839109495596054	0.0762631600298713	0.4808282208588957	0.5191717791411042	2.4659131695413303	3.0938859608204337
1400	2.4659131695413303	0.88	0.5004274921099873	0.08452261689705157	0.49703604626333237	0.08906505973009814	0.3940227024089357	0.07838792705382618	0.6245917273281332	0.07429630730698254	0.4393207926287555	0.08582205951156732	0.5270098374829686	0.08159207707263147	0.38455068320016844	0.07622247727784266	0.6153193566174794	0.07441122793281667	0.4307822705159869	0.07808963904648158	0.5886918545009668	0.07774944058923751	0.4731515859402317	0.0882662009425072	0.5097639694629451	0.08716877824198056	0.4903044225834947	0.08617214408707467	0.5158738612962614	0.08386012728768863	0.41350698578474093	0.07699618152076516	0.5744883195027738	0.07842818220441779	0.4519924161233157	0.08388795854909206	0.5592601259539894	0.08738279355259315	0.43506756178884476	0.07847423530794899	0.5810110496512846	0.0763771494060024	0.4821937321937322	0.5178062678062678	2.4659131695413303	3.0938859608204337
1500	2.4659131695413303	0.85	0.4923912086251196	0.08493114615664851	0.4982916094061536	0.08926791817504878	0.3941985996787567	0.07939491173760373	0.6195603496320804	0.07676436595338283	0.44191382571010596	0.08547376458300673	0.5282239112517387	0.08165113165671753	0.3879073384808253	0.0756871170837549	0.6130792211466114	0.07424087516894809	0.4276315340726919	0.07772129519041722	0.5886595602178982	0.07718773806021666	0.47338304577696716	0.08892049156016633	0.510038099717129	0.08659200650486482	0.48788664772102	0.08544115771431195	0.5173715174749389	0.08574286659822315	0.4158517689730178	0.07713130400769616	0.5749856957835751	0.0778148292496772	0.455001765989887	0.08496908525631966	0.5546962726395287	0.0867003598850225	0.43844438662131496	0.07889270157507518	0.5830156578062763	0.07724118149948904	0.4820478723404255	0.5179521276595744	2.4659131695413303	3.0938859608204337
1600	2.4659131695413303	0.9	0.49190901703390827	0.08530722495859394	0.49646039804134473	0.09025431876259472	0.3974346064445149	0.07901557928868491	0.6146377651026761	0.07708641825992187	0.44099086918977637	0.08530949444050595	0.5307402943095385	0.08252883453469596	0.38523406875357624	0.07463588322709702	0.612839834148444	0.07413144283021822	0.4273990157392672	0.07764730180356828	0.5920291710261658	0.07607854870249932	0.4716296389369882	0.08856872775566653	0.5127950810520985	0.08657114744490262	0.48452415638315777	0.08550722662508584	0.5151980560602626	0.08651449157516482	0.41658714027723887	0.07778033323017584	0.574549083904119	0.07746574198093281	0.4501126353480733	0.08496217727660735	0.5555442822293593	0.08629189762313835	0.43835360827378905	0.07894957620829743	0.5848489962723211	0.07664892240098108	0.4850374064837905	0.5149625935162094	2.4659131695413303	3.0938859608204337
1700	2.4659131695413303	0.85	0.49510131530772006	0.08479581416212072	0.49933187731786643	0.09104420521395938	0.4006013126632771	0.0788952887569896	0.6131231704290121	0.07691453497727802	0.4428848108087247	0.08481448076664475	0.5328681339482066	0.08226117953209021	0.39114943745121133	0.07508536783132666	0.6128875189195885	0.0743930293145343	0.4248601364249202	0.07683314046642498	0.5935845372392615	0.07539313147671031	0.4723411400883604	0.08849766220289212	0.512898163652146	0.08606590949654248	0.4843781484941475	0.08460084830071117	0.5176839208884877	0.08602868406777972	0.4151134705401606	0.07768952962899522	0.5774804740777818	0.07771444430022423	0.4494809423290439	0.0845267900755502	0.5555159079876691	0.08616208127738621	0.4375505864681941	0.0791043701064322	0.5839829200309559	0.07807134078093238	0.4835680751173709	0.5164319248826291	2.4659131695413303	3.0938859608204337
1800	2.4659131695413303	0.92	0.4987075688296073	0.08312362165244577	0.49934110829739364	0.09053470235628962	0.3997054192473695	0.0782129376657048	0.6165410950266001	0.07678856797349816	0.4453186128644384	0.0848523813442617	0.5345224388380538	0.0814637110002803	0.39489409504410306	0.07594220855380109	0.6120908303945428	0.07459265155745541	0.41883217205647844	0.07587051441070862	0.5886885911138742	0.0758301898786411	0.4661333811042167	0.08884280988931467	0.5150945866582363	0.08554523747122356	0.48664530125061994	0.08436434086690389	0.5137389436101105	0.0862470710002247	0.41842731592316884	0.07805528768167544	0.5770742617006639	0.07751206672528846	0.45251166009660976	0.08452770183419851	0.5553733398132937	0.08631102925614761	0.4356451779905044	0.07870347738676647	0.5833236677715451	0.07820068583638744	0.49002217294900224	0.5099778270509978	2.4659131695413303	3.0938859608204337
1900	2.4659131695413303	0.94	0.5026982199506138	0.08264076767001478	0.5023625640145164	0.08996544635044093	0.396510605535806	0.07797438549475896	0.6184047925679185	0.07674551677695776	0.4500845606733103	0.08515035234583627	0.5360298121223778	0.08134029924056264	0.39372176404143133	0.07538647030396016	0.608640757470415	0.07372944926259677	0.41880836863256127	0.07577868509954105	0.5854778879817557	0.07601522481615369	0.4675494007228045	0.08906219645771248	0.51246439478893	0.0859591536498585	0.4874068806250885	0.08366363974287128	0.5184222466351044	0.08713816935375969	0.41958305788396105	0.07859019619065355	0.5767574815385207	0.07734197706129275	0.4514616496333462	0.08593169090556635	0.5571232546288549	0.0855274740075628	0.4364084524222619	0.07912757667536216	0.5852164486148373	0.07745329924112299	0.49159663865546216	0.5084033613445378	2.4659131695413303	3.0938859608204337
2000	2.4659131695413303	0.89	0.5037156485436034	0.08303247031736086	0.5050953435183285	0.08926725890876275	0.4006363947232983	0.07840425797580235	0.6173048933296523	0.07622006687174078	0.4524098828430538	0.08440711146321032	0.5328723400554133	0.0826119272484472	0.39253151681626375	0.07602293392838051	0.6068084829279151	0.07393902318996952	0.41999517332829106	0.07588416435997318	0.590393729624204	0.07519522323565876	0.4688703447272068	0.08835772973440764	0.5137723252828702	0.08654937487135615	0.4863554568414174	0.08413139478897692	0.5206625171858004	0.08654536177409915	0.4191022594551953	0.07876005491786324	0.5770726469679432	0.07737116083836	0.4530456047345982	0.0864604326672272	0.5579124284546622	0.08492334366221958	0.4368295256362527	0.07879385452987178	0.5820657588059386	0.07727005314245118	0.4935129740518962	0.5064870259481038	2.4659131695413303	3.0938859608204337
2100	2.4659131695413303	0.88	0.5051587946529195	0.0827321433493816	0.5031697845849552	0.08949680342485303	0.3978968862011055	0.07727247067134012	0.6183829990871054	0.07628210736220867	0.45287397923827083	0.08367078062294707	0.529802986404151	0.08311916743242571	0.3921806217358824	0.07672692395096904	0.6071561021458816	0.07410094532774708	0.4198482986452083	0.07549138686117028	0.5904625800244072	0.07529060936796005	0.4704952107164475	0.08760777860605523	0.5116367337160393	0.08609701362727201	0.48265030923527247	0.08481350433996636	0.5181196052829345	0.08579270803596156	0.41721168082885807	0.07825782191825477	0.5751781430880254	0.077492406814681	0.4520798389378519	0.08517594532904618	0.5586989339597975	0.08424892350972633	0.4378894548742713	0.07844430449509916	0.5809759201353307	0.07713985242572077	0.49334600760456276	0.5066539923954373	2.4659131695413303	3.0938859608204337
2200	2.4659131695413303	0.88	0.5043763116314066	0.08242231341073133	0.5051784343033171	0.08912508374649222	0.39944022608107593	0.07666254176852569	0.6154561104747827	0.07622527321880292	0.45578917937882757	0.08288820703076798	0.5254065780666035	0.08352780084423138	0.39357276402741437	0.07633608239415458	0.605204662335006	0.07467972420160496	0.4172420654367008	0.07520619991357581	0.5912240897978215	0.0748998558983946	0.4690845383453757	0.08764294744785733	0.5160682278887959	0.08532022948997019	0.48051221832759045	0.08370701463450851	0.5193342632154693	0.08564630878157314	0.41601364415481323	0.07765919875273909	0.5718510878206098	0.07727806517727419	0.45262176928282705	0.08516990721515587	0.5554290413647716	0.08425808751324981	0.4374103299507781	0.07780653058832356	0.5842955299831757	0.07731909820364748	0.4941016333938294	0.5058983666061706	2.4659131695413303	3.0938859608204337
2300	2.4659131695413303	0.89	0.5054969446453665	0.08204786420767161	0.5024251827197573	0.08889094509882367	0.39900353439697334	0.07654205109286816	0.6129780855022587	0.07700501051059687	0.45297354550138064	0.08248872798199124	0.528420397218201	0.08368517787597575	0.39421499943812915	0.07638319309768234	0.6017023547690306	0.07459500020353625	0.4149079868891648	0.07551116667300395	0.5913784250555141	0.07498970263841505	0.4685691954989202	0.08725171821154286	0.5177939035834379	0.0849208404346714	0.4804171261059379	0.0838553681341946	0.520999200366436	0.08517757185004457	0.4199017096693096	0.07732380837499156	0.5716581331299725	0.07708544898713471	0.4529984120141359	0.08488640704569875	0.5581794688438174	0.08381653272785561	0.4367841783782379	0.078124948920776	0.5847412566516619	0.07756016219753104	0.4947916666666667	0.5052083333333334	2.4659131695413303	3.0938859608204337
2400	2.4659131695413303	0.94	0.5039120058911841	0.08236970999010335	0.503306236360613	0.08938659016145785	0.4021327429356828	0.07595744581018453	0.6130126711541432	0.0766193237138474	0.45386241250419906	0.08238196627714792	0.5282803312138876	0.08374776923580676	0.39240084332573855	0.07612437689669901	0.6008853261823611	0.0746770594222412	0.4155242673017496	0.0754069161277346	0.59305478592865	0.0745283541432864	0.46664630940449786	0.08665096913387148	0.5194553235297341	0.08445858256361781	0.48472986676696067	0.08408218930888176	0.5203275516725833	0.08477365188941131	0.4181892477026211	0.07704366181569221	0.5715561597390122	0.0763889962766583	0.45200173370816527	0.08467792989848387	0.5547910394732898	0.08388986444807954	0.43783633849675635	0.07911092632366416	0.5857761735688557	0.07744061767162021	0.49417637271214643	0.5058236272878536	2.4659131695413303	3.0938859608204337
2500	2.4659131695413303	0.88	0.5045940695063379	0.0826042987090571	0.4999249906421084	0.089112281622859	0.40183987291272677	0.07538469549492541	0.6126266392373799	0.07662452210305162	0.4557699478647349	0.08273238519851253	0.5249897260722067	0.08387762992300435	0.3954677060211883	0.07707340541636552	0.5982553313338547	0.07488131995708898	0.4119328695507716	0.07572444364947081	0.5947924822571937	0.07441035483553594	0.47052469822530435	0.0863337366772946	0.522816817235789	0.08461276419815854	0.4844149101650208	0.08463693994081013	0.5161370911809096	0.08532041645491778	0.4160866436420836	0.07712701184127546	0.5718287912734775	0.07616128302024933	0.4511799163095753	0.08448808583682824	0.5537814471283029	0.08391118479368859	0.44117834536892997	0.0791659309205527	0.5854325022378201	0.07728389750683122	0.4960063897763578	0.5039936102236422	2.4659131695413303	3.0938859608204337
2600	2.4659131695413303	0.93	0.5064045945477955	0.0817729290668342	0.49994550407287036	0.08858375836605357	0.3987200253462419	0.07455721986780293	0.6108635191495165	0.07604948613642983	0.45505569749100844	0.08245835439081853	0.525953215155562	0.08430840426660931	0.39651206825812835	0.07707329779313954	0.5986701847809683	0.07436916553419665	0.4106173666102574	0.07448032669257597	0.5940265684665567	0.0750178013435463	0.4680606489810679	0.08665517079642676	0.5223321544866133	0.08420909562745053	0.4866992375822593	0.08483547604697513	0.5152825642263759	0.08467697167764744	0.4166044531447592	0.07756435427132792	0.5746866542186824	0.07655031220150696	0.45213818648538046	0.08443106638710378	0.5556151345320016	0.08401742966740172	0.44321939222270007	0.07907988334027337	0.5826830843906666	0.07715649041792134	0.49846390168970817	0.5015360983102919	2.4659131695413303	3.0938859608204337
2700	2.4659131695413303	0.94	0.5078361063352788	0.08167980124090704	0.5026114221914529	0.08866691338981704	0.39987903737982866	0.07449580859800886	0.6090161656933335	0.07564655819362685	0.4562290755262421	0.0820531598509448	0.5288568272819041	0.08433835319905901	0.3958775674064475	0.07713540478031272	0.5971258294831799	0.07447485340714935	0.4091141532013402	0.07405289805575259	0.5955744020929422	0.07453164985989563	0.46957572191070074	0.0866822852776366	0.5241042459056854	0.08424275270711515	0.4860603370929256	0.08448837152392166	0.5139685380649275	0.08476697308648719	0.4160913530893247	0.07766377604404619	0.5762480523518575	0.07636219448796779	0.45159344445772215	0.0837005526444531	0.5550157249079366	0.08365275266577743	0.4445554202140122	0.07869225610066256	0.5801952708390541	0.0785979478166028	0.4966715976331361	0.5033284023668639	2.4659131695413303	3.0938859608204337
2800	2.4659131695413303	0.86	0.5083111072109117	0.08164560506145964	0.5052831782044088	0.08843703272337596	0.3975665455135512	0.0740615622792212	0.6082061476957589	0.07580627605838565	0.45581992767976776	0.0815052852059197	0.5280581445824107	0.08434407309934051	0.39637640778988903	0.07684337431189632	0.5960838044600159	0.0747573907682326	0.40909435748258044	0.07399527246914635	0.5964753876578814	0.07445926753156104	0.4709873377182529	0.08667341385774968	0.5220146650451982	0.0845609425054601	0.4869561292087774	0.0847168273707237	0.5151602504040044	0.08439836336119047	0.4222569805228602	0.0787377943163854	0.5746482068678946	0.07694780437558377	0.45391386142960916	0.08462513875156807	0.5569394985516872	0.08379198505782023	0.44435309696364483	0.07883373827907618	0.5783588269013781	0.07876679909169032	0.5007132667617689	0.4992867332382311	2.4659131695413303	3.0938859608204337
2900	2.4659131695413303	0.96	0.507633272256416	0.08159877498714706	0.505917676851469	0.08806360243520983	0.39579259672829936	0.07420283548886693	0.608489972863882	0.07537550583787658	0.4579242646289695	0.08154722716455355	0.528986322818782	0.08381284162092757	0.3981114018204645	0.07658746900547148	0.5944225686049747	0.0749859595025965	0.4108612937691298	0.07396493642553979	0.5991051651629606	0.07390179866049973	0.4709948701417635	0.08678436128613824	0.5235954600889264	0.08347167732860558	0.4880807162240731	0.08451640525519677	0.5140299800339306	0.08470538743983458	0.42149014192267525	0.07891545779359979	0.5740167643029401	0.07671852505963805	0.45410861216261333	0.08419153891716075	0.5551481205642522	0.08355198370344777	0.4427075669983344	0.07900214590400442	0.5778051488574935	0.07921455594837123	0.4975895316804408	0.5024104683195593	2.4659131695413303	3.0938859608204337
3000	2.4659131695413303	0.94	0.5089989395491851	0.0816590315654371	0.50774134897583	0.08714614131203333	0.3968875279834376	0.07429016775032282	0.6102318756908055	0.07502562635165379	0.45968956221390217	0.08112687074658867	0.5291925654439876	0.08375699787394796	0.3991964272302889	0.07644918653890334	0.592102384813997	0.07552093558586755	0.41058472270649715	0.07355927103116115	0.5990337273655686	0.07427293265263794	0.4728623688085798	0.08698451626138137	0.5231236231724057	0.08261078287973307	0.49210288217540316	0.0846284934220257	0.5129661218095234	0.08488052299330091	0.4210100240972184	0.07897616264689356	0.5748241694764281	0.07692134726915595	0.4542763236957732	0.08389105968561299	0.5553078662186985	0.08399967330181334	0.441805750913163	0.07919667237595197	0.5784382992753538	0.07919803268700425	0.49533954727030627	0.5046604527296937	2.4659131695413303	3.0938859608204337
3100	2.4659131695413303	0.93	0.5075765681466325	0.08150614749977185	0.5085772575068904	0.08707785919110302	0.39799839154116445	0.07434371091715726	0.6087497624453319	0.07455977494858512	0.4594691797325362	0.08100703632245093	0.5312262023455773	0.08353310155591105	0.3997155506208422	0.0764270621913737	0.5900997103035143	0.07556410534234982	0.4080198257696463	0.0738832410927785	0.5991603400757078	0.07429525934588997	0.4740541728867008	0.08714570799339617	0.5223254410825036	0.08255962931948425	0.49154962481328024	0.08398915535867434	0.5130315712678737	0.08523927570925004	0.4205039218653668	0.07904278799466755	0.5769635701793406	0.07646846928819999	0.45506872838927936	0.08358002657437348	0.554852276879371	0.08413631760097694	0.441596880335731	0.0789967769436273	0.5783365610959229	0.07914475712320397	0.4961340206185567	0.5038659793814433	2.4659131695413303	3.0938859608204337
3200	2.4659131695413303	0.89	0.5076429080585714	0.08146696536908282	0.5077739143198399	0.08686403232661091	0.3978612171254555	0.07500433106074153	0.6108382380259106	0.07496363465894136	0.4586292883672227	0.08109126049702849	0.5303628500821124	0.08326783425968301	0.40106285571659356	0.07694036352572044	0.5899684813947503	0.07564740060809874	0.40753904561649984	0.07417770088559507	0.5984811386908153	0.07442912304834488	0.47479899000324705	0.08704556131684638	0.5205082020455527	0.08269383294261586	0.49163402176591464	0.08404637434924782	0.5113398460582707	0.08488648144552217	0.4178653193413955	0.07870861343216394	0.578975864969222	0.07655681773756295	0.4547168279598375	0.08370931010896071	0.5534601954678814	0.08425928626486205	0.44116587933038226	0.07911180647336413	0.5780800415568988	0.07928602524908958	0.49625468164794007	0.5037453183520599	2.4659131695413303	3.0938859608204337
3300	2.4659131695413303	0.92	0.5062656735222357	0.08129296104916538	0.505344653609237	0.08682946482443979	0.3978052708462235	0.07444240985273537	0.6126214291296858	0.07508891330579115	0.4594159387730035	0.08053490370634496	0.5295086823138286	0.08355868333066607	0.4019276361503484	0.07660322867550771	0.5878546834646882	0.07572155106066585	0.4080634680148876	0.07393835163890614	0.599060980784784	0.0740880216050486	0.4742948932808647	0.08727239205588226	0.5199140290761575	0.08263376625758913	0.49201714329813273	0.08372754847615511	0.5120999986777584	0.08497390904781885	0.418831710086366	0.07864903971849528	0.576322771018549	0.07691270921525926	0.45431761160477546	0.08393638350941543	0.5509940665227959	0.08427775487375926	0.4407467153008523	0.07884004208196822	0.578077229840124	0.07948069747776826	0.4963680387409201	0.5036319612590799	2.4659131695413303	3.0938859608204337
3400	2.4659131695413303	0.93	0.5067179808580241	0.08109324280349589	0.5051849696646191	0.08724677951765392	0.39528962738724704	0.07412627290485779	0.6134951302365366	0.07465912771988936	0.45775294642349157	0.08083778587792557	0.5297790356872767	0.08362913729739185	0.4028800407658238	0.0766826643944748	0.5889916589391393	0.07561535908746292	0.40850611947599524	0.07419186606378889	0.5994109835162559	0.07392642978190758	0.4746994234968302	0.08683023881495182	0.5181483597392985	0.0820884237341025	0.49055082462494604	0.08394576737334096	0.5111685495997103	0.08497478646376236	0.4184613549714348	0.07882977884982753	0.5779172301956448	0.0767568545360846	0.455941528917555	0.08390403286277168	0.5496051343714285	0.08379383130431035	0.4406408452235287	0.07841808983882365	0.5767065966329836	0.08001246281940387	0.49441833137485314	0.5055816686251469	2.4659131695413303	3.0938859608204337
3500	2.4659131695413303	0.92	0.5054592964560757	0.08145846490403817	0.5074147577422471	0.08711555533922342	0.3932839338587404	0.07387927829109982	0.6146316846691455	0.0738908657410331	0.45613526868354914	0.08088786540221866	0.5295634409000118	0.08363198848995428	0.40449327237717125	0.07654300740383169	0.5880938399087122	0.07531791462782299	0.40806214892568	0.07410170883990966	0.6005107183714081	0.07334281548118128	0.47556438185971084	0.0867342527295635	0.518631555861045	0.08187361093820168	0.49154483043759956	0.08393210806956253	0.5124612940014449	0.08529506089305042	0.41965943261859784	0.07841480298934794	0.5764241115801975	0.07701938464690934	0.4569694824071921	0.08351513488510093	0.548574079014352	0.08322192324138111	0.4407122509998977	0.07855498996622297	0.5743584714335149	0.07958916918339377	0.4937214611872146	0.5062785388127854	2.4659131695413303	3.0938859608204337
3600	2.4659131695413303	0.93	0.5056731420556281	0.08143318229760046	0.5068322592243703	0.0869340592107411	0.39270800242649523	0.07365584822864288	0.615491253115009	0.07385599874659336	0.45472225794724186	0.08079356704493103	0.5297827254027869	0.08385671717166972	0.4017944271233929	0.07637819804739952	0.5882426360996705	0.07552808809977221	0.40693181387685984	0.07422985109726501	0.6016069953208559	0.07323933856651269	0.47497545997676044	0.08656141647745526	0.5190453894862689	0.08111203493641148	0.4900676133690371	0.08364720452539913	0.5095918591642186	0.08574682941379692	0.421303608365557	0.07882085191225385	0.575150376182675	0.07729786588995019	0.45546677053810186	0.08382271087435773	0.5485154075528811	0.08294330995806615	0.44267274472365736	0.07855804708038824	0.5732487624602546	0.07930460218510053	0.49306326304106546	0.5069367369589345	2.4659131695413303	3.0938859608204337
3700	2.4659131695413303	0.9	0.5055103336410395	0.08153377646827142	0.5071261597296078	0.08667613020246445	0.39161415509990594	0.07316300832015699	0.6152513538002579	0.07358141727368181	0.4533291363842547	0.08048556827977321	0.5302613612020499	0.08349140268390885	0.40175828805299485	0.07608589765747893	0.5888632713860117	0.0754962100061595	0.4063456802745688	0.0740376178938962	0.6010635293890585	0.07343216571504706	0.4760412691716905	0.08620868401248821	0.5204126533876262	0.0811876996660264	0.49185343627078715	0.083028613333738	0.5089625123378916	0.08574071332925264	0.42084591202711025	0.07875154768847245	0.5734405271804797	0.0774619734748698	0.4545959416748948	0.08319086887895498	0.5489890984823584	0.08301689155622685	0.4424143535544364	0.07895364003932939	0.5713061003271418	0.07919142208902764	0.49406047516198703	0.505939524838013	2.4659131695413303	3.0938859608204337
3800	2.4659131695413303	0.91	0.5060573380561363	0.08148510392720987	0.506910351308229	0.08635965368325996	0.38958701167985343	0.07303758924756154	0.6156293451818085	0.07348296574378588	0.45434947969662215	0.0801519251287727	0.5302564971889268	0.08364503826736072	0.4031913532853362	0.07599538930859012	0.5874726997639077	0.07547675216546014	0.40640032753784733	0.07430077110418275	0.6003231328471722	0.07345974832294433	0.47556135021315216	0.08570384095167934	0.5199415470644118	0.0814078853909208	0.49276734417216206	0.08317140387324935	0.5085532037040837	0.08527530597866904	0.42142568312324463	0.07891537106299677	0.5735579510119925	0.0770612641932634	0.4545337148433575	0.08306622812955869	0.5507853285197295	0.08278129940473986	0.442559280305977	0.07887233923118434	0.5725300924405825	0.07896242254413795	0.49263932702418506	0.5073606729758149	2.4659131695413303	3.0938859608204337
3900	2.4659131695413303	0.93	0.5056826828189607	0.08138633763524743	0.5056121040266558	0.08655130550263924	0.38867821411737463	0.0725160636395947	0.6166129011814825	0.07327994724252025	0.4529143591918296	0.0802740428308091	0.5312196843446594	0.08356607353124747	0.40216149481288105	0.07578135897562552	0.5871786026145911	0.07523918395667235	0.40668428525421574	0.07435610393499524	0.6012231562299484	0.07328717051123614	0.475562038103252	0.08586747347331511	0.5190860473737818	0.08151868681741449	0.49257997053265434	0.08338310310559152	0.5072353802926359	0.08533609248906976	0.4209852518979196	0.07875292557913655	0.5725682890610609	0.0765935515598167	0.45547195401219404	0.08286045955208117	0.5509896053400575	0.08307517461165016	0.442431781924815	0.07896870881280404	0.5719340431949723	0.07874527238016575	0.49359631147540983	0.5064036885245902	2.4659131695413303	3.0938859608204337
4000	2.4659131695413303	0.95	0.5044256300494923	0.08143738483302647	0.5077775776760746	0.08635010531422951	0.3882327500271426	0.07216074398731845	0.6162908585905774	0.0733219120515524	0.4514479648659554	0.08039559842297593	0.5309262298015017	0.08371313509860062	0.4036955250342682	0.07600760645756931	0.5878983807924926	0.07486062695354634	0.40533396889153017	0.07400776632735057	0.6017498799493584	0.07326094511055525	0.4747252724209485	0.08621517955455994	0.518956438780809	0.08147319447794343	0.49145124003029583	0.08322435668608415	0.5060170134146146	0.08571055935384231	0.42171768575870083	0.07873526951552763	0.5712095798146737	0.07683043584599604	0.45435969554558503	0.08280405877882022	0.5515448753749316	0.08302839974495564	0.4433971761504951	0.07914612099595791	0.5714249515243597	0.07920009864359596	0.493006993006993	0.506993006993007	2.4659131695413303	3.0938859608204337
4100	2.4659131695413303	0.95	0.5036325337876617	0.08204230361268161	0.5070635402014325	0.0860544408017236	0.3879325004825077	0.07202104267255713	0.6171240853429201	0.07274821901842464	0.450815692837845	0.08028478103892775	0.5326491556822013	0.08363144380401778	0.40499751428712366	0.07635269100891995	0.5877899951977203	0.0749960818238183	0.4038992891483379	0.0736115430208623	0.601790394501048	0.07291568206934085	0.4751145067048046	0.0863769138095221	0.5182641215782565	0.08178521683658857	0.4898940775262163	0.08308100189928382	0.5054768386964495	0.08587862777195873	0.42287260109027863	0.07884985599806271	0.571128686635903	0.07670322344805831	0.45482509277892064	0.08281835485576598	0.552704492608866	0.0827698758184974	0.44245052641414123	0.07893957550233915	0.5702642959380806	0.07915599684746946	0.49366471734892786	0.5063352826510721	2.4659131695413303	3.0938859608204337
4200	2.4659131695413303	0.95	0.5025659757156409	0.08236623913091495	0.5057295169116507	0.08586568848029656	0.3881818941591772	0.0717643685410634	0.6161750153067586	0.0728453800942508	0.4515817460562157	0.08033879413780655	0.5327943758224682	0.0836702437561458	0.4069041617215096	0.07639554869916702	0.5886202922583011	0.0753263955115026	0.40269177517211047	0.07327261975071506	0.6021113908626786	0.07303710408778487	0.4743869316426899	0.08626535160674917	0.5176644848378268	0.08223222634489029	0.4892635966122601	0.08269560830799283	0.5039612203142468	0.08616371430259995	0.42209466683208824	0.0788823835308233	0.5712717096753214	0.07703982958821066	0.45535071858190623	0.08280709310457661	0.5526994641427162	0.0826888447073613	0.44163246122604566	0.07884626363416969	0.5703543900789197	0.0790195782730697	0.49310180780209323	0.5068981921979068	2.4659131695413303	3.0938859608204337
4300	2.4659131695413303	0.94	0.5024003585485892	0.08233119099394615	0.5074962164117798	0.08595930787269923	0.3874630801322816	0.07183356993521534	0.61605336384757	0.07262026093795436	0.4503791473196007	0.08047710101817832	0.5327340708185541	0.08338036734166691	0.40847589689112046	0.07632000894510348	0.5886506876005579	0.07542508111683782	0.4020165383026089	0.07299960917171366	0.6006520887800424	0.0729456558760628	0.4750782782146952	0.08613142116008739	0.5172237435724429	0.08225532112482335	0.4899054500636637	0.0826546962102188	0.5043334309760406	0.08646517160750831	0.42152640451354495	0.07962808737130254	0.5716553087054157	0.0770121782359936	0.4551204736428638	0.08267449922230821	0.5540401464262678	0.08240897892722418	0.4405481237009959	0.07867488379749328	0.5706767669346149	0.07945588267418216	0.49465613382899626	0.5053438661710037	2.4659131695413303	3.0938859608204337
4400	2.4659131695413303	0.88	0.502000280218493	0.08229851853771837	0.5082040216714611	0.08584667891476726	0.38712637787449417	0.07160054054671168	0.6175411551883676	0.07206424616772567	0.4503661902556599	0.08034108765169817	0.5333353934028852	0.083214622120828	0.4104463955242449	0.07658833925291585	0.5866899481097086	0.07563465982586298	0.40307558541714694	0.0730571777390686	0.5992951883165748	0.07349648303053512	0.47534840109639714	0.08624159423242798	0.5171011074705837	0.08209780812710558	0.4879658849387274	0.08267157619806209	0.5058360799513717	0.08610514094753038	0.4208097983544493	0.07969444378946441	0.5730121443693875	0.07713499863704118	0.45467057311047626	0.08254467495133301	0.5540744273410052	0.08282703547570346	0.4415147710926084	0.07856817547336434	0.5702024158188529	0.07912596985877793	0.4952316076294278	0.5047683923705722	2.4659131695413303	3.0938859608204337
4500	2.4659131695413303	0.96	0.5022071650530505	0.08209057184637167	0.5066919494683112	0.08610692221347307	0.38657196062898075	0.07134880177573538	0.6170772986607825	0.07178618010436438	0.4498112226945384	0.0801895302589363	0.5346179092568193	0.08308612251682194	0.4110644223557872	0.07674255355451678	0.5877734477892127	0.07557836123797221	0.40337684885448194	0.07334968117096025	0.5990610928798067	0.07345187361876054	0.47473904981173326	0.08643499338057631	0.5178419043654668	0.08218234865174916	0.4879007153647628	0.08248160645813632	0.5051005254664949	0.08601550179537103	0.42214324110950685	0.08003288707814099	0.5728006249268299	0.07702525806625035	0.4549180964477731	0.08225803612833764	0.5533815724524406	0.0829540682008522	0.44252082031522105	0.07866156584471838	0.5691925261261785	0.07957161465857858	0.4960035523978686	0.5039964476021315	2.4659131695413303	3.0938859608204337
4600	2.4659131695413303	0.95	0.5021264814777257	0.08215317651548838	0.5086437401440936	0.08616271669146054	0.38447240234070756	0.07096013269481748	0.6171505452868302	0.07165684005381025	0.44975590044891284	0.08001838638283551	0.5352477719601971	0.08354019549495982	0.41241066654646114	0.0773345503232383	0.5874620861482719	0.07577009570223714	0.40264007593817225	0.07309888216295411	0.5996391558939769	0.07352879906554151	0.47714676262962474	0.08655496671166424	0.5181067589106252	0.08214381864402247	0.4879832280403516	0.08304967467908189	0.5043621458599608	0.08576531603436058	0.42079037818382115	0.07982231582950297	0.5738550078356125	0.07662224904743692	0.45389439497724127	0.08204965888367921	0.5541572049921687	0.0828206129460184	0.4437207295085407	0.07840882622386443	0.5688612265899013	0.07906338439645054	0.4963075586446568	0.5036924413553432	2.4659131695413303	3.0938859608204337
4700	2.4659131695413303	0.92	0.5034433513974006	0.08214975784504305	0.5083572216046428	0.08594303411000419	0.38461986552212885	0.07095700166981082	0.6176939036766267	0.07130887265505034	0.4509221090602155	0.08029121245714499	0.5357927461004811	0.08310643854032258	0.41202535789867356	0.07742001607250532	0.5865722927097126	0.07620976263305171	0.4018199160565733	0.07260478417769584	0.6009146431188722	0.07339872892136332	0.47770526191267504	0.08646842928746382	0.5184446340770532	0.08210057649637527	0.48817922106454964	0.08295150747214138	0.5048810411442843	0.08574235548095309	0.4224278625850782	0.0797545040489944	0.5734949120808435	0.07684366353237897	0.4554239542213351	0.08232123392226569	0.555129702774202	0.08250357987695676	0.4431655821055533	0.0789973222058774	0.5687416054563829	0.07921451918048855	0.49808673469387754	0.5019132653061225	2.4659131695413303	3.0938859608204337
4800	2.4659131695413303	0.96	0.5036506674193767	0.08207049919957174	0.509942492653174	0.08560182224910831	0.382709210394087	0.07066882142823648	0.6189076092771044	0.07120362047586822	0.44956165934420567	0.08040196684204873	0.5350684630234864	0.0827066270084381	0.4125412191497204	0.07710078495707774	0.5867834107068579	0.07614330350760547	0.4006529427417726	0.0727320185678818	0.6013853485652576	0.07330839985728865	0.4781904070366436	0.08642398309071304	0.5183382527958089	0.08211611211476308	0.48853287521752864	0.08300677983901297	0.5051241162043443	0.08569636662041023	0.42256551269319287	0.07986253216631416	0.5737141412539408	0.0767575270941248	0.45704730023469464	0.08292813115245237	0.5563405260027957	0.08228288172070983	0.4429928333810133	0.07899339826540587	0.5682881262850633	0.07938627268861852	0.49750208159866777	0.5024979184013322	2.4659131695413303	3.0938859608204337
4900	2.4659131695413303	0.92	0.5017580338245119	0.08232171356360814	0.5096786674348011	0.085709231668809	0.3818141560132231	0.07069131647315306	0.6183454155666717	0.07099502143458936	0.4496872991285355	0.08046511654322476	0.5346120014359237	0.0824390819210517	0.4107222134270316	0.07707061954052344	0.5853953365710522	0.07642064788566752	0.40027493434980943	0.07287932681753735	0.6010912192627333	0.07315233892115376	0.4783298748470718	0.08634653726700411	0.5175394032010474	0.08197745922319888	0.48918612713276777	0.08322041944606946	0.5051255735602578	0.08535728311894264	0.4217780030421433	0.08009213164286408	0.5748049229131276	0.07657105998972562	0.45589950608744567	0.08271708719510713	0.5566793394715893	0.08217970027000662	0.44346224282320346	0.07871498326616101	0.5667657854076685	0.0795174128642134	0.49836867862969003	0.50163132137031	2.4659131695413303	3.0938859608204337
5000	2.4659131695413303	0.91	0.5011360978559165	0.08209688024752396	0.5083881517987108	0.08558205442223685	0.383138523281782	0.0709897970258536	0.6186454213070419	0.07051984091719056	0.4501912913452255	0.0805115514020951	0.5347931770252055	0.0823407156738887	0.4106476507347528	0.07704781936443193	0.5862021557748921	0.07668667345946409	0.3987937210989078	0.07262531101636743	0.6015761215577488	0.07311206387896035	0.48035954174099665	0.08647013728950806	0.5162122046482303	0.08191558340131731	0.4879801585317245	0.08337628019004556	0.5036396625772701	0.08608052802252437	0.4224406840315048	0.07984076871738106	0.5744979228893579	0.07643631329819849	0.45483107615753576	0.08268098797172876	0.5557328756659505	0.08226983488955503	0.44296247046509674	0.078877927838634	0.5673031046330445	0.07976061728787295	0.49720223820943243	0.5027977617905676	2.4659131695413303	3.0938859608204337
5100	2.4659131695413303	0.88	0.5018463873560324	0.08196676138051594	0.509149421574732	0.08529508686349657	0.3820211858718393	0.07091810843012147	0.6178705272004575	0.07070186265648255	0.4504497328577794	0.08022722498222416	0.5348547509872744	0.08238514758930741	0.4114725143568976	0.0773177436964358	0.5850260091859515	0.07703945885364108	0.39882636921471043	0.07260805667378223	0.6024274045921991	0.07311015139125389	0.47952995729524805	0.08605203294794113	0.5165700551223958	0.081886321770881	0.48943713533557165	0.08308096843265363	0.5051583694715316	0.08616675073981787	0.4238987802899164	0.07980681410797331	0.5746718062481756	0.07634173873392643	0.4542862003122286	0.08292503178612429	0.5562337755390397	0.08231830161905596	0.4433953802832412	0.07878651193040052	0.5673450292845548	0.079732369020254	0.49941222570532917	0.5005877742946708	2.4659131695413303	3.0938859608204337
5200	2.4659131695413303	0.94	0.5012045257993069	0.08202971801508974	0.5094689892984074	0.08538497718180861	0.3817142205685071	0.07090744997254486	0.618303186710611	0.07048790501565089	0.45191449303207537	0.08023657178400057	0.5355279733442523	0.08231182566495039	0.4115431481646228	0.07724684725641597	0.585189353358394	0.07717827238401874	0.39855352475065803	0.07239226848172435	0.6026898825733636	0.07307707140057583	0.4802361327608537	0.08588957718661352	0.5158768674251187	0.08194193545718317	0.48939461208504503	0.0829720457121638	0.5046868918645419	0.08613457493516392	0.4247452161294502	0.07952482793373028	0.5732027773037851	0.07656470477917239	0.45419252317732356	0.08205049426901019	0.5558588417774551	0.08242750160104689	0.4429293001272268	0.07885510324881029	0.5660800465973345	0.07989269474402008	0.5007686395080707	0.4992313604919293	2.4659131695413303	3.0938859608204337
5300	2.4659131695413303	0.88	0.5022746839636946	0.08223419601880728	0.5104781889654854	0.08543151588714737	0.38190860693330797	0.07106499755095978	0.6187376587931228	0.07052760161867502	0.45108102953386914	0.08032291840750289	0.5365615419839579	0.08234758007243984	0.4127223437162819	0.07737974783769919	0.5845247839414537	0.0770408890419536	0.397380934263918	0.07222143342473837	0.6037474764007235	0.07272401320551704	0.479860942638844	0.08613778028043702	0.5149821420940202	0.08213337743040713	0.48961383344441145	0.08329485546344362	0.5042813661997615	0.08612292715129728	0.424902323518621	0.07947947567049529	0.5727303650360114	0.076695280554224	0.4549078235460303	0.08218681545710876	0.5561951754202145	0.08221223523387608	0.44317450244711903	0.07873968717204595	0.5655538132522174	0.07999526509785758	0.4984917043740573	0.5015082956259427	2.4659131695413303	3.0938859608204337
5400	2.4659131695413303	0.91	0.5018824565992299	0.08222196256027907	0.5122317386594054	0.08581935398525803	0.3828673280006784	0.07114925192742075	0.6188075854497945	0.07050366173025811	0.45203380701960366	0.08086530750575364	0.5358852458212489	0.08252303628699116	0.41214047575845614	0.0772593710047011	0.5847866030669145	0.07710710468809343	0.3967472590898609	0.0719514139986583	0.604090721965645	0.07253147099933521	0.4806974931534901	0.08628812508425947	0.5153157568403137	0.0819097134740191	0.48915994120945094	0.08335718815850386	0.5041220841317388	0.0858908056580753	0.4256584286414446	0.07987710672689205	0.572769579363264	0.07671782891800387	0.4554906877678908	0.08209597444298962	0.5557868815959077	0.08213984975477454	0.4427813762991574	0.07839692767701635	0.5651765817869309	0.08026688100559487	0.4981495188749075	0.5018504811250926	2.4659131695413303	3.0938859608204337
5500	2.4659131695413303	0.88	0.50104452368846	0.08196680114854168	0.5113841625895414	0.08557526973460118	0.3832444769885678	0.07112890685200489	0.6190523299481403	0.07029819993432423	0.45139991315298095	0.0808355711925509	0.5354243589578034	0.08255804667683349	0.41251657512704	0.07721826601769056	0.5838922080957879	0.07684760615601914	0.39684629068916066	0.07182362022305562	0.6057531207519153	0.07217202724708148	0.47978702013601293	0.08605753787925488	0.5146196398374167	0.0819873871132988	0.48890258599798575	0.0838012884236257	0.50576426743139	0.08580689843534565	0.42617416090376026	0.07995572385634038	0.5711592980298169	0.07722608892711544	0.4543531442784914	0.08207586089857707	0.5545592974409169	0.08211643135375513	0.44258261217112677	0.07863976156437988	0.5656588952784287	0.08059042554845826	0.4965479651162791	0.5034520348837209	2.4659131695413303	3.0938859608204337
5600	2.4659131695413303	0.91	0.500161969509728	0.0821330307156527	0.5120268438585531	0.08557990367870373	0.3830530364138218	0.07094919377161461	0.6181601432185346	0.07037055553028163	0.45158000888597555	0.08072053955404551	0.5360559502210618	0.08251063644098311	0.4136923699534298	0.07764043477626971	0.5830564138007517	0.07690137278779502	0.39808082199445877	0.07203947674186334	0.6066328164186473	0.07186113726636718	0.4794435845650464	0.08587922395993974	0.5152329246505347	0.08169500051600258	0.48980186532132414	0.0838109195266925	0.5055896787760185	0.08602127088511292	0.42623936804062773	0.07973147689206424	0.5711908484457839	0.07711995065182839	0.4535896167107572	0.08181638269440578	0.5546375468328462	0.08181786159459029	0.44168971761842685	0.07842972305262166	0.5657384972153768	0.08066776238245625	0.49678800856531047	0.5032119914346895	2.4659131695413303	3.0938859608204337
5700	2.4659131695413303	0.91	0.49975547597423414	0.08199429601753383	0.5130131005591015	0.08544396783333585	0.38305582702112473	0.07081156227339098	0.6185411213536784	0.07031363388351977	0.4516410232803014	0.08088309700447967	0.5366330898070252	0.0824197653742798	0.41482716049084317	0.07784252406571437	0.5829723415356438	0.077041359279085	0.3974777423592437	0.07208715548442331	0.6071595297465656	0.07172106663926461	0.4790466786524825	0.08572026993251662	0.5155331109707507	0.08155113229793945	0.4905421024193063	0.08378397466504371	0.505741810608505	0.0859180634921624	0.4260259785042599	0.07960391584590022	0.5699936192489482	0.07718310351167862	0.45279787204608873	0.08198733592314639	0.5545526215745274	0.08181317182281896	0.44078510670283944	0.07822558102937388	0.5656871557532392	0.08047486279117887	0.49789621318373073	0.5021037868162693	2.4659131695413303	3.0938859608204337
5800	2.4659131695413303	0.83	0.4985266777893188	0.08191534930355486	0.513275110012344	0.08508952805189761	0.3840762772036566	0.07059828252312852	0.6200850687087083	0.07048547267715233	0.45097304701050095	0.08101803164807636	0.5371443597594723	0.08233236570907264	0.4154649984270218	0.07804215498682293	0.5829760402197461	0.07691955122613148	0.39793973102692987	0.07199688427265881	0.6071292432566598	0.0715369103439107	0.47979416554125154	0.08549095006523996	0.5150683654314923	0.08170157796274403	0.49116329238514	0.08339287211132808	0.5057249681472699	0.08610611239983632	0.42683269482919434	0.07963676709900695	0.5698448208378851	0.07729219819250573	0.45270773290104266	0.08209948426005594	0.5547368699878554	0.08181337307394043	0.4398872048008458	0.07818238072950737	0.5655990383005614	0.08018115821147653	0.4972432804962095	0.5027567195037905	2.4659131695413303	3.0938859608204337
5900	2.4659131695413303	0.88	0.4982345792290166	0.08175991160517633	0.513079038212663	0.0850857885022178	0.3836269342514464	0.07049698278321484	0.619355510707157	0.07077870612477935	0.4516780704219095	0.0809186311087938	0.537592263344994	0.08247262949707633	0.4152445669732688	0.07808912056475206	0.5835851472652013	0.07710921152258852	0.3989363218812708	0.07171817585024377	0.6081033060220944	0.07156099883763263	0.47921068966499564	0.08540195861024713	0.51516528014788	0.08174598650377926	0.49145842424267155	0.08366483387638976	0.5071015003133698	0.08597105674982426	0.4264032741496394	0.07973007203673137	0.5698810007774926	0.07723335224396895	0.452816678517843	0.08219136031015904	0.5542091588029904	0.08178938075914334	0.43984640660031393	0.07792207483747342	0.5654440226845249	0.08017649080119928	0.4962737127371274	0.5037262872628726	2.4659131695413303	3.0938859608204337
6000	2.4659131695413303	0.92	0.4976186466566755	0.08177216831179465	0.5138184851316423	0.08505786455290441	0.38339687559310676	0.07039705980873387	0.6179687888759052	0.07098354041773774	0.4515030140597407	0.08100301106139063	0.5375052723538039	0.08244425468690743	0.4145231527003272	0.07805919841335307	0.5833467457907406	0.07698932230009299	0.39900184272501116	0.07167800545749399	0.607909448211506	0.0719173581149875	0.4797096796867493	0.08525885367333189	0.5154169407653143	0.08167865646748733	0.49157795289692113	0.08372724864530443	0.5083439132099742	0.08580498075104873	0.42812404860774816	0.08017778437513048	0.5702554325170663	0.07700728803782494	0.45280747933601	0.08198501262120951	0.5550575163071956	0.08175381513163375	0.43908291911580927	0.07782361427370829	0.5651335726095668	0.08034426744093061	0.4945036642238508	0.5054963357761493	2.4659131695413303	3.0938859608204337
6100	2.4659131695413303	0.89	0.49809362018664194	0.08194588130593253	0.5143262349012331	0.0852630872608548	0.3843009579670022	0.07056371940079706	0.6181393519299563	0.07086164860004783	0.45059796763610244	0.0808752313008234	0.5374753117010995	0.0824019854344147	0.41415120191941107	0.07784100054635583	0.5831319412153684	0.07666506695434731	0.39972286293629766	0.07175441713934075	0.609833405303126	0.0716131289427325	0.48031662059444447	0.08519529031097438	0.5145318352644523	0.08179834140097852	0.49160852054462123	0.0839435173297172	0.5081766519646849	0.08552590976832661	0.4282164300510479	0.0802957631936063	0.5704671785073282	0.07699316843758239	0.45253363111260747	0.08177614731297342	0.5546925990959106	0.08177302347241751	0.4386520050925643	0.0779325099186497	0.5652185068966464	0.08043866443841001	0.4937745740498034	0.5062254259501966	2.4659131695413303	3.0938859608204337
6200	2.4659131695413303	0.91	0.49793442055761283	0.08182268517819045	0.514240744220024	0.08537300477969624	0.38536376143112144	0.07079223349709196	0.6179913014042403	0.07089959881580857	0.4511489470352913	0.08067165788845025	0.5377019901628733	0.08225770746722248	0.4143102484718519	0.0776929096836586	0.5832602667109752	0.07689567680028614	0.3985925455507906	0.07192148072154188	0.6082638912973614	0.0718422433115146	0.48019512289721733	0.08505338348185043	0.514371061618858	0.08166966747234691	0.4918691107377617	0.08361407561849371	0.5071229217199009	0.08522570718016546	0.4279348523905604	0.08017760322987962	0.5699097180742204	0.07712071465867006	0.45243632040503406	0.08167152500565908	0.5556830638727623	0.0814959431488078	0.4387280263611356	0.07818683402240514	0.5656483262376126	0.08032188158857889	0.4946808510638298	0.5053191489361702	2.4659131695413303	3.0938859608204337
6300	2.4659131695413303	0.93	0.49729587520503826	0.08173098162847856	0.5140491410119313	0.0856638721411148	0.38507511421559054	0.07077133214049755	0.6180156662902762	0.0707483462029178	0.45207590758242366	0.08083110821975656	0.5374114103309268	0.08233891370131334	0.41440604644679846	0.0775268357583437	0.5824733247074763	0.0766823884302111	0.39834554603292205	0.07183230691313565	0.6084803056606686	0.0716295252688916	0.4806764113337918	0.0850107563259427	0.5137562952064939	0.08174763816191745	0.4917280944291173	0.083756400192144	0.5066411078786007	0.08515166332406968	0.4274549049313814	0.08005552498146251	0.5702483083134523	0.0768229607372053	0.45236023350413124	0.08148479920525017	0.5553064478399646	0.08153791767681218	0.43714325698500844	0.0783107206727049	0.5656705985902498	0.08023120377789303	0.4936548223350254	0.5063451776649747	2.4659131695413303	3.0938859608204337
6400	2.4659131695413303	0.9	0.49685850209963595	0.08165799577446241	0.5139910448474195	0.08573299259568139	0.3852094735241516	0.07089339625585032	0.6179273330519053	0.0707988561270913	0.4511152910645635	0.0807494879263891	0.5387903594317981	0.08208854733759013	0.41435972600736465	0.07755199775172525	0.5828861502526423	0.07682771006647553	0.39844503624263117	0.07187718250658785	0.6082740995528982	0.0717803587926371	0.4812949842570752	0.08506303364889846	0.5134723510052474	0.08154571157268187	0.49258085977265276	0.08367126261202758	0.5066314269056761	0.08510079229591327	0.42737443153091265	0.08011204708227042	0.5706885824692962	0.07680203550887463	0.4521745950741158	0.08166058024189393	0.5555796738497738	0.08165257432994481	0.4379010120064405	0.0787007929898724	0.5668132369361386	0.08002312500619004	0.49266083697688945	0.5073391630231106	2.4659131695413303	3.0938859608204337
6500	2.4659131695413303	0.91	0.49571413019240435	0.08204903295720482	0.5137164647670946	0.08543475387816978	0.3848967504455483	0.07073366905284219	0.6185269097073565	0.07053402412178018	0.4512694878479218	0.08097799471958612	0.5391574513545808	0.08206912033363911	0.41385429437836013	0.0774301762908239	0.5845542208371819	0.07651696500916116	0.39792643149210183	0.07187881268766705	0.6073327294229194	0.07190233570999868	0.4814256960595463	0.08515461637390438	0.5129059746902918	0.08200835679752745	0.49229903371894673	0.08351565905343482	0.5062814292527869	0.08481507478813911	0.4272542929366778	0.07993562212727787	0.5703279610188006	0.07686841383081203	0.45221268509733337	0.08172357911699468	0.5548099643115492	0.08164168800696898	0.43794483782814847	0.07860951751883401	0.5669059014065567	0.0802704560646858	0.4906211562115621	0.5093788437884379	2.4659131695413303	3.0938859608204337
6600	2.4659131695413303	0.85	0.49474574605466476	0.08215378791303685	0.5134075839658727	0.08541249134171122	0.3862357811061177	0.07104060918062853	0.617886797830637	0.07054805329100418	0.4513731835157834	0.0808693150109638	0.5396324642900959	0.08184939040532054	0.41411412939615905	0.07752180108790747	0.5849507421588453	0.07640139422582894	0.3973905972586047	0.07188357863243584	0.6071838913730847	0.07195230616279792	0.4810055573898575	0.08538002398154704	0.5124002138845333	0.08205386084871359	0.4916123529887021	0.08361131564534073	0.5066464691836217	0.08480189149251495	0.42722293416734597	0.07986748467938984	0.569617621048671	0.07704724534953863	0.45227604629522017	0.08178743702066622	0.5545352895274057	0.08165820434425652	0.438443063971203	0.0787613458437653	0.566263118218442	0.08016677559866364	0.4913688673531193	0.5086311326468806	2.4659131695413303	3.0938859608204337
6700	2.4659131695413303	0.82	0.49477064926523767	0.08184894818487984	0.5134655014330587	0.08558267567553067	0.3879273905451711	0.07107943254660458	0.6169344556712902	0.07076192080347388	0.4507928023427161	0.08080455913279126	0.5397543590319144	0.08168196875149127	0.4128263881040786	0.07724265503816798	0.584823491573399	0.07649436204459209	0.39798286892506346	0.07184258126801821	0.6065323938503361	0.07202955313148345	0.4801083289828446	0.08549277199143092	0.5133886604396315	0.08232622028865498	0.4907711143182897	0.0839386516382163	0.5065025057584477	0.08473766309911622	0.427445534518691	0.07964267275542602	0.5699367695065116	0.0769687630442772	0.45295544738656046	0.08180204199309288	0.5549246678931963	0.08173255560149738	0.43869031297398137	0.07854342411534405	0.5669367526640051	0.08007386096027479	0.49105011933174225	0.5089498806682577	2.4659131695413303	3.0938859608204337
6800	2.4659131695413303	0.87	0.49498798520229054	0.08191912929565189	0.5149682067358474	0.08564958506637559	0.3878795324407052	0.07122567875254508	0.6160090498885572	0.0709609578337334	0.45056904809394294	0.0807273405357183	0.5390358312233628	0.08182458885539926	0.41216028979982716	0.07717538287546245	0.585071914208654	0.076543725098856	0.39869303125723765	0.07212978958275544	0.6075445933785022	0.07217232210201913	0.48021597788827775	0.0850342434903013	0.513816395268472	0.08228324178222575	0.4917646845530409	0.0836020620818594	0.5072576626951292	0.08482428176070825	0.4274914497048858	0.0796168396344448	0.5706445609199621	0.07726022888258438	0.4533907052457885	0.08172192643954956	0.5544978359625523	0.0819605517016784	0.437838771269946	0.07855146759047808	0.5676903159222262	0.07999253179727989	0.49191651969429745	0.5080834803057025	2.4659131695413303	3.0938859608204337
6900	2.4659131695413303	0.92	0.49453296651894535	0.08176828574912941	0.5153582894004844	0.08547295686328796	0.38799598962640847	0.07140889815944984	0.6160286826526343	0.0710769644383688	0.45032265851422615	0.08121618698300483	0.5393950262806524	0.08188630764597571	0.41166036164435704	0.07706122271204845	0.5855924489130631	0.07643345030725007	0.39863258677592994	0.07224946573473837	0.6083001369570824	0.07203975365495598	0.47978094545309286	0.08490068837851424	0.513013560158557	0.08206158854754682	0.49228814749365996	0.08382331630947197	0.5084766550195077	0.08464919845250866	0.4283945663341404	0.07974314551400641	0.5704936974371209	0.07789898492398017	0.45331230768945835	0.08206756228968734	0.5543519588015337	0.08196954142584754	0.4377809686086389	0.07842949153023604	0.567283685704649	0.07995351720071467	0.4917439165701043	0.5082560834298957	2.4659131695413303	3.0938859608204337
7000	2.4659131695413303	0.89	0.4941228438821557	0.0815616643364247	0.5154119109581633	0.08520544530531352	0.3881782844533499	0.07117501449664099	0.6153856526093999	0.07091645199241736	0.4500892097951463	0.08118293558652172	0.5394965467873294	0.08160979081602977	0.4120138237261276	0.07707600454491575	0.5858739994935842	0.07665482842393166	0.3983927772717676	0.07204193036974349	0.6072509534548517	0.07221348343694355	0.4807929626413146	0.08473484314177031	0.5128244597723777	0.0819059292004155	0.49196219299271343	0.08403602452864656	0.5088265214186354	0.08447702928108018	0.4286718227275698	0.07987922483968951	0.5709016483717032	0.07793199263712466	0.452694083565451	0.08192996838131142	0.5545701123251082	0.08226413105862725	0.4381356618208019	0.07853855825187103	0.5669031798296164	0.08002246276314111	0.490862364363221	0.5091376356367789	2.4659131695413303	3.0938859608204337
7100	2.4659131695413303	0.91	0.49300616460175534	0.08164213586617261	0.5158950450047947	0.08523497182919137	0.38869712776471255	0.07144381425665287	0.6145621084117421	0.07115017247199008	0.44957983339235497	0.08102861900645629	0.5395551465627413	0.081519006867942	0.4118679970844356	0.07719808286953142	0.5860877874099842	0.07671247281181864	0.39750964019389035	0.07218270095899328	0.6074713857069765	0.07195543670347818	0.48088227506443254	0.0847865682725638	0.5119753299434521	0.08196271443943892	0.49238706514448966	0.08410306611051327	0.5091224751475439	0.08435963159081313	0.42838751459782226	0.07973076916316617	0.5708642091926435	0.07765393065203095	0.4529962526169533	0.08224294468417337	0.5543248347376891	0.08217112712014639	0.4382178686694837	0.07858686747201239	0.567096366497689	0.07997807884317676	0.49197635135135137	0.5080236486486487	2.4659131695413303	3.0938859608204337
7200	2.4659131695413303	0.9	0.4927124463275616	0.08176792461777185	0.5168670762190927	0.08507316905497551	0.38912597316508296	0.07175250140418313	0.6145218465670156	0.07116969894526984	0.4496156571790221	0.08095422623493623	0.5407450228255898	0.08141420706456953	0.4108149301574917	0.07701509686004093	0.5865397476011887	0.07675895117072778	0.3976942632937096	0.07219920679036486	0.6066659171861278	0.07212539480322913	0.4804697610495852	0.08445500495304643	0.511872195103897	0.08223891801580394	0.49212420186777256	0.08444894660851625	0.509454453995431	0.0841317282453224	0.42846852047511486	0.08004127728652473	0.5700734907953596	0.07777197046247997	0.45325155488736596	0.08204025857259485	0.5541510183394855	0.08233682844087042	0.438409493193683	0.0787267906987945	0.5682110900656598	0.0798902853534708	0.49222654081066075	0.5077734591893392	2.4659131695413303	3.0938859608204337
7300	2.4659131695413303	0.88	0.49183562113134005	0.08166919954828462	0.5169805571338908	0.08526095728751082	0.38958561105597195	0.0715906449381956	0.6137138789714476	0.07144019160740703	0.44977986279240395	0.08092032001184822	0.5415275027110695	0.0814462527449718	0.4103737646714992	0.07691777011763566	0.5872542444557077	0.07694607783217887	0.39786192375968554	0.07197424513917255	0.6063228365626211	0.07207897965274339	0.4811734393795697	0.08441990093342099	0.5118201862210577	0.08227501394077817	0.491566662421408	0.08458816945636893	0.5098284704323307	0.08416265030816152	0.42824346406422686	0.08016737365790265	0.5697838259716963	0.07755849034384063	0.4533739913267053	0.08174557798362743	0.5538897437649771	0.08246289895664537	0.43859854944071036	0.07887393713239907	0.5684155153471375	0.07994634401790104	0.4921960569550931	0.507803943044907	2.4659131695413303	3.0938859608204337
7400	2.4659131695413303	0.84	0.49127803094176936	0.08178971264501977	0.5181193545867748	0.0852858874929161	0.3902416449264338	0.07192126974663773	0.6127150946924282	0.0717869280260259	0.44917934015952	0.08058706303093487	0.5412707730614238	0.08148198491681474	0.41065386330293013	0.07695263880952989	0.5867183199497518	0.07688211152311435	0.3984021289524683	0.07249369968193585	0.6061689833370065	0.07194914503165298	0.4820622016362736	0.08458577235530837	0.5125484628633433	0.0823931671734597	0.49135254688145147	0.08445042641640933	0.509793006607687	0.08421243592372225	0.4276196549540623	0.08003386279156972	0.569750469842226	0.07747316127459535	0.4534995264448842	0.08183922984439213	0.5543775585318813	0.08260537397113624	0.43928360581264914	0.07902187987449437	0.5691799404278675	0.0800374861182074	0.49270664505672607	0.5072933549432739	2.4659131695413303	3.0938859608204337
7500	2.4659131695413303	0.89	0.4905526970913624	0.08171869428606578	0.517444346661047	0.08561897052905883	0.39030537535505416	0.0718445042601808	0.6125967889974261	0.0716672650434206	0.449059487763716	0.08040978411907272	0.5415587941571193	0.08157581075225813	0.41120264543608825	0.07708925279133512	0.5875788456232851	0.07713248336370784	0.3986800956678339	0.07239191066620333	0.605462953187686	0.07197544693488404	0.48223619801903445	0.08457137283899181	0.5122769821040419	0.08247429739822892	0.4914986297042696	0.0844278443213162	0.5102655710516256	0.08419482239703185	0.42881520855309907	0.08023564299037578	0.5699409701161862	0.07749378585818305	0.45313555688976775	0.0818941756397863	0.5546472513432872	0.08248168892406871	0.4395318788848217	0.07896582820147027	0.5698216005270748	0.08005299051315078	0.49227078891257997	0.5077292110874201	2.4659131695413303	3.0938859608204337
7600	2.4659131695413303	0.91	0.48990031120943606	0.0816428632056597	0.516881171605825	0.08550115092636866	0.390255245223965	0.07185285461978135	0.6130123591128828	0.07173647879787245	0.44792657936597385	0.08061651378579004	0.5421557299381633	0.08174749182911863	0.4112793861277624	0.07680699952496392	0.5872314789823243	0.0773536820758727	0.3988258670847102	0.0723893708821006	0.6044347928517946	0.07207371974102579	0.48298349580847877	0.08462856808212732	0.5126389995578788	0.0824692835179422	0.4914499515915573	0.08439846140395386	0.5110197669868105	0.08402934101187831	0.4286318338966816	0.080156315805649	0.5698599504970865	0.07747774921548942	0.4523242863570527	0.08182054268407124	0.554481349676846	0.08250938514269135	0.4396151829481421	0.07915815767054023	0.5690855234411113	0.08025761074535644	0.49210941609679115	0.5078905839032088	2.4659131695413303	3.0938859608204337
7700	2.4659131695413303	0.86	0.4892193271986031	0.08174842904791534	0.5175446947101243	0.0855951069820178	0.39049820199511276	0.07185396277270265	0.6121760269020956	0.07191850008861363	0.44810366434466353	0.0805452162380748	0.5440248994799268	0.08156492761045074	0.4106691894670107	0.07668410032975848	0.5870855484300759	0.0773570210319325	0.39894644063273266	0.07263298446619276	0.6045197563394649	0.07210729812797059	0.48315733071271466	0.0846643397110448	0.5131051956763912	0.08267324991947418	0.49286078195854954	0.08441523838293608	0.5108067481724373	0.08394724301664004	0.42958474589422135	0.08037061012795695	0.5701387047863514	0.07748537664840399	0.4529302615230907	0.08201512419054525	0.5544343192294465	0.08247828593310018	0.4402192487315746	0.07918847660608447	0.569431008768789	0.08018099228797182	0.49182242990654207	0.508177570093458	2.4659131695413303	3.0938859608204337
7800	2.4659131695413303	0.92	0.48881496771622124	0.08189045686694667	0.5169593147589259	0.08533601425491724	0.39041165831165303	0.07184393340433948	0.6112165807735038	0.07204991543500605	0.4482599839929274	0.08045096482056234	0.5446174632694143	0.08152121120909481	0.41060361851941335	0.07650099183806659	0.5869185622592547	0.07721640125367249	0.3986306960698932	0.07249549258211749	0.6047930557065131	0.07226250937131098	0.48382229702037455	0.08453209975516474	0.5139181488144688	0.0824658141246038	0.49318066966556706	0.08435127884378174	0.5110572379035353	0.08404600655323496	0.42987312664244554	0.08042698876633425	0.5704991714717271	0.07763934554818196	0.45374947361434964	0.08209956263416053	0.5545498687728325	0.08237256288922949	0.43997625256175654	0.0791628733300938	0.5701640057646299	0.08014593423795913	0.4910302409021015	0.5089697590978985	2.4659131695413303	3.0938859608204337
7900	2.4659131695413303	0.88	0.4883118192418012	0.08175402708095139	0.5171581130197993	0.08518912226034346	0.3905117811446282	0.07168504273220534	0.6117775097312501	0.07209095397159558	0.4474228760680877	0.08036208489929071	0.5451169786387312	0.0814462129550539	0.4100238196655304	0.07629529066818679	0.5869430926976567	0.07730356413701092	0.39868725630258584	0.07276874709904443	0.604472567038946	0.07223893075351971	0.4842802396445581	0.0843190538889734	0.5137664757654711	0.08266523390754589	0.4933312147177295	0.08427368750744728	0.5110582431728349	0.08399000421856474	0.4302816209995451	0.08026569532988881	0.5704011809965664	0.07753090307521997	0.453251049800147	0.08230332459804447	0.5537798667862432	0.08218885767996853	0.4398444027487956	0.07912111837387784	0.570145710982847	0.07993962122322419	0.49000506072874495	0.509994939271255	2.4659131695413303	3.0938859608204337
8000	2.4659131695413303	0.91	0.4885222124055924	0.08192293012169292	0.5176290512508406	0.08496671973435874	0.389562784265447	0.07155832048208752	0.6117356168311995	0.07221969841623228	0.4480283760909409	0.08032521237676676	0.544260414813234	0.08145948928407858	0.41052647930175235	0.07636591872182528	0.5866622342389185	0.07720679509738103	0.3984948200792406	0.07283974761912694	0.6052721464561296	0.07214186384779037	0.48460919281327514	0.08440157649037301	0.5136084924953597	0.08277593952565437	0.49183575128757756	0.08418699229208108	0.5108983572482	0.08412307669319029	0.43048904272976884	0.08034689045783076	0.5703437974101877	0.07758958826407696	0.4535306846778537	0.08254551050731648	0.5538622378117759	0.08228643263327745	0.43982249110001	0.07913009487910022	0.5703010378433621	0.07966455491234883	0.49025487256371814	0.5097451274362819	2.4659131695413303	3.0938859608204337
8100	2.4659131695413303	0.92	0.48877675381503655	0.0819336486145007	0.5183639159551218	0.0848537770679966	0.3904039502402133	0.0715731021582874	0.6111465412852676	0.07197509297424157	0.4483814295415306	0.08037672882781076	0.5448619161963851	0.0814686086442564	0.40959367451030515	0.07627776331163078	0.5875660569746447	0.07723329563722767	0.39870278238339624	0.07293090805386927	0.604901128333121	0.0719860218262844	0.4846213206268462	0.08445279136108472	0.5136078668109295	0.0827841769191689	0.49136725014252547	0.08432073413151438	0.5112601244368427	0.0841743623401148	0.4305075935471333	0.08030991156446454	0.570430017512203	0.07768149995166093	0.45313296669344655	0.08264949893837804	0.5540405244314036	0.08232386910455018	0.44026236098665056	0.07905325923836827	0.5699107257368066	0.07942890006291738	0.48963474827245806	0.510365251727542	2.4659131695413303	3.0938859608204337
8200	2.4659131695413303	0.87	0.4890913500621115	0.08180932878660882	0.5193804211353075	0.08497878505413956	0.39015642135666156	0.07152544713630984	0.6112825890669362	0.07191027061800834	0.44828042412737573	0.08024337521095531	0.5437700758165844	0.08167327531308247	0.4093905894850934	0.07633503710188448	0.5873474879219067	0.07713120016758049	0.39922415591189514	0.07305387664629015	0.605269162428299	0.07176973823528192	0.4843605300472784	0.08413092600994469	0.5136936807404803	0.08260901409030316	0.4919724881006932	0.08419657610849104	0.5113882234051772	0.08386241036172407	0.43042263680362497	0.0803241697629577	0.5705111599722366	0.07763334253441362	0.45292134549057395	0.08251290733451382	0.5537664100158504	0.08218557791503577	0.44104114687816554	0.0793244519649343	0.569572458004141	0.07928505883600016	0.48976109215017066	0.5102389078498294	2.4659131695413303	3.0938859608204337
8300	2.4659131695413303	0.92	0.48829787530984625	0.08180494600898723	0.5194993687091531	0.0852205093989556	0.3898573396045102	0.0715811087060399	0.6110421099521612	0.07213713252374816	0.4487039800896135	0.08027708938911803	0.5437410926326485	0.08164307440490172	0.408760315967863	0.07641120824855482	0.5872272296489025	0.07725337490290714	0.39949898407050427	0.07302691996190533	0.6044612101606989	0.07199989333943113	0.4836934040736971	0.08417354737100093	0.5139372860202919	0.08239686336769343	0.49199896140544114	0.08402539926054639	0.5117701833748093	0.08370637429089767	0.4298256498548433	0.08037149864429706	0.5702441432390135	0.07758678036371414	0.45273095884729675	0.0824494310767801	0.5545000042514692	0.08208140561016714	0.4402672889081558	0.07917063400570455	0.5700469814828554	0.07941241507447608	0.4901252408477842	0.5098747591522158	2.4659131695413303	3.0938859608204337
8400	2.4659131695413303	0.91	0.48768206542834325	0.08161971503979105	0.5195962299786038	0.08528207696316006	0.38964234099635675	0.07174066057204573	0.611274651594855	0.07208310035463453	0.4487500146272113	0.08026059014908862	0.5441974368811219	0.08156317016694967	0.4082714278962374	0.07642011913047703	0.5882398459978759	0.07710744635724277	0.39894529824653074	0.07299081985219719	0.6046640201666696	0.07215076102501185	0.483732494480031	0.08430239494954671	0.5143196065904633	0.08236628434457981	0.491691080461555	0.08414313412048784	0.5113368642762275	0.08371464280340438	0.4300734530174548	0.0803256970952472	0.5696492120249109	0.07763474912340457	0.45240785932786626	0.08245266146391829	0.5541107857396762	0.08219496100148788	0.4401365463343292	0.07922481402244332	0.5697836947382857	0.07951722678085092	0.4903617325083294	0.5096382674916706	2.4659131695413303	3.0938859608204337
8500	2.4659131695413303	0.89	0.48698660406706773	0.08166977769174044	0.5200344828345468	0.08524735326347803	0.3902808691136684	0.07179106463465562	0.6107731281431581	0.07203234356730699	0.4490342448295678	0.08029870332935882	0.5438032030008203	0.08169616448865219	0.4082012086494794	0.07627111607950525	0.5881751090976434	0.07717771182172334	0.39887706430292635	0.07301065198060892	0.604575188599023	0.07230605471556772	0.4839175274603966	0.08411920789144554	0.5135145611778973	0.08262636819514098	0.49132559146894283	0.08424618756577876	0.5108661492339025	0.0839076438179861	0.4304870791763309	0.0800566777781827	0.5698790863465342	0.07761956032924888	0.4527251650810228	0.08234672948448055	0.5536753655243797	0.08231129814859116	0.43983561938655985	0.079256538874487	0.5709441317616113	0.07942035842866028	0.4904750705550329	0.5095249294449671	2.4659131695413303	3.0938859608204337
8600	2.4659131695413303	0.88	0.48596846207101824	0.08168638518865781	0.5208017393055044	0.085267087275985	0.38994749283200075	0.0718002964705543	0.6110441249265248	0.07212892329206798	0.4491403882645232	0.08033286408342143	0.5437113649689725	0.08140414093517921	0.40884382990451723	0.07623025198448945	0.588512181529176	0.07724366960865983	0.39907205356938724	0.07284727798959842	0.6041177271658376	0.07239647174841124	0.4845068044045651	0.08408381736535166	0.5124477000283706	0.08260530493130214	0.4913836271416033	0.0840981150303023	0.5110244172287293	0.08366190799755477	0.4309435977811951	0.07995147748396206	0.5690273757421508	0.07778128714593674	0.453004058707865	0.0823681225922885	0.5533971140896411	0.08226445026404164	0.43932919431818807	0.07921450012694267	0.5713469514051996	0.0793562582797071	0.4907019990701999	0.5092980009298	2.4659131695413303	3.0938859608204337
8700	2.4659131695413303	0.92	0.48600960694883255	0.08174686308085778	0.5210143351937301	0.08533453460058552	0.3904879129404533	0.07176115004424494	0.6107295295694218	0.07210841735282544	0.4484066928429515	0.08033842817236451	0.542729814298426	0.0813641561254179	0.4090841316209698	0.07616331142514345	0.5887847324844729	0.07726805658266735	0.3998753729147631	0.07292895079030993	0.6046203514024763	0.07240952772425836	0.485027354130871	0.08395857381157129	0.5125978492077913	0.08275746882611709	0.4904859755029316	0.08391238564637296	0.5114941980422075	0.08366528043238641	0.4307097589638374	0.07989103859887708	0.5695448608252907	0.07777365094254803	0.45288269689183297	0.08230368095679869	0.5528114044716712	0.08227754552830331	0.4394469516251121	0.07909178277674672	0.5713052128213307	0.07925657501160933	0.49069393382352944	0.5093060661764706	2.4659131695413303	3.0938859608204337
8800	2.4659131695413303	0.88	0.48573946122940076	0.08173649331912264	0.5221297511143798	0.08525947420360008	0.3902449658080513	0.07170503466359665	0.6106194871414807	0.07200760859838844	0.44811262623870635	0.08045822695551898	0.5421212220355679	0.08164328726040969	0.40903943348359845	0.07644395890895005	0.588991687638741	0.07728635273158836	0.3995070577473072	0.07272795578825035	0.6047619716817128	0.07231603932853282	0.48520115344081194	0.08384625704650953	0.5134211891234831	0.08254648482132344	0.4905489438664983	0.0840115913300893	0.5120790407447131	0.08364049595630246	0.4307567386854244	0.07984343314880066	0.5692494616982183	0.07766917469057477	0.45363301664508926	0.08239671276693146	0.551957332219533	0.08223310695691001	0.4393645077632163	0.07902118095995923	0.5712791284631413	0.07904489611237789	0.49023171285779193	0.5097682871422081	2.4659131695413303	3.0938859608204337
8900	2.4659131695413303	0.91	0.4850826739642629	0.08169320566644205	0.522694277946837	0.0852480063033903	0.39049320257392117	0.07173622766875738	0.6101586638003971	0.07211847875820533	0.4479740661884751	0.0804365825226941	0.542203081383706	0.08157798031121233	0.40879552501851324	0.07643165404084337	0.5901183248582293	0.07726232112453649	0.3998990923290202	0.0729366552493121	0.6051133767614009	0.07230720140512263	0.4854627929257142	0.08400230436875039	0.5136993974072077	0.0826983485734864	0.49107198421911735	0.08412775931022531	0.5114728757667505	0.08366304795046321	0.43078329479546135	0.08002724821341346	0.5690981335460998	0.07763805622615973	0.4534245429380973	0.08237241433739288	0.5516205463629108	0.08216946755014214	0.43909751105900535	0.07918813977711518	0.571372786799412	0.07902863813482543	0.49022911051212936	0.5097708894878706	2.4659131695413303	3.0938859608204337
9000	2.4659131695413303	0.88	0.4848378528068301	0.08162363039055064	0.522901629601193	0.08536864520562003	0.390366845054643	0.07184064577740604	0.6099896174107574	0.07217447035224285	0.448341333205461	0.0805736262058364	0.5421972706029095	0.08159133669922276	0.4085814997473809	0.07621898125341897	0.5905139187639596	0.0773310859057578	0.4004862250725013	0.07300805499141592	0.6045111330559224	0.07249231339347356	0.4852935089837325	0.08393748990742388	0.5149467566284525	0.0828178841729297	0.49214869327847904	0.08427183698859925	0.5117151424352839	0.08361232322439927	0.43201934242415313	0.08012886738854212	0.5684906201183841	0.07770230175924336	0.45336024824461785	0.08242977493474325	0.5513070108085637	0.08201756597863932	0.43915397433122766	0.07905449268504137	0.5717056723194278	0.07921064598122622	0.4911150599733452	0.5088849400266549	2.4659131695413303	3.0938859608204337
9100	2.4659131695413303	0.91	0.4848309427018268	0.08167043172110297	0.5225193914449504	0.08531506805355318	0.39053321081716186	0.07213104649096745	0.6098591205186545	0.07216398631935278	0.44754291297479926	0.08051695876762789	0.5423232295897801	0.08167040695265994	0.40813756418003116	0.07600550412419599	0.5907723308110042	0.07728940389004044	0.40061464349787684	0.07313378557364669	0.6042969367311326	0.07245963073931486	0.4853438673004832	0.08394004812353127	0.5152026524868365	0.08258414141286367	0.4921143125041233	0.0841794116557745	0.5116246243934789	0.08347962328575768	0.4326107857589185	0.08018583198712946	0.5684261567426033	0.07761550202677865	0.4533899149260138	0.08245229608087788	0.5505898141733092	0.08204994097234702	0.4387100075719526	0.07897950586045178	0.571857903537182	0.07961513173087599	0.49022407732864676	0.5097759226713533	2.4659131695413303	3.0938859608204337
9200	2.4659131695413303	0.91	0.484564137850364	0.08180047476897724	0.5226567602898868	0.08528368277896878	0.39068049489967865	0.07202526894994687	0.6090311235010933	0.07247129716885306	0.44698428994811296	0.08036692914666485	0.5425220336921647	0.08157948749102084	0.4085992008409519	0.0759034021360484	0.5911053053613035	0.07723434832840373	0.400559946904243	0.07326724219667757	0.604710572032581	0.0723925910849919	0.4853652524777918	0.08399686979297898	0.5149079689261573	0.08261326528788632	0.4918959098071038	0.08418752633583414	0.5112003723741654	0.08346354353558985	0.4325398291554845	0.08007389337245191	0.5681969697448079	0.07779968024574575	0.4530294462640992	0.08243015064883309	0.5506084250505592	0.08195541848634849	0.43869529510104815	0.07892200899605582	0.5726702996785714	0.07963965564180762	0.4906562364189483	0.5093437635810517	2.4659131695413303	3.0938859608204337
9300	2.4659131695413303	0.88	0.48350717248775527	0.08189538410829816	0.5229304102198282	0.08537708609224091	0.3918864037515449	0.07249806365772193	0.6084053440934047	0.07250325292943775	0.4469236347741149	0.08039512796193356	0.542762276555605	0.08152552176351996	0.40850996097693354	0.07587002059689953	0.5909064188664418	0.0772120261016252	0.4006435586189215	0.07316582771593741	0.6054990695109244	0.0722713387965649	0.48436677014221113	0.08400968505194366	0.5152195993827228	0.08243079170733292	0.4919635993639644	0.08405932842478044	0.5111220201632507	0.08346098834607768	0.43178531349547544	0.07999919305851554	0.5673947217664076	0.07797254294489246	0.45203019118339416	0.08246114512823273	0.5508230211532779	0.08190641620856264	0.43913959674324526	0.079009263039923	0.5727941473388422	0.07934091231924392	0.49064918314703354	0.5093508168529665	2.4659131695413303	3.0938859608204337
9400	2.4659131695413303	0.84	0.4832006277926035	0.08176399429677637	0.5237621335550523	0.08543963096874926	0.3921781278556611	0.07237690369284973	0.6078079594321345	0.07252302094041149	0.4476591485042019	0.08062706171249545	0.5429329322279152	0.08148597273710015	0.4087709707539556	0.07591028632559577	0.5911793263957226	0.07704619618652069	0.40050603094652193	0.0730232308969494	0.6057476079805342	0.07222886769126302	0.4838756387595269	0.08383076189283972	0.5149021382638251	0.08234968179635391	0.49125113614925225	0.08396832397804056	0.5114323979899041	0.08341193397252859	0.43254907802198417	0.07995500440340225	0.5675792071951062	0.07809609000853382	0.45170493116983224	0.08242410174869971	0.5508880039963083	0.08199792418537052	0.43869576864729154	0.07899973962107515	0.5723498254156802	0.07915968855232819	0.4903232666950234	0.5096767333049766	2.4659131695413303	3.0938859608204337
9500	2.4659131695413303	0.93	0.48256020782349784	0.0817607601354855	0.5236510460683654	0.08543455179228222	0.3924719956980104	0.07251048975997662	0.6079197931576256	0.07234143621324238	0.4475341187113426	0.08057286374736014	0.5433261838347827	0.08134410392409336	0.4082311273846322	0.07569974182800873	0.5914286785694917	0.07701969100088836	0.4001580522670589	0.07285730260236015	0.6058213315150868	0.0721840936749026	0.48344788126976446	0.08375579420126608	0.5147485291614948	0.08239821975974217	0.4915276207896888	0.08382242488511753	0.5110014562136471	0.08359529260749055	0.4322897960459924	0.07993135724332677	0.5665827846393613	0.07831044329824045	0.4521160756541707	0.08239548027517331	0.5509378569877357	0.08193662371805563	0.43885465063648865	0.079262428809555	0.5727942840472554	0.07921374477107156	0.4908459595959596	0.5091540404040404	2.4659131695413303	3.0938859608204337
9600	2.4659131695413303	0.89	0.48222823538549353	0.08161220465339522	0.5234873337960819	0.08538831153536533	0.3920753173217616	0.07268635738533014	0.6071924739033578	0.07259283072614463	0.44692842861274296	0.08043446981821277	0.5432338778776595	0.08131182587107093	0.4078183517757672	0.07577423001703952	0.5916404205051716	0.07697553619267425	0.399807891162214	0.07284564518844769	0.6061297298372292	0.07211171340427747	0.484314036937447	0.0837854322425131	0.5152920194700294	0.0823545753724722	0.49178851704802523	0.0836779021349277	0.5117995907320729	0.08335695613754998	0.43258731109674126	0.07977011677807197	0.5660894739213002	0.07843188860804452	0.45252768817623285	0.08246241620858652	0.5503108088646917	0.08184922249421844	0.43853344091634505	0.07919651302416153	0.5731507310136377	0.07897200587320777	0.49135776759683464	0.5086422324031653	2.4659131695413303	3.0938859608204337
9700	2.4659131695413303	0.88	0.48186944003357907	0.08171291941919116	0.523344203565294	0.08557646845108413	0.39229564978005504	0.07272206380574642	0.6070518741680702	0.0726054876433935	0.4473203274936161	0.08045299997359638	0.5433200075282643	0.08118445630350743	0.40789784429403003	0.07573312314221016	0.5919879428962035	0.0768333241038084	0.3999046627704689	0.07283330413615005	0.6058464151607719	0.07214784276150442	0.4834003721918512	0.08355264597941091	0.5145237966925986	0.08226956842650845	0.491306063696775	0.08367640389987432	0.512645109813526	0.08323365897811562	0.4324057721441046	0.07992878177326697	0.5654374719321684	0.07828251404117147	0.4522576234641821	0.0823146543798885	0.5501378339548105	0.0818695559965344	0.4377966106097361	0.07921926901827561	0.5733732157447647	0.07916778061930514	0.49144682605111295	0.5085531739488871	2.4659131695413303	3.0938859608204337
9800	2.4659131695413303	0.83	0.4821092323642502	0.0815708878312135	0.5230886226022744	0.08554373748364381	0.3925316351505344	0.07256196134418405	0.6065596139801699	0.07269633260121576	0.447637343507361	0.08049510681349124	0.5437055442742816	0.08116221811525175	0.40743689645406206	0.07553575100744647	0.5918369393963974	0.07680757647632262	0.4000524207222008	0.07278604371879481	0.6056989933365419	0.0722315538976431	0.48322116617333805	0.08351378049369822	0.51461811354817	0.08237315878082167	0.49143952021099846	0.08357628542089414	0.5127409732581306	0.08348281758752703	0.43230425776622405	0.07990166220537745	0.5650359050484411	0.0784114542431961	0.45216871259386776	0.08238511915706248	0.5494337130158766	0.08201901545859136	0.43770621800891385	0.07893413838573365	0.5740256772041875	0.07926444602276467	0.49143206854345167	0.5085679314565483	2.4659131695413303	3.0938859608204337
9900	2.4659131695413303	0.83	0.48177424853859036	0.08147504270847361	0.523850679040373	0.08549968539904405	0.393066271412392	0.0727163808070545	0.6064340629916594	0.07301695036128154	0.4480874636879274	0.08042116791636834	0.5434823416037179	0.0811255767726831	0.40689578802284304	0.07543946648938314	0.5923501926150093	0.07660347095246052	0.4008506719126734	0.07300830042279349	0.605510597142122	0.07214716158163766	0.4830362069476687	0.08356174833038849	0.5143811416956136	0.0824885119383914	0.49195134341563346	0.08346649947009734	0.5124763957421589	0.08336759886471817	0.43232770165154255	0.07997186359997349	0.5650132764374847	0.07844399522765323	0.4523849663223559	0.0824316853679732	0.5494305353031002	0.08200790266982352	0.43668868323877613	0.07887144396440796	0.5739841133222268	0.07931820178290774	0.4907108239095315	0.5092891760904685	2.4659131695413303	3.0938859608204337
10000	2.4659131695413303	0.89	0.48142401969231885	0.08158982523360415	0.5245258851343911	0.0854158866898468	0.3934454357744476	0.07284128491138407	0.6061399294553564	0.07289239131702324	0.448210383067367	0.08043349504603199	0.5433404649686917	0.08127143143482522	0.40716854788527523	0.07555230593712992	0.5922708704142357	0.07659216639694712	0.4006261560182069	0.07299286212322743	0.6057807821435367	0.07206947988692516	0.48291058013122784	0.08346016329748543	0.5140500597495882	0.08233970307518935	0.4919596184966378	0.08356043645134782	0.5133171497434134	0.08346087088842866	0.4327577900365359	0.08009382307528916	0.5650890202634895	0.07855030971076352	0.45241219327193	0.08245173392213877	0.5493238981866247	0.08206411011187702	0.4365368425723656	0.0787667812429137	0.5735479934170229	0.07953527326472418	0.49030387844862056	0.5096961215513794	2.4659131695413303	3.0938859608204337
0.8893069306930691
