0.0,0.0,-12.256399657968332,8.836217972064226,16.661135580225107
0.0,1.0,-15.167118090409025,9.581905301108996,22.546575653487757
1.0,0.0,11.380513817980233,-8.05061629802614,-17.508177269326076
0.0,0.0,-17.29808141379782,12.448644156245164,26.255860756174485
0.0,0.0,-13.774823795664997,9.220334792179017,22.517691558656146
1.0,0.0,11.864864534276531,-8.4861941401161,-20.623068564968815
1.0,1.0,11.128316459345667,-8.039508239170814,-18.542497335505796
1.0,1.0,11.776654392558186,-7.922383553969979,-18.775769619238627
1.0,0.0,11.627510780490415,-7.888005738784967,-18.57839546357122
0.0,1.0,-15.103289951183092,10.492049135018934,23.57890100593854
0.0,0.0,-23.722247308812644,17.664179914309653,36.118908290702905
1.0,0.0,11.817602134651324,-8.155082249796763,-19.48718754539773
0.0,1.0,-8.593382046930227,5.8283245072535745,12.692587268889886
0.0,0.0,-14.854830102991656,10.491385957689788,22.80228535105494
0.0,1.0,-10.965030140829345,7.3049002252777475,16.781083192892122
1.0,0.0,11.954946465533267,-8.523581860860816,-20.41209537370908
1.0,1.0,10.808051811598876,-7.168036536172401,-18.851574374037448
1.0,1.0,10.959672086417356,-8.334718048444941,-17.458243151240037
1.0,0.0,10.446573999473133,-8.34573576141189,-18.5782414034712
0.0,0.0,-19.271949628212965,14.193025077383483,31.097001949254295
0.0,1.0,-10.366492530454327,6.625367712530567,14.949761053985084
1.0,1.0,11.886006854144329,-8.419530806246453,-19.59891651526754
1.0,0.0,10.899625898897295,-8.19786300793101,-19.36298350498709
1.0,1.0,11.489893415637468,-8.911807088935173,-18.867960592362614
0.0,0.0,-15.702787061809506,11.341780236287006,24.23712620877813
1.0,0.0,10.773246123882483,-6.1194320581265025,-16.75211036349145
1.0,1.0,11.170461949078543,-8.380175224071765,-18.138454955255767
1.0,0.0,11.263391363988253,-9.082626993193164,-19.817454916481292
1.0,1.0,11.530727844016567,-7.5405093709254,-19.288659260672265
0.0,0.0,-18.67648200925469,13.163166735951412,28.497969108518625
1.0,0.0,12.368786529139012,-9.144101314884482,-19.847528755976068
0.0,0.0,-13.535006071684009,9.326229336146845,21.468759757572748
0.0,0.0,-25.4129313056076,18.53641646014579,38.23971048456945
1.0,0.0,10.899110227036886,-8.379479563709817,-19.450676289359457
1.0,0.0,12.58875613258625,-9.800173234968039,-19.886721125147176
1.0,0.0,11.251417829138235,-7.767980150408899,-20.73703272105228
0.0,0.0,-12.00666015432679,7.696153331601595,15.331721701161534
1.0,1.0,11.53252993202012,-8.395977114087213,-19.46349961079425
1.0,0.0,13.063627458377539,-8.57577702473002,-21.01175810927707
1.0,0.0,11.558082314381277,-6.110949452247288,-15.727155353578251
0.0,1.0,-16.962104107576668,12.076926212597645,24.05392967304899
1.0,1.0,10.955927412398738,-7.263234942683279,-15.50534401266567
1.0,1.0,11.983465566261684,-8.349460256297505,-19.578695065399494
1.0,0.0,11.72853928433441,-8.178886359533069,-18.75662047663962
0.0,0.0,-14.766619431685854,9.586235872796664,21.971537229319356
0.0,1.0,-15.042075894718584,10.98055687951027,21.710392334453555
1.0,1.0,12.033861594651531,-7.7590019270615675,-20.10663147152177
1.0,0.0,12.472729973088628,-9.293596098011493,-21.075740605570445
1.0,1.0,10.519923066154188,-7.286486978529567,-17.596404190570556
0.0,1.0,-19.96432034135467,14.135954072364447,31.474375662570573
1.0,0.0,11.657277203095651,-8.862808899973574,-19.215912221417152
0.0,0.0,-15.701439257830764,10.24555513121305,23.353466620162077
1.0,1.0,11.495813088549555,-8.26222582628884,-19.759435537048727
1.0,1.0,13.625549642999141,-9.684456953483135,-22.73511144944776
0.0,0.0,-12.056504108905395,9.257649401840691,18.40119295570435
0.0,0.0,-13.139708065986081,8.997279924694384,18.645620890378705
0.0,1.0,-11.202809930946989,7.083681444666776,16.599168942191252
1.0,1.0,12.4146028608649,-9.418768116674459,-21.00628402000775
0.0,0.0,-17.098039419523147,12.41996220140867,24.71568129119736
1.0,1.0,12.140104959629827,-7.790741915234435,-21.40506353508592
1.0,0.0,12.160412016978333,-7.173791016163932,-21.09378385479583
1.0,1.0,12.793053533602428,-9.91854212649675,-22.52911102999315
1.0,1.0,11.319583766389423,-8.632064269156938,-20.09672354484703
1.0,0.0,11.547249667421818,-8.390998607524798,-18.416071531489102
1.0,0.0,11.277448446035487,-8.42435024386511,-16.656853625746244
1.0,0.0,12.741031832606863,-9.172804840321152,-21.881857774500556
1.0,0.0,13.417114630624996,-9.375966447753274,-23.12951222411843
1.0,1.0,12.980111017993949,-8.299567209368025,-19.942301126056954
1.0,1.0,11.633818603648939,-8.626631136324976,-18.328292855139168
0.0,0.0,-19.598290744854737,14.607722866409306,30.135400219365756
1.0,0.0,10.26407116477336,-8.11796092566337,-17.930107434191658
1.0,0.0,12.462193354525075,-9.408291950713538,-21.267766276155704
0.0,0.0,-17.806293421911267,11.879578391520141,27.342818195205684
0.0,0.0,-17.931352243878877,11.306119094458595,25.68506250837998
1.0,0.0,11.038156327541714,-8.948617303837903,-17.69649612818899
1.0,0.0,12.765043593884334,-9.650550289665361,-22.566881420650525
0.0,1.0,-14.768486121862066,9.973423010179966,23.786869298783554
0.0,0.0,-8.456521706695852,4.596710854262916,11.434826765839981
0.0,1.0,-14.316546595690532,10.533600544142912,22.53686459404037
1.0,0.0,11.617244653875293,-7.614529471449881,-19.43521911411388
1.0,1.0,11.827954540794188,-9.256857228347966,-21.24096430896864
1.0,1.0,11.469018304422116,-6.350846100470456,-16.60746272376309
0.0,0.0,-19.482691493104646,14.07004493038062,30.145718268479236
0.0,1.0,-11.500000164384478,8.319259833393307,17.572864596090827
1.0,0.0,11.203235107847217,-8.45052697040428,-19.336399532111706
1.0,1.0,11.855422908858397,-9.028976048101967,-21.243194592726866
1.0,0.0,11.244921610047712,-8.03405895453448,-20.100517620025006
0.0,0.0,-10.034639472762258,6.5106848062287375,13.34122871239352
1.0,1.0,12.438064064628758,-7.590020019512465,-18.355579128304086
0.0,1.0,-15.478938213565508,10.474567542858141,23.68715884464036
1.0,0.0,11.397022472926965,-8.055156043848594,-20.292145683744167
1.0,0.0,11.960512546601894,-7.725710652274698,-19.10806504501524
1.0,1.0,10.556011099119647,-7.103506858388011,-19.10344039124641
1.0,0.0,11.736683581499669,-7.589938849297334,-20.0397620125204
1.0,0.0,10.547576160714755,-7.5123425489726445,-18.87072326443725
0.0,1.0,-17.23063615846358,10.37051534854158,25.969929175583655
1.0,1.0,12.338354487432575,-8.090793681895345,-17.462488470641418
0.0,0.0,-19.863963214430974,12.512422073647084,30.388825234720525
0.0,0.0,-21.03229489878683,14.468700338644448,30.618616483968445
0.0,0.0,-19.18710471279649,13.460803991482038,30.532106149085088
0.0,1.0,-18.98323640374485,12.684253377902486,29.303716346798648
1.0,0.0,13.439549601096743,-10.795235133843642,-22.92623992591558
1.0,1.0,12.07070503897995,-8.687229866045234,-20.167457271345555
1.0,1.0,11.193264020618484,-8.519293591836858,-18.622288265412404
0.0,0.0,-17.113261036665776,11.082005327630755,24.47842978821763
1.0,0.0,10.98443187527815,-7.759717819429135,-18.370127541193444
0.0,1.0,-20.000842329041063,13.570175011639087,30.373095576699406
1.0,0.0,12.463565375138906,-7.5619145020989595,-19.503851824057485
1.0,0.0,10.752137417242341,-7.8286870798713695,-18.03419376099271
1.0,1.0,12.875941187081558,-8.365558162739685,-21.45079334110039
1.0,0.0,12.343086819146441,-9.162754984520971,-21.558088059955217
1.0,1.0,12.666306336524901,-9.91186135084707,-21.62101683069742
0.0,1.0,-10.720260527633174,6.756343853698529,16.17404895819253
1.0,1.0,10.511531672556442,-8.512886170808617,-18.250556370078964
0.0,1.0,-12.920103432069322,9.426189846601016,19.37266104317578
0.0,1.0,-10.187431410870971,6.592738144950345,14.962827269849031
0.0,1.0,-10.05923789685098,8.058180506458086,15.458551019926011
0.0,0.0,-10.831810830781162,7.156274127765109,16.4253156753115
1.0,1.0,11.005849514896607,-7.874406647246891,-18.37293325312068
0.0,1.0,-21.427092450494953,15.49523372033722,33.33491691083677
1.0,0.0,12.32327026869014,-9.101213562303517,-20.442370823347172
1.0,0.0,12.674631371115002,-8.319379857534333,-19.865691650962628
0.0,1.0,-14.85709847775709,9.253940149456865,21.61249269364962
0.0,0.0,-13.156146098628646,9.092379144583571,20.691634865313752
1.0,0.0,12.493351967983166,-8.260498166401712,-20.130507500085415
1.0,0.0,12.301559087178351,-7.664528446207396,-20.15966484306263
0.0,0.0,-10.181754041080694,7.108673026252709,14.601506826762204
1.0,0.0,12.267540989567696,-9.465367441989864,-19.427607018656442
0.0,0.0,-13.671416284316182,9.285242928263974,21.665557185182855
1.0,0.0,12.437840154353262,-8.253801682784017,-20.579798824174173
0.0,1.0,-13.56456589829394,8.595559152363329,20.386014155028708
1.0,0.0,11.1734101006091,-8.76649263918764,-19.74108297447359
1.0,1.0,11.829467738840368,-8.629797828079504,-20.655238549335554
0.0,0.0,-10.608140333631695,6.347830803983775,16.163588522656976
0.0,1.0,-10.689893097830257,6.835437957939956,13.620649761211396
0.0,1.0,-16.554438034481866,11.979637110775148,25.68548855292526
1.0,0.0,12.132399109698794,-9.075172947374936,-20.925081358998874
1.0,1.0,11.72634478436264,-9.893885923860845,-21.63096268527636
1.0,1.0,11.282045392909415,-7.2951357723932695,-17.491714888487962
0.0,1.0,-19.669078759732265,12.823324706856118,29.982113531352596
1.0,0.0,12.95909989041772,-8.210803211425311,-17.431835347994454
0.0,1.0,-15.50997817731583,10.837768139284721,22.946928023733292
0.0,0.0,-13.095610513784607,9.350342362032585,20.057991420538862
1.0,0.0,12.561497988060529,-9.09623465040918,-21.573395185689346
1.0,0.0,11.066310749610107,-8.456928620214576,-19.96611532734183
1.0,1.0,10.316304597462455,-8.76659242474589,-16.101107282423555
1.0,0.0,10.95482961570703,-8.385196810760684,-18.572412108710257
1.0,0.0,11.473104410691453,-7.274826555393832,-16.977770260618176
1.0,0.0,11.243235702833447,-8.794953196901405,-19.191155481809645
1.0,0.0,11.637367563451944,-7.420609940197455,-18.797047580831222
1.0,1.0,12.500402289941666,-8.6551220477309,-21.288521083688384
1.0,0.0,12.756497587665589,-9.947344499853203,-22.46455164535216
1.0,1.0,11.093062130270894,-8.33836106295576,-18.465197108963018
1.0,1.0,11.397431815095871,-10.086778537968277,-19.481979190803383
0.0,0.0,-16.605227603999136,12.98356023907093,25.72437348345284
1.0,1.0,11.500027841352368,-9.717510507404505,-19.329224047513296
1.0,0.0,11.392305769377197,-8.70634959641148,-18.87910252409089
1.0,0.0,11.736777903366262,-9.054836466921838,-18.801336288879664
1.0,0.0,12.485630486172228,-7.818962896348626,-20.569542518813424
1.0,0.0,11.423419097412193,-8.255385660888484,-18.964450893338373
1.0,1.0,12.661478983791406,-8.512410786160173,-21.577888057110258
0.0,0.0,-13.10758565051489,9.200047306037757,19.614034120137305
1.0,0.0,12.177976157706897,-8.201378688494117,-19.22187021993477
1.0,1.0,11.032064807249679,-7.213342368270119,-18.32708078803709
1.0,0.0,12.690430188728433,-8.460639372220353,-22.167801670552528
0.0,1.0,-11.359258427445601,7.521487471882122,17.43736714898227
0.0,0.0,-14.260740108217796,9.918984991309634,21.627900142337015
1.0,1.0,11.628851417515,-8.94854615787619,-19.314200101491796
0.0,0.0,-13.68466024452257,9.411394282448875,20.99704698387022
1.0,0.0,12.515497556224668,-8.481598316377395,-18.589172568130827
1.0,0.0,10.685261149057416,-8.0099951572508,-18.31347787925519
0.0,1.0,-15.116438317983516,10.578082305751089,24.183886022720852
0.0,0.0,-19.521825008225758,13.30935391449072,29.17838878665122
1.0,0.0,11.50489293491895,-7.674161655332491,-17.75823965497428
0.0,0.0,-11.069325115240776,6.884447469945112,16.133997452918553
0.0,1.0,-16.78492349586133,10.351257691437565,24.602425008945712
0.0,0.0,-17.38709261975565,12.701714381704786,29.47627755377207
1.0,1.0,10.84100160096938,-7.7203511113952095,-18.49985723350683
1.0,1.0,11.138026187036333,-8.188590916513474,-18.2905948960814
1.0,1.0,11.518092734374541,-8.215348795645232,-20.410689870118798
1.0,1.0,12.204980670150288,-9.295157648288347,-20.73690902374034
0.0,1.0,-13.902175197375723,10.244355649669025,21.363498643423533
0.0,0.0,-13.594368614486363,9.756880770616053,22.174724712723947
1.0,0.0,12.186063890349606,-8.44779441412145,-20.10077191572394
0.0,1.0,-21.81529930821427,15.838953903724006,33.363153352404986
1.0,0.0,10.499371428923224,-7.954228372082544,-17.487733178397605
0.0,0.0,-19.571157898281097,12.785519277296633,30.08215739610976
1.0,1.0,12.459958909925303,-8.715612912215404,-19.678058979020093
1.0,1.0,11.533977530629594,-9.364733369624687,-20.482733902960934
0.0,0.0,-7.669113604505924,5.17176369632514,9.377450479920189
1.0,0.0,12.916936898033562,-9.704257075513413,-22.59049187409735
1.0,0.0,12.612131491436791,-8.841790886905272,-22.487173732804017
0.0,0.0,-14.60049845667651,9.005019996113448,21.375594983661813
1.0,1.0,12.3669359921486,-9.196890730913706,-21.53215694148306
0.0,0.0,-19.101832830601317,13.047909596692758,29.501944995244855
0.0,0.0,-13.199629940121843,9.35643926397763,19.868659253141548
0.0,1.0,-15.08702832832994,10.35822796878334,23.149705695278104
1.0,0.0,13.358736138891343,-10.213671013182553,-22.624281642538172
0.0,0.0,-15.000625566718108,9.531692969465224,22.507648134955694
0.0,0.0,-19.79467145305727,13.83680349863403,29.69948253510391
0.0,1.0,-7.3259932649193065,5.40172103816867,11.978847591341612
0.0,0.0,-14.40601855513035,10.767080382991566,22.457284768826252
1.0,1.0,12.648521365360605,-8.631588234127161,-20.19692816313289
1.0,0.0,12.671201636774954,-8.930426099730443,-19.462857628054724
1.0,0.0,12.206561924961775,-8.542514451016421,-21.531013854261523
1.0,1.0,11.979916265979119,-8.701191094134108,-19.432999763505855
0.0,1.0,-7.283953312022863,4.0158746163855525,11.24631081175293
1.0,0.0,11.380063178005384,-8.79279447781767,-21.074960322203236
0.0,1.0,-17.81284117406293,11.428815931730732,26.72899109100182
0.0,1.0,-12.57263765404708,9.129378180906745,20.50453391603318
0.0,0.0,-9.968279578464207,5.603931678118602,13.222447290123407
1.0,0.0,10.859541463385016,-7.502578923608961,-17.39187822522669
1.0,0.0,12.535332136870306,-8.238139349024502,-21.483518419118514
1.0,0.0,11.090470729383147,-8.180831802891722,-19.167137641315314
0.0,1.0,-13.833152097355788,10.63079494533387,21.341284596360655
1.0,1.0,11.229795970619914,-7.762033686031799,-18.800685878012626
0.0,1.0,-19.298760402114855,12.564753389602803,29.86432754444585
1.0,0.0,11.877950399454207,-7.965739640130518,-19.727722985172512
1.0,0.0,11.819797963046,-7.77890280367403,-20.032536310679667
0.0,0.0,-13.640432512369054,9.21690236055884,20.492111594488335
0.0,0.0,-12.177170182155693,8.544843937479387,18.404151306483005
0.0,0.0,-14.649711019131516,11.172337863310098,23.828344468028533
1.0,1.0,11.60247194533275,-7.819480216568106,-20.167891740532056
1.0,1.0,11.286006864228531,-7.369238951817099,-19.05927895664958
0.0,0.0,-14.971330723942849,10.803126622419857,23.429407516515454
0.0,1.0,-16.485833164234258,10.534722115459964,23.820192162654713
1.0,0.0,12.232221651745673,-7.758097780312575,-19.451570661344483
1.0,1.0,12.328402287356479,-8.309041124344175,-19.543695569770236
1.0,1.0,11.369286063742978,-8.614680004320281,-20.727564995973946
0.0,1.0,-16.897522749305768,12.225928205268458,26.891504778909376
1.0,0.0,12.760776988791655,-8.483412888709214,-20.38177386901892
1.0,1.0,11.365789664069744,-8.889641125395496,-20.367371435401886
0.0,1.0,-16.09874038743212,11.707054775233718,23.52102688413587
1.0,1.0,11.632711829487697,-8.97239782770849,-19.527015897340203
1.0,1.0,12.537604959706002,-10.039576627889454,-20.926573312590993
0.0,0.0,-12.399570974309139,6.611818009798007,18.215563475617692
1.0,1.0,11.67661399359649,-8.293879548920078,-20.628302190573393
1.0,0.0,11.77042316640613,-9.030089782317436,-21.753242706657144
0.0,1.0,-16.525722043379258,12.014050509426648,24.585053201098493
1.0,0.0,11.919219580232957,-7.788600805978697,-18.288518970406077
0.0,1.0,-17.22972842240311,11.558691034125522,25.472801974836834
0.0,0.0,-19.07258971030888,13.538498614277481,28.84586964451685
0.0,1.0,-14.019397209912821,9.929526429366684,21.809520657431023
1.0,0.0,12.660487609761953,-8.895021183199828,-19.817955494621973
0.0,1.0,-14.95854388492956,10.200038956809706,23.114185139487113
0.0,0.0,-15.255081914057943,10.260236104107,23.413640274565875
0.0,0.0,-15.119981505163002,11.770190943776674,25.127115780245724
0.0,0.0,-13.942273744050393,9.371018982189474,20.50429350819195
0.0,0.0,-14.50882657013446,10.041314758210895,21.879979307975972
0.0,0.0,-16.384722653004562,11.314265798064392,24.20936711672502
0.0,1.0,-18.385622451410782,12.544311832263999,28.029227952470965
0.0,0.0,-11.243904486982064,8.36825410785356,16.15533513323834
1.0,1.0,12.829386245695128,-9.371073113739177,-20.62988644825021
1.0,1.0,11.596483276571787,-7.54258786508175,-18.36272119636117
0.0,1.0,-16.495563764163872,11.291883784254141,25.81055148218778
0.0,0.0,-11.774665010328382,8.826402498189529,19.70818376250023
1.0,1.0,11.689207083328546,-7.597106075912148,-16.968589023495916
1.0,0.0,10.621492784828527,-8.213157704301578,-18.365344954296024
1.0,1.0,11.818978067232578,-7.962802515385243,-19.557444562512384
1.0,0.0,11.051231522414268,-8.756452105601355,-19.834852682694756
0.0,1.0,-9.223061256693747,6.33149232800115,14.313050974188938
0.0,0.0,-18.323565294961746,12.097162907809098,26.92817489389667
1.0,0.0,10.981744614630193,-5.824926878648045,-16.210726996040048
1.0,1.0,11.223327299677178,-8.253056199877665,-18.069245411384614
0.0,0.0,-17.033907076767328,10.995994312873762,24.585516344718446
1.0,0.0,12.829843616086903,-8.029293676759401,-19.268668211405195
0.0,0.0,-10.510029777346478,7.3421849427165125,15.927755022562893
0.0,1.0,-21.332630329195176,15.352486518253427,33.27738136599224
1.0,1.0,11.732021005331957,-8.531303290658881,-20.77291705195966
1.0,0.0,13.300981177647435,-9.70871842727438,-23.548996884185925
1.0,1.0,12.142755901924117,-9.380726587219314,-20.594152938575704
1.0,1.0,12.507288984183813,-10.252317434591738,-21.127243924474445
0.0,1.0,-17.006715377589682,11.905168665259232,25.532381463379544
0.0,0.0,-11.772543508328894,9.779800385510105,19.194121684916308
1.0,0.0,11.28154396950715,-8.538553926487108,-18.086964640699602
0.0,1.0,-13.192040339290584,9.672197981297833,18.978912244430546
1.0,1.0,11.182325338699101,-8.009533096846766,-19.177293389738487
1.0,0.0,10.78423689914131,-6.970866369762719,-16.586734841725264
0.0,0.0,-21.275748887718937,13.624837325717724,31.566463038953177
0.0,0.0,-14.420252372143853,8.667744610556241,19.883109082912174
1.0,0.0,11.497711028249611,-7.914766728913025,-20.439250474407256
1.0,0.0,10.635682666569783,-7.257548152466842,-17.654960018726083
0.0,0.0,-15.726052369149885,11.358157407578048,25.235578598753182
0.0,0.0,-16.887370019004145,10.091913421492155,24.471844348378244
1.0,0.0,11.85163374239211,-8.062555955012899,-19.878198365404966
0.0,0.0,-16.593008033831335,10.462963600918687,24.689176249801204
0.0,1.0,-17.467592779284104,11.796715223321465,27.565903945737332
1.0,1.0,12.47778041195651,-8.666795104220617,-19.0627551821788
1.0,0.0,11.00410216930027,-8.45811960736297,-17.33011591238694
0.0,1.0,-13.33065445134789,10.414569172638798,20.737567167510665
1.0,1.0,11.865612221652897,-6.5333307758751,-20.59148224176947
0.0,0.0,-16.293702889928593,12.457428956872086,26.69546916490306
0.0,0.0,-13.793666962054925,9.333692600400804,19.79412351900315
1.0,0.0,12.484808514937992,-9.548105855939431,-20.378727413302713
1.0,1.0,12.771777507795646,-10.392515791055034,-21.250263798546573
1.0,0.0,10.838173946669913,-7.180966856553197,-17.097616474697823
0.0,1.0,-15.822399761768333,11.00068860329355,25.030586603238753
0.0,1.0,-11.70858254455819,8.41616100655731,19.117283324249104
0.0,1.0,-22.87192889896003,15.64485605308759,34.75791524291335
0.0,0.0,-20.75376762052488,14.220279802899956,30.30122412072368
1.0,0.0,11.395203502398564,-6.9937409910437545,-18.636665503082387
0.0,0.0,-16.893099748137207,11.59203866939778,24.63123436551673
0.0,0.0,-18.31675529175832,13.17577893258058,28.910704289570738
0.0,0.0,-14.894545266845912,9.239206732578701,21.794711025241487
1.0,0.0,12.198601748318653,-8.513952562538904,-20.144902449924796
1.0,0.0,12.265098350806914,-8.635966643706798,-20.395727512897214
0.0,0.0,-17.69848232425978,13.158723971439775,28.948828892637533
1.0,1.0,12.458139417572959,-8.502458469090401,-20.118505905571663
1.0,0.0,11.88326365145294,-8.335094649402526,-19.289103677956618
1.0,1.0,12.55180364448569,-9.111899668575255,-20.625416759158767
1.0,1.0,12.923951811688642,-10.438334336459409,-22.88961817720649
0.0,1.0,-15.69606584992474,11.541530142392139,22.796288238439924
0.0,0.0,-16.99260083734048,12.135939470661464,27.6468000141638
1.0,0.0,12.07728302332218,-8.603212183442082,-20.476898193008974
1.0,0.0,12.178429049215092,-9.005668241056526,-21.185889217840884
0.0,1.0,-6.321724625175223,5.028817400544993,8.186301080388647
1.0,1.0,11.899967536197998,-9.20478990211614,-21.33035806457485
1.0,1.0,10.9637569167783,-7.407424118921998,-17.276551658594894
0.0,0.0,-17.475895549979473,10.712142932248954,26.637324539497367
1.0,0.0,12.279934059267337,-7.976695035673961,-18.036446729023176
0.0,1.0,-20.472513708445224,14.075270768851384,32.09340057267227
1.0,0.0,11.025203122177087,-7.843921364399097,-18.42581733284644
0.0,0.0,-17.40148366698767,12.111248456432795,26.067005227814292
1.0,0.0,11.672906434944307,-8.224339794526069,-19.24306310672437
0.0,0.0,-12.863694832453088,8.863413908081476,19.66247161224806
0.0,0.0,-14.84473352862118,10.098409694849757,22.321131827114996
1.0,1.0,12.774277317648185,-9.404611918428431,-19.608950322912072
1.0,0.0,10.368786458908186,-6.742073085300688,-15.893800483290208
1.0,0.0,11.69835370842869,-8.774851483440282,-20.93614178469885
1.0,1.0,12.187253271632063,-8.762057452710408,-19.1764808242022
0.0,1.0,-13.5695455768144,8.857186490609564,19.063372311739187
0.0,1.0,-17.628555292792967,12.044606928783644,25.909590258657992
1.0,0.0,12.106031146624916,-8.808242634608154,-19.73678360753364
0.0,0.0,-14.833369058358125,9.929474154626885,23.608107520419406
0.0,1.0,-14.280257667257231,9.65423887759241,21.918616688433772
0.0,1.0,-19.774177821302526,12.757265738724112,28.500818604752364
0.0,0.0,-17.27734142640846,11.247624507201042,25.278132555991284
1.0,0.0,11.935817490479858,-9.3443056695305,-19.48641511228143
1.0,0.0,11.389231312752049,-9.456007508133379,-20.329086620808486
0.0,1.0,-14.74681885195999,10.53135779783825,22.290268944573572
1.0,1.0,11.851430812988696,-9.568751819051148,-20.04859999469373
1.0,0.0,12.219428427977219,-8.225583071755583,-20.093421764548893
1.0,0.0,11.41901727095161,-8.613390973158412,-19.347963773199076
1.0,1.0,12.422098170645844,-8.64043667909478,-20.34493572155191
0.0,0.0,-9.515666140035822,6.4579686022666145,14.483148831418367
1.0,0.0,10.626765557129069,-8.564325788252654,-17.872624724977726
0.0,1.0,-17.563295655017253,11.867797645960733,26.167462699382558
1.0,0.0,11.947185633585013,-8.75809936883891,-19.058297542389646
0.0,1.0,-10.355733555439599,9.203889678842748,17.811877725649715
1.0,1.0,12.999729484389341,-8.822007802065551,-20.221645582252176
0.0,0.0,-12.852530822368745,10.510136849525466,19.713753190008564
0.0,0.0,-22.407163071233164,14.65616559189447,34.383262767500625
1.0,0.0,12.013221573094357,-8.387680563864027,-19.241797223756937
1.0,0.0,12.184971497004248,-7.848518859895495,-20.062084025604513
0.0,0.0,-11.810561955758546,8.981195793572676,19.18379122727364
1.0,0.0,11.44735215157727,-8.267327186474919,-18.604714079820734
0.0,0.0,-21.932799218963133,15.500284297371783,33.49335652108708
1.0,1.0,11.475444610867369,-7.260317669847215,-18.750714597854923
0.0,0.0,-18.123915918671415,11.769303896071374,27.458941058772698
0.0,1.0,-13.816113653430689,9.993774101656262,21.808119157751566
1.0,0.0,12.270798335749198,-8.711699512347549,-21.259698374912052
0.0,0.0,-14.410526342763328,7.843844927659323,20.924893402687182
0.0,0.0,-13.400321897258591,9.005916236096217,21.727433716829413
1.0,1.0,11.186581343655972,-8.89628300739852,-19.076180815672316
1.0,1.0,11.872896425536998,-8.248672279488696,-20.002578116167918
0.0,0.0,-18.407591647939487,13.00190779859057,27.878015054312243
1.0,0.0,12.167102951266578,-10.31394516107754,-21.06087441860757
0.0,0.0,-20.005074414775947,12.26502247970275,30.85037303222167
0.0,0.0,-20.121421883755232,13.519057845341814,28.48252294484003
0.0,1.0,-18.81002272463238,12.40854648539659,29.30973566327632
1.0,1.0,12.39729210336077,-8.392488633043218,-20.3318287000291
0.0,0.0,-15.173885311830032,10.061694117193873,22.337719445318154
1.0,0.0,12.261760199892333,-8.387410524142389,-19.629729480313316
0.0,1.0,-13.634434887674884,10.504052358230215,20.926155184928263
1.0,0.0,11.236263217883922,-8.193349630451092,-20.013837023866223
1.0,0.0,11.544169243292894,-8.510653850850602,-17.760913880702457
1.0,1.0,10.242793347469037,-7.166740765844577,-17.56986173924427
0.0,1.0,-13.836685048139659,7.713992273572012,21.48996370308334
1.0,1.0,11.601428952344282,-10.06656123983623,-20.86968574324749
1.0,1.0,11.42864422681774,-7.181451454297091,-18.18542569650632
1.0,1.0,11.733471789681177,-7.8274967431128175,-18.111363826850372
1.0,0.0,12.62165023788122,-9.42925996965608,-20.5551464942774
1.0,1.0,12.456564517737913,-9.507466358344157,-20.802973433515835
1.0,1.0,11.11940543311649,-8.018160965649923,-18.88090704197867
1.0,0.0,10.89913609054824,-8.082740300564375,-17.36505165863349
0.0,0.0,-14.916149763954614,10.253760682696434,23.214440230312672
1.0,0.0,11.47231902679862,-6.840116147939588,-18.428899311223937
0.0,0.0,-12.968690073505488,7.463329702272686,17.51392110122808
1.0,0.0,11.79521903031215,-7.321134244480682,-17.710518060941737
1.0,0.0,12.30684639244365,-9.509474686356931,-21.61422235554023
0.0,1.0,-15.946552787798478,12.488959340736272,26.858186012461307
1.0,0.0,12.96815255539331,-8.159634851328644,-19.819579866128283
1.0,0.0,12.590226705494338,-9.234870664306088,-20.76985490592647
1.0,1.0,11.588842936861456,-9.314750382774783,-19.965003448482616
0.0,1.0,-19.920058730627993,13.812482204981302,30.411049403845883
1.0,0.0,13.208668062922644,-9.426709976001973,-21.286923601018678
1.0,1.0,10.412301856921705,-8.013290466392052,-18.324741960085035
1.0,1.0,10.606070096518318,-6.6433705255459365,-15.914801442550328
1.0,0.0,11.912537425456437,-9.256286641450139,-20.25782849965325
0.0,1.0,-11.485639006697335,7.685831651021152,15.779549911647557
0.0,1.0,-14.54021654298081,10.767611996826808,22.2530009527087
0.0,1.0,-17.250083107036595,10.352898092866957,24.606149194271662
0.0,1.0,-17.252973343563575,12.589652827933493,29.05690005028581
0.0,1.0,-14.021032486339871,10.097762540037573,19.332201603659293
1.0,0.0,10.766503507870274,-7.360761338438617,-17.246649809572563
0.0,0.0,-13.516719673007255,11.245091138705796,23.09738958363344
1.0,0.0,11.5918043768127,-7.783627305540754,-19.77871702430124
1.0,1.0,11.203207884902612,-8.388941342983374,-19.049524550482676
1.0,0.0,10.631646464443637,-7.93567643654259,-16.774833867568915
0.0,1.0,-11.785805576338912,8.17291629194704,17.022400568306836
1.0,0.0,11.559265427735365,-7.107206052349866,-17.951207999162477
0.0,1.0,-17.258210333103314,11.585407265640798,26.382327569973302
0.0,0.0,-18.93449597306929,14.522503286568519,27.758481295309846
1.0,0.0,12.455792462294324,-9.90346034115244,-19.75777439947329
1.0,1.0,11.875356978062353,-9.590043063507721,-18.453377627421816
0.0,0.0,-17.981234040605,12.316169106612374,27.63750288364201
1.0,1.0,12.025467355082215,-8.775197294390887,-19.774991082799488
0.0,0.0,-17.25390263876242,11.849169888105072,26.01661027831095
0.0,1.0,-21.104267598588454,13.629681075065461,31.98925057276744
1.0,0.0,11.791141824256897,-6.90238338166301,-17.638145031559432
1.0,0.0,11.227955590374421,-8.383554767749533,-20.332875493510038
0.0,1.0,-13.65315379630067,9.80906166418156,21.736111631160412
1.0,1.0,13.367547233730665,-8.60272882408237,-19.949143073971232
1.0,1.0,11.879147243557762,-8.281050250139511,-19.04791817386796
0.0,0.0,-13.726274028897407,8.845001400943485,19.203405980140378
1.0,0.0,11.748417010829927,-9.263168096717116,-20.47396904664936
0.0,0.0,-14.747161433700581,10.287053232574763,22.295755035665533
1.0,1.0,10.741184843964081,-8.207458472475484,-16.882113239527463
0.0,0.0,-14.535249664272893,9.92640312588295,21.49936198820611
0.0,0.0,-18.725984232320034,12.468837606495994,29.228069960563655
1.0,1.0,12.16750506167087,-8.079399789065988,-19.62917071026197
1.0,1.0,12.96610122816286,-9.178977042251,-21.653406194666157
1.0,0.0,11.20462784649953,-7.570542330189827,-17.62840532977021
1.0,0.0,12.096930149856055,-7.361707645261882,-19.453142460585276
1.0,1.0,10.657985537753705,-7.746236525301947,-20.362729950715718
1.0,0.0,11.217148728444505,-8.782182866135306,-17.735799635435125
1.0,1.0,12.720232934589859,-9.046568923417619,-21.442616421339938
1.0,0.0,11.558890064777575,-7.8112235174353,-17.985561287482327
1.0,0.0,12.410256641878265,-7.8889947075044455,-18.179475736144774
1.0,0.0,12.288561613223202,-8.510987643560709,-20.229576399343493
1.0,1.0,11.569355506054402,-7.617145340537929,-19.210995285596308
0.0,0.0,-13.631692677809198,11.583922156657865,22.733580499080485
1.0,1.0,13.710014194001934,-10.25740090078877,-23.243451418039445
0.0,0.0,-14.827399825439377,9.702017939944048,23.554859662929953
1.0,1.0,12.74290667260856,-8.947119752426662,-22.30427591499594
1.0,1.0,11.188519148810796,-7.630199631664589,-16.386951065798307
1.0,0.0,11.318006563486597,-7.492834286960053,-18.869608328947283
1.0,0.0,11.652924500314262,-7.61909972800248,-17.792343105740443
1.0,0.0,11.971711805476954,-7.8738806188091575,-19.16671902549219
1.0,0.0,10.769374612644208,-7.428630872632962,-17.510586448326112
1.0,0.0,11.291629680116253,-9.005500127783748,-20.005390397838877
1.0,1.0,12.177382912724633,-8.92095162486981,-19.496058857934166
1.0,1.0,10.937241949699088,-8.197072284988996,-18.37524937556257
0.0,1.0,-14.6479287147735,10.163893228553091,21.650816295609147
1.0,1.0,13.182020059598829,-9.006170284800397,-22.190695304405306
1.0,1.0,13.077085197495913,-8.881056236189846,-19.786328625735877
1.0,0.0,11.021482901647342,-6.494102782730154,-18.700864027787762
1.0,0.0,13.086954042053659,-8.932527801715377,-19.912851464493922
1.0,0.0,12.519255553325037,-8.739991570198205,-19.31178164773395
0.0,1.0,-16.285503750565933,10.52708095515994,24.06376464835328
1.0,0.0,10.540055258607278,-6.165972744000298,-17.406842002372315
1.0,1.0,12.158398126134188,-9.002981654479585,-20.84009799233451
0.0,0.0,-7.281275311021679,3.6081836208153764,9.958790821766982
0.0,0.0,-17.06827653894487,11.12438358081194,26.410172983743198
1.0,1.0,11.561288162788149,-9.405738306566992,-20.467798379260735
1.0,0.0,12.340522401199415,-7.420937100618044,-19.10468874535463
1.0,1.0,11.797453051031502,-9.541597037934512,-20.305926498106107
0.0,0.0,-16.695172731504595,11.813017846372725,25.163350080835357
1.0,1.0,11.056912635310272,-8.16199173733062,-19.07462816645266
1.0,0.0,12.43351697151451,-9.227638942760997,-22.01683151809786
0.0,1.0,-14.928567437314356,11.114343321563343,23.83985360447113
1.0,1.0,10.900700502019232,-7.7080481776168455,-19.39429948424411
1.0,1.0,12.339584605460395,-7.572035062594345,-19.082412470540184
1.0,1.0,11.689035003286985,-7.574412337622959,-18.297360054641516
0.0,1.0,-7.404781420409096,4.668758702752772,9.799928133420602
1.0,0.0,10.800912673692972,-6.718343519900326,-16.09998336901949
1.0,0.0,11.571238157026265,-9.21284832140479,-19.688042381219034
0.0,0.0,-13.839943002244784,9.001424593368485,20.299074454148396
1.0,1.0,11.279535629153408,-6.590370386475547,-17.11639440290095
1.0,0.0,11.337996064684374,-6.591381148028525,-17.930964255223262
0.0,1.0,-19.87295053383324,14.012552236382529,30.429947026119944
1.0,0.0,9.419364901261932,-6.682313453754361,-14.429418430732573
0.0,1.0,-11.740010981240669,8.232710837939212,18.50734466782257
1.0,0.0,12.739951950378153,-9.234341791082825,-23.377174661917543
1.0,0.0,12.468952781555489,-8.813575765162179,-19.136997818133995
0.0,1.0,-17.20455043249574,11.879330007033728,26.642753016097668
1.0,0.0,12.081226663336468,-7.231253801841527,-18.102409834414654
1.0,0.0,13.367356092754974,-9.627718990680632,-20.656282298681056
1.0,1.0,13.532982042219704,-10.702854356487261,-25.13497460671519
1.0,1.0,11.246615605088852,-7.267393224497105,-18.943113599484224
1.0,0.0,12.619604293956051,-9.329970637336867,-21.367178606762
1.0,0.0,10.86121923770053,-6.576169349637591,-16.569475747726173
1.0,0.0,12.353315507331295,-9.345214538525864,-20.128316413297426
1.0,1.0,11.671240991445169,-7.993433577316483,-19.102889573163374
1.0,0.0,11.157043398653784,-8.37918560406688,-19.24754643630087
0.0,0.0,-13.441259623188234,9.542088672869276,21.82597467156768
0.0,1.0,-7.006295569810959,3.8911086048638235,7.814319215523742
0.0,0.0,-13.368745144285043,9.778768300972066,19.42031796376247
0.0,1.0,-13.588644030348112,9.74503571179828,19.412627719136378
1.0,0.0,11.627080500285041,-9.20212490582137,-19.7729436084905
1.0,0.0,10.839870047493731,-7.910289699091835,-18.66523596975459
1.0,0.0,12.735761531928338,-7.992535358781354,-21.402896481182562
1.0,1.0,12.720299508098563,-10.411639943506366,-21.86373449618406
0.0,0.0,-16.665031371521067,12.134931574114571,25.836849001772098
0.0,0.0,-18.776951456038997,12.847688935000583,29.888836962101717
0.0,1.0,-10.285079315519573,7.096393851934619,16.48406848295573
1.0,1.0,11.116377587744923,-7.663880878676241,-18.870042399569506
0.0,0.0,-13.879946238633611,9.234801412431336,22.067342990530918
1.0,0.0,12.093117000968999,-8.256605417949805,-20.84883265772928
1.0,1.0,11.639739234702313,-8.27893370426018,-19.187985638206552
1.0,1.0,12.669029353655064,-8.506242776776869,-20.98133590115538
1.0,0.0,11.609377731818228,-7.339993618958887,-18.393941110410456
0.0,1.0,-16.343354834321367,9.249410174642922,21.75326643176751
1.0,0.0,11.293044966650616,-7.760667611620859,-16.326063099966653
1.0,0.0,10.562710731914438,-7.32943415987289,-18.4249538557522
1.0,1.0,11.6668062180649,-8.220742151642334,-17.670649454267895
0.0,0.0,-14.471536575407065,10.126766558375103,23.416950971167175
0.0,1.0,-21.02053935796285,15.259956419789475,32.97564771802659
0.0,0.0,-14.564813978296607,9.849126249378552,20.87898148400604
1.0,1.0,13.0389653584283,-8.777264008174521,-21.886788566114646
0.0,0.0,-18.80950626478935,13.716363557324946,28.905904298855216
0.0,0.0,-19.796527465752458,13.152309219284376,29.36501118384524
0.0,1.0,-16.36577087473968,9.871739168400147,23.633161996424008
0.0,1.0,-18.65547890072584,11.84710257357601,27.24019679648811
1.0,1.0,12.409121636203158,-10.752424634953185,-22.519210854642775
1.0,0.0,11.174888955663286,-6.256918741187823,-18.158842509480092
1.0,0.0,11.262579539309323,-8.157827462562821,-19.068266533177358
1.0,0.0,12.800180578540408,-9.410262470442746,-21.15214688109542
1.0,1.0,13.057339910479419,-9.476506332747874,-22.366308294120003
1.0,0.0,11.236365839280035,-7.704724811690415,-19.901477497014824
1.0,1.0,12.750986568391902,-8.62675547156707,-20.335788279039345
1.0,0.0,10.367739706594296,-7.2580683991679535,-17.29960643281865
1.0,0.0,11.365109216891016,-7.770167876676191,-18.644322196815445
0.0,0.0,-19.2365055375599,13.75606482760896,29.86597194155648
0.0,0.0,-18.23246499031361,12.531858782722832,24.862916862923385
1.0,0.0,12.929552322207488,-9.282698083926554,-20.82535536723357
1.0,0.0,12.71753553465261,-9.306332513750666,-21.46477669601622
1.0,1.0,13.310608644536414,-9.890171252229838,-21.979148927643433
1.0,1.0,11.07034635120328,-6.79844856010073,-18.396761732121103
0.0,0.0,-11.595324357968845,8.74685529408592,18.700867374023915
0.0,1.0,-14.686345252124891,10.5128899655139,21.455795142033445
1.0,0.0,12.408967351309503,-8.325431954106477,-20.220935744859954
1.0,0.0,11.66318278392819,-6.391514237695904,-17.403280318652826
1.0,1.0,12.27879332731539,-5.825558838717058,-17.394631524355084
0.0,0.0,-10.848558062463107,8.447232998541535,15.548348853966981
1.0,1.0,12.332431050387568,-8.526237125549557,-20.888875664644676
0.0,0.0,-14.108810537123821,9.871504302260764,23.08325999780522
0.0,0.0,-20.074733439301124,14.05424744300039,30.10867194333988
0.0,0.0,-20.42111686861964,14.591474060347505,31.61422275528651
0.0,0.0,-18.046366509213506,13.163226593659475,27.29971196382531
1.0,0.0,12.640661957099915,-8.993047697430535,-21.140756090633634
1.0,1.0,11.375992734918185,-6.437568541832768,-16.774817320448896
1.0,1.0,10.950741582595558,-7.476278493089643,-17.93058092956004
0.0,0.0,-14.170964524836824,10.76068334944382,20.869964642676553
1.0,1.0,11.928065901787464,-8.303077916691143,-18.76223820394624
0.0,0.0,-14.880653188889807,11.349268434296029,23.38995458812989
0.0,1.0,-16.527369839620647,11.954943337244982,25.229121037394325
1.0,1.0,11.769451178667019,-7.6466950188500915,-16.5893201518185
1.0,1.0,11.229742706383155,-8.60275622594326,-18.851249757615765
1.0,0.0,12.017603222067736,-9.043472580426425,-21.533545070777084
1.0,0.0,11.349583346550899,-8.201516509864772,-19.02068618281812
1.0,0.0,11.549819881963222,-7.596756972575593,-17.747272397431853
0.0,0.0,-16.439684208664104,10.19198996122323,24.28446707066386
1.0,0.0,10.038664811038345,-8.014890687560259,-17.55481896783393
1.0,0.0,10.884882892692175,-7.507966065773641,-16.81321711878076
0.0,0.0,-11.477972150631908,7.419216368864358,17.73904450462599
1.0,1.0,11.549546233086682,-7.44712279043138,-19.12689779444568
0.0,0.0,-22.859919548730268,15.661933727713555,35.6887515837123
0.0,0.0,-17.05960761818496,10.324623019228978,24.835533367096037
0.0,0.0,-11.461902371589783,7.805182154837625,17.045463008472417
0.0,1.0,-11.277021444661116,8.216511916039162,17.088046176884795
0.0,1.0,-8.147548707620281,5.252352188004032,11.909241025619698
0.0,1.0,-16.82812414813027,11.663128328062959,25.976915047639086
0.0,0.0,-14.085425907004817,9.63899394723356,23.029820626936328
1.0,0.0,11.162155082026345,-8.17623237460549,-19.510059547233585
0.0,0.0,-13.871492570790718,9.637404825886758,20.146991179086157
0.0,0.0,-12.222619987502437,9.036415753142089,18.892235408447352
0.0,1.0,-14.359834867190083,10.244397348415772,23.20106587118274
1.0,0.0,13.031376453876724,-8.98323375293434,-21.410238366535253
0.0,0.0,-12.219713383762173,7.556274578517826,17.326388712935803
0.0,0.0,-17.93650914308048,12.126872121584741,26.426298029929264
1.0,0.0,11.761509158024872,-8.280049513029363,-20.043759508682623
1.0,1.0,12.583078732866577,-6.909497183907977,-17.843528125357764
0.0,0.0,-14.479452260331287,9.034238331450124,20.88165526899354
0.0,0.0,-10.300821636813373,7.5161366104649305,14.810251967583396
1.0,1.0,11.505737641080229,-9.27532355210013,-19.73983624999001
1.0,0.0,11.772526391516092,-7.73431267639907,-17.15537026115234
1.0,1.0,11.615315629344257,-8.05315409327769,-19.243461897725496
0.0,1.0,-15.628572485886094,11.156409223424106,23.02078096262329
1.0,1.0,12.561530193210375,-8.209464931560362,-19.33647225995341
1.0,1.0,13.60671421591473,-9.550319209783435,-22.923672899631587
1.0,1.0,10.627727670850831,-6.2290368232840105,-17.973763790092594
0.0,1.0,-17.888644070835515,12.08491003442091,26.73878261698555
0.0,1.0,-13.43968583541642,8.839822705169185,20.771308383862063
0.0,1.0,-15.681118982133379,11.597270465312521,23.333225249186707
0.0,0.0,-14.111192091765647,10.390227431690034,20.893382761977968
1.0,0.0,10.703996339049809,-7.591753008021948,-18.209978020889995
1.0,1.0,12.20993253453111,-7.721328682602684,-21.37794290934245
1.0,1.0,12.214221340142567,-7.160131187006405,-19.368391812808923
1.0,0.0,14.078641048319724,-9.341276249094742,-22.10987894861313
1.0,0.0,11.861182783026115,-8.817561483315378,-19.717719192503456
0.0,0.0,-17.192302272997075,12.309293544799612,26.10610383894913
1.0,1.0,11.16851143913807,-7.548857974904438,-16.59162468993692
1.0,1.0,12.928197981040128,-8.618161162997696,-19.558583829632816
0.0,0.0,-10.473907845034997,6.198948138524076,12.700558151628739
1.0,0.0,12.795435305206123,-8.083050640808802,-21.394075603462674
0.0,0.0,-15.726344998347047,11.637754489712423,24.382874781530052
1.0,1.0,12.307028734875203,-8.766263183397182,-22.553279274589308
0.0,0.0,-18.221708080814444,12.62415668197763,27.530840175230914
1.0,1.0,11.100654536222615,-7.770855581528079,-18.78732601286791
1.0,1.0,11.082492161721719,-6.688878036085945,-17.418347957916403
0.0,0.0,-18.157730936665338,11.054360133080309,26.859853987873233
1.0,1.0,11.136828635195306,-9.638386129855173,-20.591447392425845
1.0,0.0,10.507843859983934,-6.869679373182026,-16.41164413218364
1.0,0.0,10.80328914891078,-7.105008977253873,-18.139088813501694
0.0,0.0,-14.875387498009557,9.865669139801474,21.365300204130875
1.0,0.0,12.607178720026928,-9.940010248106995,-21.668377615808538
1.0,0.0,11.879068880466145,-8.682211738753338,-21.05409628760639
0.0,1.0,-11.937634043599967,9.149658249866969,17.95094507177495
1.0,0.0,12.31023333257714,-10.005458315787395,-21.755169637474467
0.0,1.0,-19.8581907724975,12.671120877644892,29.86216704874158
1.0,1.0,10.753009081076184,-7.972259826719519,-19.728795740056576
1.0,0.0,12.482215230307586,-9.059696848131843,-19.591679938783894
1.0,0.0,12.863458382576281,-8.70370360170343,-22.134116822681985
0.0,0.0,-14.607161704857123,9.892584237582984,19.425087111466215
1.0,1.0,12.000662983574244,-6.213122965434377,-15.989906829020146
1.0,0.0,12.078277073342871,-8.74717946844435,-20.008769314122713
1.0,0.0,12.339036928211707,-8.81978928249819,-20.439293471959836
1.0,1.0,10.907766745666203,-8.545994726016465,-18.258454782150928
1.0,0.0,11.966095521849674,-8.140295455064338,-18.704647871805264
0.0,1.0,-13.749242094766789,9.838596863897054,21.42351861600057
1.0,0.0,10.365858687701987,-5.914882535635757,-17.309842358255818
1.0,0.0,10.382625500020982,-9.074790236474938,-18.154985962364236
1.0,0.0,13.271862188175618,-9.870816894945222,-21.37515319366063
0.0,1.0,-12.796385053738899,7.968536422383419,19.62934125990814
1.0,0.0,12.94269010900124,-9.912816238606249,-20.237844390596038
1.0,0.0,11.148800363711175,-6.994506938109427,-17.776826738459878
0.0,0.0,-17.901537763505363,12.076280001556725,29.785377591494807
1.0,0.0,12.464596297883814,-9.830442627526478,-21.05850532938918
0.0,0.0,-12.333352979237553,7.400512560071602,19.061444885631033
0.0,0.0,-22.63576053700244,14.653782884720266,33.57202565205489
1.0,0.0,10.849973868390528,-8.521843391771165,-17.84575613513677
0.0,0.0,-17.79867129227128,11.990641448044947,26.655394562614703
0.0,0.0,-15.711283704022957,11.1223464013825,22.72663426628746
0.0,1.0,-11.13994509241606,7.754747292686996,16.712368461923724
1.0,0.0,10.161632293417124,-6.747649984050675,-15.957179126116559
1.0,0.0,10.404887926856379,-7.9117798345063015,-18.03609581263061
0.0,1.0,-15.640319338580097,10.249969416199603,23.30691142514217
1.0,0.0,11.476996535067927,-8.031796089583633,-18.79274074488097
0.0,0.0,-14.436465660188702,10.606759407459446,22.26886162475893
1.0,0.0,11.645156822060208,-9.197087645552957,-19.355939097036128
1.0,1.0,11.011672756221886,-6.898067423020933,-16.865162992728443
0.0,0.0,-7.747551104541499,5.39602043467867,10.314255922824808
1.0,0.0,11.405675160329155,-7.635301880461106,-17.3750821404214
0.0,1.0,-11.60486978259217,7.484154021573517,16.11536381630918
1.0,0.0,11.358188613843643,-8.557488520708294,-18.59417058390305
0.0,0.0,-7.030013117907467,5.6273983416729205,11.479228139127576
0.0,1.0,-15.939435581152456,10.063435357957648,23.837048980384523
1.0,0.0,11.32070661053097,-9.753959796015724,-18.838392564726032
0.0,0.0,-16.010925185030366,11.030376006433627,24.0240003140582
0.0,1.0,-6.877262301128081,5.012372366873164,10.238842723204396
0.0,1.0,-16.595962444197788,11.30655349562848,25.580172705987124
0.0,0.0,-16.025421325745665,11.406101801536092,23.293235831421864
1.0,0.0,11.81028672672879,-8.918350809699565,-19.337520424652926
1.0,0.0,11.107466267915349,-7.362852688029825,-17.07234907451536
1.0,1.0,11.884136894125001,-8.268904049670741,-18.480184898737534
0.0,1.0,-10.65422524752969,7.375859280114392,14.129422971386106
0.0,1.0,-20.144114486349824,14.269932610611862,31.62782092176788
1.0,0.0,11.804586208341318,-9.376848044165573,-20.511742575797438
1.0,0.0,10.967207328442532,-7.09304817879967,-17.431170244083198
1.0,0.0,11.087144077534552,-7.432477532213746,-17.849279616890758
1.0,1.0,11.019116009434635,-7.626258503561988,-18.53609183591802
1.0,0.0,11.163721373808052,-8.348435287636537,-18.493009008041973
1.0,0.0,11.408067739883222,-8.36566185857888,-18.99182164017204
0.0,1.0,-13.340029741600144,9.515656024268488,20.94655513322406
1.0,0.0,11.874836419927975,-7.898698318658506,-20.49500396016017
0.0,0.0,-16.451326412410655,11.462561632494427,24.17756635420696
0.0,0.0,-18.473017143853244,10.755843625175203,27.26496321096536
1.0,0.0,12.603009166950407,-8.735300558164049,-19.62454618657431
1.0,1.0,11.03041540740701,-6.7107676240104865,-18.651864777229513
0.0,1.0,-18.231084699039652,13.559555213939321,27.98483650566389
1.0,0.0,11.542896624867542,-8.178556598859181,-18.892180805599512
1.0,0.0,13.023041896813588,-9.065075180887384,-21.585397354682126
0.0,1.0,-18.542265527832782,13.076951189313567,27.666995358195194
1.0,0.0,13.194346585208226,-8.108372594071373,-21.5618839885392
1.0,0.0,12.707861801017462,-9.05784166651564,-20.41667918778223
1.0,0.0,12.031975569220236,-7.556257090963901,-19.688393596490847
1.0,1.0,10.91616196830474,-8.201992450515903,-17.25537373746581
1.0,0.0,11.628014146545304,-7.570653015297264,-18.585269005706742
1.0,0.0,12.199191335697599,-8.942340773983991,-20.421394002960767
0.0,0.0,-15.88714426904907,11.784433497702008,24.97697702261096
0.0,1.0,-19.091858722976873,12.008799412210374,28.803222583957744
0.0,1.0,-18.63118691090103,12.927212288130509,29.14449361159217
1.0,1.0,12.573700893287564,-8.36969538139732,-19.56199859562174
1.0,0.0,10.896086322215378,-7.747526313489565,-18.143053998848075
1.0,0.0,11.228089111405787,-6.474806144014928,-18.14151444711943
0.0,1.0,-15.195656953246631,10.667138156236568,22.016053371989873
1.0,1.0,11.343441419943066,-6.9799956184571315,-17.668375702800613
1.0,0.0,10.970802829732747,-7.268421319849775,-17.45118543927084
1.0,0.0,11.586401750218855,-8.414188984093805,-18.168084556810417
0.0,1.0,-11.614548071960465,7.4323941395972835,16.725250530430525
1.0,0.0,12.143647017234784,-9.413650324712847,-21.98265611801857
1.0,0.0,10.98977918439179,-7.881449337974908,-19.10819974940042
0.0,0.0,-20.101500348169044,13.792482909331687,31.24715180056069
1.0,1.0,12.131431225628369,-8.706247746860088,-20.396658961804263
1.0,0.0,11.663718692908846,-8.380854063448902,-19.34238182532551
1.0,0.0,12.497619856563286,-8.231213871048551,-18.6674098684454
1.0,0.0,12.77515737936966,-9.303148658524893,-23.331500882507626
1.0,0.0,11.67982763636677,-8.704991558313749,-21.520101983792056
1.0,0.0,12.446593039039794,-9.129855494992194,-20.723595787128684
1.0,1.0,12.212046157134706,-8.746435363174554,-20.819583052532835
0.0,0.0,-10.830811578461294,6.876368274827582,16.338156184769183
0.0,0.0,-18.44781121611474,13.644645119207434,30.96866185031006
0.0,0.0,-7.559109966572156,4.870066545658171,11.341381722971335
0.0,1.0,-15.563713306170671,9.955699058274364,22.312318605920886
0.0,0.0,-13.932038228780524,8.859671598567843,20.47755958991174
0.0,0.0,-19.13227458609479,12.38973819170054,28.043082729435426
0.0,0.0,-12.964286576399177,8.76166765833951,19.015731167749887
1.0,0.0,9.855326325612156,-6.633867765535694,-16.642742969489767
1.0,1.0,12.441954585664845,-9.759419002498237,-20.691987523967256
1.0,0.0,12.023646593667632,-7.464829211675713,-20.953493363971454
1.0,1.0,12.839554235821712,-9.328454348941234,-21.934167865838102
0.0,0.0,-19.957264729112524,13.192936415971575,29.955099830020146
0.0,1.0,-19.638694526785535,13.940505635384536,31.12804228400807
0.0,0.0,-11.980195742072434,7.926448702434893,17.833382549242316
0.0,1.0,-16.840095428419733,13.059271592401785,27.063631903487423
1.0,1.0,10.816745264101801,-8.990591568190089,-18.35922179201518
1.0,0.0,12.158140101935341,-8.773973293183955,-20.99322127225651
1.0,0.0,11.792959167078296,-7.946850404796268,-18.807356088661155
0.0,0.0,-12.44477766692299,9.000438857416068,18.65775265724671
1.0,0.0,12.77429072037299,-8.412638224479094,-20.581414364010016
1.0,1.0,11.942734172972308,-7.476884714518398,-18.526328319181307
1.0,0.0,12.526185625153472,-9.26288523908897,-19.931110116768792
1.0,1.0,11.449009640282487,-7.520540306450703,-19.164455866964673
1.0,0.0,13.138334130045866,-9.28632798117775,-20.079190622432698
1.0,0.0,11.666835349502778,-8.450906197007878,-19.783669649844505
0.0,0.0,-17.661945422303376,11.055253286000912,27.314751283545128
1.0,1.0,11.391846390277683,-6.820177038338858,-17.0675175471616
1.0,1.0,12.882781672322862,-10.036017304331391,-22.38860205670518
1.0,1.0,13.992153479003452,-9.56586236423478,-21.561430070766786
0.0,1.0,-11.675630905973753,8.204089471452637,18.3418906393174
0.0,1.0,-17.161746231443537,13.08118132119701,27.287326634979213
1.0,1.0,10.235163379819937,-7.0985615465325544,-15.279378939651142
0.0,0.0,-12.374381769166854,8.336557945755073,19.772304063273424
1.0,1.0,13.308006596275199,-9.34023139886031,-21.493816169370998
1.0,0.0,11.866849089253344,-7.5435527793045205,-18.31121427209767
0.0,0.0,-13.880136350644293,9.556180899134308,21.907920578836908
1.0,0.0,11.487015369910257,-7.6535901747499455,-19.458147341681496
0.0,1.0,-11.486411383753717,7.869519325899991,17.03487087491275
0.0,0.0,-19.939850634688412,13.994519708529308,30.79473599502537
0.0,0.0,-13.626746783351688,9.673729140850142,21.302540106168216
0.0,1.0,-17.24623522733059,12.699826313647133,25.904348023658684
1.0,0.0,12.183795664851669,-8.805629089648269,-19.519406660656674
1.0,1.0,11.189830331161751,-7.911668893016836,-18.619265793136357
1.0,1.0,11.602556482121056,-9.381840300535494,-19.061091434126645
1.0,1.0,12.211970380320533,-8.560892511363019,-19.29990792569457
1.0,1.0,12.185945239589552,-8.911657817389395,-18.743350893120724
0.0,1.0,-19.624574082877437,12.843620905872957,28.759472067708895
0.0,0.0,-15.716082291761992,10.893226392997017,23.533518744666516
1.0,0.0,11.91118282657322,-7.315580896234719,-18.36030941771491
1.0,1.0,12.692037110658944,-9.323600213669001,-20.570567402343393
1.0,1.0,11.705517709910028,-8.201978366749849,-18.602137904628133
1.0,1.0,13.113079382569563,-9.77848009703556,-21.590714076005412
1.0,1.0,11.596168485797763,-8.960633975588905,-20.402035079924502
1.0,0.0,13.127583671851658,-9.61241685057891,-24.21794424707788
0.0,0.0,-11.8724647311684,7.2417021011428435,17.680813028790578
0.0,1.0,-13.078561199004795,9.708957849210584,20.536703732191928
0.0,0.0,-14.446605561710227,8.277225563110527,21.131821216084433
1.0,0.0,11.619683827513281,-7.612097613026058,-19.712922375054426
1.0,0.0,10.888309957946015,-6.733991636321938,-16.09465572209404
1.0,1.0,12.65697307143042,-7.979333019735339,-20.322863843289866
0.0,1.0,-17.182217181644454,12.036966930244981,24.614892200089205
1.0,0.0,12.032456765574345,-7.917962090513575,-18.45559870555925
1.0,1.0,11.795060086487993,-8.288196732263996,-18.18499865148251
0.0,0.0,-16.83588784167224,12.096897423729114,25.952113260407035
0.0,1.0,-11.485307358693333,7.2642667280142454,16.38837237700688
0.0,1.0,-18.371856012764127,11.479838426084138,28.2680668848924
0.0,0.0,-15.56909031164383,9.568389786464444,22.30010287392143
1.0,1.0,11.488358906292524,-9.166775614619345,-20.216465268035815
0.0,0.0,-16.325306532366735,11.284332660509564,25.044732045067477
1.0,0.0,13.129802490944872,-10.288292506026965,-22.679485633145298
0.0,1.0,-12.28958377870682,8.01600498988347,17.213632201263582
1.0,0.0,12.06280861283854,-8.022192967805614,-19.223817427353943
1.0,0.0,11.121486047349132,-8.277014387362492,-18.239541497088414
0.0,1.0,-16.543570144583914,11.403431907402812,25.039422072745968
1.0,1.0,11.528211614154255,-7.829445330512593,-18.603724993057153
0.0,1.0,-14.760631220309909,10.501597473954616,22.90470988460562
1.0,1.0,12.624713383261401,-9.64963125527502,-19.623531237112466
1.0,1.0,10.460373334394111,-7.8852814154214235,-16.481191832905843
1.0,1.0,10.768736915328015,-6.592375841989167,-18.459046166523095
1.0,0.0,12.165850006614557,-9.549580671391263,-20.931622654245732
1.0,0.0,11.64595661687158,-7.9306696415427504,-19.04827917873625
1.0,1.0,10.884309425242025,-7.2622026216398226,-17.665884084522254
1.0,1.0,11.432940883288097,-7.216502062045651,-17.816946078804506
0.0,1.0,-15.010729786415876,10.130240541539921,22.452294660894427
1.0,0.0,12.084074474134827,-8.814776889076706,-20.93079615327895
1.0,0.0,10.271348582562519,-6.4873081994330235,-16.084150054044795
0.0,0.0,-11.500889807277026,7.142377243468923,16.753564000293085
0.0,0.0,-15.393113029233255,11.39706097565111,24.254599335855783
1.0,1.0,9.41878325820213,-7.758763584363867,-14.62927348965702
1.0,1.0,12.397191853901868,-8.142646076804068,-18.955804309938532
1.0,1.0,11.7852098085702,-8.22317406249253,-18.636491890991373
1.0,1.0,12.25159063383765,-9.050980178885926,-20.688412319636935
1.0,0.0,11.003241995836424,-7.983946727932734,-17.873938424949372
0.0,0.0,-16.449403621077078,11.497457985926685,24.379602147640085
0.0,0.0,-13.740111129837807,9.4935108842196,21.208958080797654
0.0,1.0,-13.531572881653295,9.73028647439692,20.387063526525523
0.0,0.0,-14.3160815578197,9.79442073155003,21.433248479251375
0.0,1.0,-19.226365105843552,13.681046849712908,28.491295867246208
1.0,0.0,10.84316966127196,-7.399202393453484,-18.204935827577874
1.0,1.0,12.952721258199476,-10.931549664117197,-22.184977582229422
0.0,0.0,-19.86220513973057,13.144911943866605,30.38668464334121
0.0,1.0,-18.58209077210908,13.039209488654622,29.460757714976932
0.0,0.0,-13.00962703713563,8.738674926049438,18.96233465011233
0.0,1.0,-16.031738195570835,11.752091313599493,25.44767522831692
0.0,0.0,-11.599922824515444,6.974293357596641,18.206830775342894
0.0,0.0,-18.417211267857617,12.812798299331758,27.107930289742214
0.0,1.0,-15.087142643928164,9.631749276063944,22.508394740121503
1.0,0.0,12.857132011602692,-9.015910511672583,-21.687902135856728
0.0,0.0,-13.411243432933666,9.482322605088308,21.524799665445794
1.0,1.0,11.673259503197118,-8.56944652935438,-19.92000710459974
0.0,0.0,-13.757104589809249,8.944166868468347,20.60155639549845
1.0,1.0,12.690250921050037,-8.86501512594926,-22.495509648621056
0.0,0.0,-16.259531263601186,11.896135164171557,26.826958826289605
0.0,0.0,-18.510632746923953,12.24458446758015,27.73687523573566
1.0,0.0,10.797413545929308,-7.367507773769001,-18.65612317351492
1.0,0.0,12.431988493732174,-8.266610681705965,-20.721471642411228
1.0,1.0,12.335972068900123,-8.236552484016444,-20.558535762122936
1.0,1.0,12.092067687143347,-9.24740161479618,-20.603860561679387
0.0,1.0,-13.811469739551569,9.536029947079248,20.5141694541664
0.0,0.0,-19.1732697114185,13.197171445292307,29.04823212071057
0.0,0.0,-14.556436798834183,10.771140824923307,23.241937245096807
0.0,1.0,-15.44234442949936,10.514130404856951,22.45552912512309
0.0,1.0,-18.190882339100654,11.660654101341514,27.791313931814305
0.0,1.0,-10.047959328160013,6.132559150009499,14.076186261565098
1.0,0.0,10.85813180771542,-6.959688917960552,-16.6005837734879
1.0,1.0,10.835397098337465,-7.030072849813668,-17.30444968503127
1.0,0.0,10.878746771720445,-6.92384819074796,-17.084312919158894
0.0,0.0,-12.457571472486348,9.160052711593247,19.529182067518327
0.0,1.0,-15.126634619077707,11.065791446791051,22.97467955322732
1.0,0.0,11.915561022656062,-7.963372154187317,-18.697778512302197
1.0,0.0,10.339760763143042,-7.90182802424945,-17.991612259066216
1.0,0.0,12.157504977714897,-9.411689762486597,-20.973233318196478
1.0,0.0,11.692993340607584,-9.141726868442738,-19.919894120578505
0.0,0.0,-18.526177573511223,11.836210730415157,26.499386496604107
0.0,1.0,-13.373197964205954,9.437261492509045,19.311010735813998
0.0,0.0,-16.12725785374945,12.338654902233776,25.162356673513465
1.0,0.0,12.53084023999471,-8.188387999935843,-18.269169180706626
1.0,0.0,12.098533861160709,-8.357128004278811,-20.37733395647813
1.0,1.0,11.387774590980495,-8.635404433502746,-19.29272841188554
0.0,0.0,-9.35919182651502,6.129306869469781,12.411686178576456
1.0,1.0,12.04099462589834,-9.14949118569188,-20.145243053937357
1.0,1.0,13.159434347969366,-9.710940635341379,-23.180246737501328
0.0,0.0,-17.268372367982867,11.885600106362729,24.96919937492161
1.0,1.0,10.538893501911588,-6.791736362696165,-17.333381739144528
1.0,0.0,11.316536062210076,-8.231045014425517,-17.61320930668079
1.0,0.0,12.142080578638891,-6.775067668862619,-18.230753385798586
1.0,1.0,11.672155770210166,-7.873809618997515,-19.01287937886688
1.0,1.0,13.163771544738541,-9.043656332726943,-22.270173802521885
0.0,0.0,-13.922143024514451,9.017158469292234,21.447709695776442
1.0,1.0,12.989720468007395,-10.691452735236833,-23.80960060867171
1.0,0.0,11.501469421179799,-9.283242404210197,-21.220398743259395
1.0,1.0,11.635326024451112,-8.795912592743813,-18.731787152547444
0.0,0.0,-16.710180713232525,10.848416815431984,25.01817707515887
1.0,1.0,12.971830111527385,-9.42178056366841,-20.277837599308473
0.0,0.0,-15.790273529045319,11.750751876239335,24.409079742363232
1.0,0.0,11.089818992288164,-7.597053995404962,-18.210436114896982
0.0,1.0,-16.228601082260596,10.244572890412162,24.408148572306644
0.0,0.0,-18.042225084253243,12.728734283978325,26.738232557558387
1.0,1.0,11.570821343532426,-8.617625002893371,-18.200827372834933
0.0,0.0,-16.401357878316396,10.907073602434854,24.49774121765986
1.0,1.0,11.150491273812664,-7.4782666219354645,-18.448676795699352
1.0,0.0,12.73264932503511,-9.36909241048673,-23.16222311288697
1.0,0.0,12.40476067678993,-8.229972625726866,-19.167528598619537
1.0,1.0,12.23030698944202,-9.068672755643643,-21.07476489101599
1.0,0.0,11.28149319275613,-8.581451938888708,-18.983511413563015
0.0,0.0,-14.022866792998872,9.635935952234645,20.725094509620483
1.0,0.0,12.409076332892644,-8.797682482118116,-20.290806529184437
1.0,0.0,11.167526040108896,-7.382336857975229,-16.746347672173403
1.0,1.0,12.596271306484418,-8.806579036479135,-23.07896824135883
1.0,0.0,12.557982068154326,-8.537788274845427,-20.184928027486905
1.0,1.0,12.57316379483391,-7.946883477570377,-19.24434954042905
0.0,0.0,-15.594113511267361,9.43257248014633,23.590238672356236
0.0,1.0,-17.78711747337388,11.279528064129263,27.810678643631345
0.0,0.0,-13.768004172058664,10.19478428668948,22.691699203405257
1.0,1.0,12.422089964771509,-8.997559223628608,-20.52819405190351
1.0,0.0,12.17469081336417,-7.258224760836962,-19.263103173492798
0.0,0.0,-14.823346868463755,10.353157348773003,23.75670927704943
0.0,0.0,-18.722027656867787,13.28806130769402,27.83462679044178
1.0,0.0,12.785340704434072,-10.140922593417319,-22.269560684062483
0.0,0.0,-17.846349334259873,12.838237389983222,27.76563740756733
1.0,0.0,12.849888061947839,-8.827605039959332,-21.64519555632414
0.0,0.0,-17.84634032879403,11.213568054905172,24.9680069309158
1.0,0.0,12.08167301868942,-8.269315953193338,-19.045209391886573
1.0,1.0,10.294345792680915,-8.237793622566846,-16.725210661456096
0.0,1.0,-11.752917630724857,8.56331622334279,17.771903378780493
0.0,1.0,-16.43478317297072,11.523871759199777,24.563175989752338
0.0,0.0,-16.67404216271087,11.67422778977038,26.473741861436682
1.0,0.0,11.599784149038648,-8.365337243902571,-19.032026589691704
1.0,1.0,10.283355000042974,-8.495380602798512,-16.192492712250516
0.0,0.0,-12.427756847326338,9.835501978598124,19.989603176370743
1.0,0.0,12.34445562414645,-9.106057818972223,-20.165351877058747
0.0,1.0,-16.085147338026122,11.9329160836336,26.232167106793778
1.0,0.0,13.368124788226092,-9.988185235321978,-22.290959245496975
0.0,0.0,-17.22611773055775,12.100044698838662,26.586300735437128
0.0,1.0,-14.521874399976861,9.26206814860777,19.341565495215875
0.0,1.0,-8.629364110083895,4.944781041413911,14.152864281891187
0.0,0.0,-12.386029064766376,8.324809640000515,17.472610369213946
1.0,0.0,12.508728848657622,-8.919598415369247,-19.252949748310808
1.0,0.0,12.528867245205372,-8.655932724024224,-18.644465567422923
0.0,0.0,-17.416196078895705,10.776836811700827,25.236780098844722
0.0,0.0,-11.886121766669413,8.002971290123588,18.7056788168923
0.0,0.0,-17.009360992248027,10.80590645457703,25.975161031447715
1.0,0.0,11.731908172978365,-9.239324810637692,-20.483151088647983
1.0,0.0,11.877308454218296,-8.099621065040916,-17.88179981917687
0.0,1.0,-12.988383365830787,7.594732035088608,18.491182140919474
0.0,0.0,-15.369640764194914,10.508875311087976,21.588875713319823
1.0,0.0,11.953606489179068,-8.881816771464955,-17.66710595172797
0.0,1.0,-20.842974396195018,15.077363690240679,32.37776028229098
0.0,0.0,-12.773677959172158,8.612658839990583,18.841345949192654
1.0,1.0,11.465996903978057,-7.55077145860079,-18.241463810708442
0.0,1.0,-13.466497237263654,8.978105899006946,20.19701596272592
1.0,0.0,10.836367979480084,-8.090115761042535,-17.983288689913756
1.0,0.0,12.504851124274222,-9.084157571227,-19.8279621534165
0.0,0.0,-10.98687988017526,8.83552953410874,17.667604967663742
1.0,0.0,12.154503422515695,-9.010832587538932,-20.610858763036997
1.0,1.0,10.874753441030153,-7.346966483886323,-15.572559634244609
0.0,1.0,-15.447633044792225,10.11827485727823,24.220187611829175
0.0,0.0,-19.75510771532547,12.791150203416287,28.418610839839538
0.0,1.0,-9.926182880068193,6.965893160282034,15.584686364796989
1.0,1.0,11.713084329795688,-8.27148741163221,-19.858506641241892
1.0,0.0,12.939441989024122,-9.010434603959075,-22.3123660867817
1.0,0.0,11.773742967825392,-9.344321318697297,-20.78655967769677
1.0,0.0,13.39636434593428,-9.712944831565158,-22.90876475329096
0.0,0.0,-12.549408912345283,9.385613666741635,17.142193010622996
0.0,0.0,-12.529721379374985,8.09970136282408,18.970088804319598
1.0,0.0,12.320995321358064,-8.157709008354454,-19.99964224827179
1.0,0.0,12.109125697348858,-7.911007410626388,-18.51774982303632
0.0,0.0,-14.270532535590412,10.673971238631017,23.129769548250753
1.0,0.0,11.990047639019046,-8.515396346355441,-20.187726116101466
1.0,0.0,12.25616601566683,-8.528158576192101,-22.90634916252927
1.0,0.0,10.119974075618632,-5.952826008870417,-15.609005087732612
1.0,0.0,11.797378144398635,-7.471163516396882,-19.29291368309336
0.0,0.0,-19.493488009721283,13.162927447085549,29.666326253743513
1.0,1.0,11.544925215120193,-7.75420214965821,-19.830124330373422
1.0,0.0,11.421254394798924,-7.63593316275666,-18.24885526679895
0.0,0.0,-17.695881626230452,11.23216838119816,25.32404266752764
1.0,0.0,12.96962597039997,-10.104759394313293,-20.63590942043459
0.0,0.0,-11.988158562016118,8.705669630530155,17.551233324694874
1.0,1.0,13.092084543548793,-8.86317039399746,-20.088125662925304
0.0,1.0,-13.804511841505729,8.907642595996352,19.18436739856402
1.0,0.0,12.973608981166883,-8.384512533673679,-21.326960802265756
0.0,0.0,-19.707626580131215,14.052017250873686,29.314686081183268
0.0,0.0,-14.435091147507316,10.126563457248182,22.397956159791917
0.0,1.0,-15.976153718098928,11.834471277106832,25.057105092746088
1.0,0.0,10.309289539139924,-7.87588983822785,-17.038338510223976
1.0,0.0,12.461942385699674,-9.44694179238314,-21.373058561630685
1.0,1.0,10.614817594079218,-8.658304618683161,-17.52470885150356
0.0,0.0,-15.247652537659707,11.60478769074663,22.158245501127016
1.0,0.0,13.468718101151493,-9.199351420236717,-20.77406768999368
0.0,0.0,-16.209703202548905,10.987085587673464,23.541551071164925
1.0,0.0,11.587218611090163,-7.851206996164401,-19.747464209270703
0.0,0.0,-19.64815320429735,12.981464744265825,29.217500963127826
0.0,0.0,-15.392223644723869,10.290741341143113,23.104693126585794
1.0,1.0,11.342508920462508,-7.004091499154306,-19.048404052770344
0.0,0.0,-19.061623708714215,14.354760480151949,28.95982338271473
0.0,1.0,-16.516364114759092,11.420665883313799,23.90840457199757
1.0,0.0,11.944592852609478,-8.430475960961791,-18.329776508554346
0.0,0.0,-20.75149002176452,15.773424627067136,34.770373402573924
0.0,0.0,-13.457947874005107,7.907584665067002,18.81289543762992
1.0,1.0,11.050574261329436,-7.971441177731895,-18.774709459381764
0.0,0.0,-17.092767280816744,11.58270764769648,24.511106271161275
1.0,0.0,12.641978732889436,-8.318699228108029,-22.470226960172354
1.0,1.0,11.917107007434861,-8.50962854330476,-20.80786343398709
1.0,1.0,12.029641997017196,-8.749373030262845,-19.609929596938777
0.0,0.0,-11.308558274054903,8.963276358865574,17.23390335246236
0.0,0.0,-11.303563644209248,8.909351578386556,17.40340962898726
1.0,1.0,11.417037387621065,-7.71161269025032,-19.48575830263931
0.0,1.0,-16.551120114219056,11.46590573083171,24.719398525386673
0.0,1.0,-16.3163844939844,11.345950152656494,24.288891643278035
1.0,1.0,12.810949867711775,-10.022092868313575,-22.600663265232754
1.0,0.0,12.686488237581878,-8.232215535102386,-20.367730734119196
1.0,0.0,11.343482076192501,-9.512118935755186,-19.837302434083657
1.0,1.0,12.223369723608819,-8.148741076806493,-19.50462398453986
0.0,0.0,-18.068505860001025,10.822550337197415,26.35509103240737
0.0,0.0,-11.034392851591445,6.585416616492578,14.349918370664687
0.0,0.0,-11.413592379100834,7.647251975126867,16.911538859728974
1.0,1.0,12.228150837281774,-8.414363158447717,-19.68296973982796
1.0,1.0,11.807322113819048,-8.79513559985146,-19.164488543791663
1.0,1.0,11.028877005728233,-7.649633727820831,-17.251931764233213
0.0,0.0,-16.82419156239163,12.455547836957878,26.14708718663464
1.0,1.0,11.29405250742176,-7.6661638014807885,-18.030086601464475
1.0,0.0,12.75498983680889,-7.131525015609858,-18.37806522726678
0.0,0.0,-20.654290752147173,14.136000811547293,30.34728837594978
1.0,0.0,11.527999903698754,-7.930639839258809,-19.154867033032584
0.0,1.0,-14.230159955645458,10.59504737219825,21.70546213623883
0.0,1.0,-12.521233968353595,10.00765804085688,21.309822650584334
0.0,1.0,-18.049525600550894,12.144366842687521,26.581580794168737
1.0,1.0,10.998386216930793,-6.785840759149619,-18.237510265018063
0.0,0.0,-19.78152372351883,13.766732673803398,29.74107384359101
