5,1,3.2572421889114715,-1.8086626960524366,-7.22377161987785,-0.041574979408344925
5,2,-0.5690715731375819,-2.090453483305733,-0.5291374943102161,-1.2142761944178586
5,3,3.065808696957991,-0.38308502531769484,-6.143411868406954,1.398984062094156
5,4,-0.4840531618378179,0.9024100426352868,0.9322219981774311,-0.09624434706751989
5,5,3.3960696375935275,1.8806836102370545,-6.521547807762131,2.4049697347809404
5,6,-0.491422480548381,0.570995252398626,0.45250821054834456,0.2898013959814152
5,7,1.6004263208472185,0.807899841836812,-2.7808511029344,1.985644436820063
5,8,0.628069129649597,-0.1349735087285694,-0.5010758533930986,-0.02835111188394579
5,9,1.5379372706023515,-0.4609151088221498,-3.119336402978992,1.8032407087202595
5,10,-0.7168226844058824,-1.4689863621877857,1.0381930905510546,-1.4644576907670304
5,11,1.596885001158154,0.22457237649495865,-2.896189937302227,3.806819719952818
5,12,1.3850532607169006,0.13773107171843516,-3.4098642771326215,-2.1473902642734854
5,13,-0.08050887438478893,-0.48937745121403364,-1.1119028190159457,2.2507351546536936
5,14,1.2946181595195165,1.8680065170091573,-0.8558665047000182,-0.21046889882948944
5,15,1.3079863833416145,0.008502699184445017,-2.924841801844112,0.25629274664727264
5,16,1.0524506793452062,-0.35566690482778124,-2.543156454021218,0.7882292310745134
5,17,1.5046073228113284,0.6544817943286307,-2.4843532509303623,0.6594526831543329
5,18,0.6778556759256321,1.8691219019973404,-0.4938107339816711,1.804245135466341
5,19,-0.36858758538811864,0.26942095909748087,0.2525491740390459,-1.3271008577705574
5,20,1.0404607304323128,0.623658821887118,-3.4955171703763934,2.7534357866186636
5,21,0.5378552911204262,1.2596951790202717,-2.2920475970052214,-1.1010837045459916
5,22,1.3122193460154645,1.349102213425199,-1.5733060706950115,3.4029502293472325
5,23,2.484519577612523,1.9662514881890205,-6.160930306362933,-1.6829458218195432
5,24,0.5497830800983448,0.9330192922809442,-1.134131940927256,3.4232948002820756
5,25,0.8007714411565613,-0.14539701992481402,-0.6493832760028238,-1.6769987906727117
5,26,-0.09183098889514119,-0.5539745284873694,-0.8974670065162857,2.7243994029077707
5,27,2.751073480190459,1.4195282109385523,-5.184268426259188,0.3569257846980778
5,28,-0.32376905535982814,4.6845276472362585E-6,-0.02918285685168162,0.9054216478717197
5,29,-0.1338151638661047,-0.0645886165848848,-0.5653380791610366,0.9619495061457476
5,30,1.4066240517063358,1.1499750806538684,-1.6522508233511013,2.292966949161097
5,31,1.7721223256164333,1.3997040222279868,-3.1746063996573275,1.1917159403159134
5,32,0.2867338264179161,0.2156046333214383,-1.3700197901676292,-0.23365640891599287
5,33,0.28206949334665254,-1.4744084089527805,-0.6983668230998041,0.413349675904971
5,34,2.199386317187624,-0.7764520231902057,-3.9012200266444115,0.7063030377967818
5,35,1.1065778948958371,0.27816719793013966,-2.29410653015784,0.8342528196767167
5,36,1.7912335432388904,0.6667973559573581,-2.2973505132245844,-0.572682005336122
5,37,0.27771857358886687,0.1986488549148372,-1.5490396606417423,2.8229219673268293
5,38,2.6623693169396025,-0.17653185436841234,-5.639825668738467,-1.4415036648477049
5,39,-0.7635722808079636,-0.5101883278826701,0.7708638538599902,2.592869936302644
5,40,1.6792536627599879,-0.6309173656091784,-3.050725816033897,-2.442984110947418
5,41,1.4960903948279733,-0.5612972485870176,-3.581486554654845,2.985013555561266
5,42,0.9838200267775827,-1.1603103800996233,-2.1173023261275365,-2.1240883765229293
5,43,1.751283350022078,-1.0313493452424916,-3.249627451293966,2.468391794733284
5,44,0.8295353928217042,0.39158187672170086,-2.468948389775965,-2.3139942180323727
5,45,1.1415878512651092,0.6519161571448557,-1.813421351221364,4.3762485182962045
5,46,2.0712867543134497,2.205285813259038,-3.012775673774094,-1.8724260824970778
5,47,0.5780780841083146,1.636058471700348,-2.5557287416682644,5.607034051995014
5,48,0.688890881908814,2.1476088486374465,-0.8857780794337375,-3.5803542009460676
5,49,-0.48279572743009114,2.5000355549352733,-0.07937174872173403,7.7570373851896735
6,0,-3.0921681256002103,-5.215021525269052,-18.0621768693466,2.175521550672267
6,1,4.084711008671585,-2.6845366510290605,-10.300017976907185,-3.3515745502778804
6,2,-1.8538433895404132,-2.7172710379917566,2.099485503832864,3.230110072620798
6,3,1.5765761285980224,-2.246303458457029,-3.100670457522384,-2.1462081835054554
6,4,0.7127155533866234,-1.7834906957296404,-2.1971875773471368,2.4700892315271767
6,5,2.307911466457254,-0.7688306587317757,-5.814426289222781,-1.085886901498836
6,6,-0.5025194356187265,-0.4701553629015583,0.6527087069827133,2.207384203933806
6,7,1.7515287392168697,0.46727873445433854,-2.620481813394324,0.37918100685042266
6,8,1.7452039268415287,0.45750479661399096,-3.8059272374609145,0.15485115273113903
6,9,0.4939611639453975,-0.02594857503505915,-1.8954868417648076,1.031067725611186
6,10,1.6325713475242556,-1.9050276755284963,-3.325412255957059,-1.5821541067486358
6,11,-0.43607076062912054,-0.3162912764351111,0.3528674296680004,3.748928377841322
6,12,0.6359801241615552,1.510486975103403,-0.6433362097469801,-2.08544677101496
6,13,-0.6255371891314363,0.12472162176831081,1.5300754804461352,3.9984296344913934
6,14,0.5971620783759808,-0.9874831509530559,-0.2932137554488988,-3.5120740042458305
6,15,1.1182857569371456,-1.3694520423162888,0.17512638436950256,5.287702311632598
6,16,1.1794009178759388,0.24139877894303363,-2.2644669767191954,-6.206399361949751
6,17,1.3456640514363944,0.2541213512305807,-2.7872008456985955,6.841224565313591
6,18,1.056887443306349,1.4626313009879581,-2.313878790610799,-4.595928389843272
6,19,-0.47372495717684326,1.3699514760643186,2.345798869569794,5.459287383299408
6,20,1.7129843215051066,2.0401345492767096,-3.297535744255104,-3.186164495607326
6,21,-0.9042184320731677,1.929988707996665,-0.1502555688661169,4.78251647667485
6,22,1.3749348722104964,2.255718180060885,-1.276905792486542,-3.816236258755948
6,23,0.3041157035763924,2.4327299070172197,-0.44685401868328745,5.595046672206729
6,24,0.7209053317370656,1.9211863874856348,-0.43323514278435105,-2.055480687802592
6,25,1.6605540253888613,2.2725907004208548,-3.6417946155268672,6.174237935489924
6,26,-0.007615454175295411,1.199058563935615,-0.6853499947919535,-5.186599777337223
6,27,1.8033539510512921,0.8412579621977372,-3.9981206946727954,7.752945240477509
6,28,0.6187908422992905,-0.5759239324161055,-0.48183939970169254,-8.158787376341229
6,29,1.1501403658752742,-0.32062527123122786,-2.3996317291970635,8.117211749584781
6,30,-1.3750634071353365,-1.1891996883931715,2.7045035194712588,-8.379233356485225
6,31,2.3126240928464026,-0.020489088388472187,-3.344006033643354,10.700035076692112
6,32,-1.176154589516469,-2.4330134985497693,3.54265456539776,-11.383473833108477
6,33,1.5511847639493093,-2.430766316801389,-1.6776968639223855,11.453731097589305
6,34,-0.2446010206696977,-0.1754541013055364,0.15461176593213236,-10.678730610307761
6,35,2.1468656467981644,0.036349921902847776,-4.829640782749912,13.41730151827847
6,36,0.28841761164264557,-0.08491502280607605,0.6470549836330687,-13.171040962728892
6,37,1.0213999018500568,1.5054678454446269,-1.6522190196268918,16.857653322601884
6,38,0.30203565011317624,1.6016149122525252,0.7625999043716426,-16.44494697370826
6,39,0.6250846038695741,1.2022297988823907,-0.9315832908584054,18.685388517061778
6,40,2.0449106758765216,1.9139574470077583,-4.536795295445342,-17.80713888239532
6,41,0.9427787445467894,1.9399073347570917,-0.6605723419975527,21.51035008128722
6,42,3.155465074113763,1.1190671322521548,-6.644345096011234,-21.169463871620646
6,43,-1.9431488262659427,1.415729635748896,1.9052064415111605,24.945096960329888
6,44,0.9042641246810199,1.8606656573706422,-1.4553720767809506,-24.154529465914404
6,45,1.8031799304957623,2.431796971937039,-4.324800285971399,28.214854774435494
6,46,1.2142104351020484,1.00296756008497,-1.068532900150924,-28.687964334117382
6,47,2.2654725581635815,1.6685941633637809,-4.413873358748457,31.842492087281965
6,48,-0.4191836125984909,0.9504375566555145,1.0956538804450155,-32.7255591539101
6,49,3.1026439079329142,1.1446870361233603,-5.607979279173124,35.46802498472425
7,0,-0.032381478416226184,0.9033719307529819,2.4543342497533827,-0.7127482428568568
7,1,1.481366183889207,2.138374608533095,-3.232727332083668,3.6248925961970864
7,2,0.09000192800133144,1.639848243040607,-0.6985528451125066,0.2087119463402114
7,3,2.298165683283275,1.0863913464705934,-4.289824911152494,1.707785586415758
7,4,-0.1559938177666374,0.1114166321060377,-0.6268681431378696,-0.18367579261840522
7,5,1.4502765995254157,-0.5303779265738877,-3.6643902876311705,2.367551623806577
7,6,1.5372943195161404,0.5710634221117876,-2.382605292030668,-2.3200732076094237
7,7,0.5765885110046411,-0.5372760837010743,-1.5805200712722185,2.9663285673195934
7,8,0.4847707120727276,-0.716825465433597,-1.0394272582014257,-2.0702987562044863
7,9,1.7756550875327939,-1.1709121758381635,-3.79273634496895,2.3287889871687804
7,10,0.027867977754453155,-1.6574176234330962,-0.23952155931367475,-1.7656874253705976
7,11,2.8844799480092425,-0.2635225466276905,-8.171184977386046,3.024596644260099
7,12,-0.24959741221099122,-0.18787512262301015,1.1706805885819085,-1.0964914536316612
7,13,0.4286862671718421,-1.4016410991731572,-0.5838552339058702,1.4016015742483
7,14,1.8066000706080096,-0.24306217166568606,-3.427591621842822,0.02633179801453378
7,15,0.5314304571803377,-0.020209843302420358,-2.241919058001317,0.8199649063502531
7,16,1.045527067289534,0.7056370981711939,-1.8695655738739945,0.798440126340972
7,17,0.8317755424168067,0.5581446310419906,-1.7846426643923567,0.4008031640827108
7,18,1.1547325694382131,0.6966113557469307,-2.3887978324545287,1.1239916617544397
7,19,1.1557068713466685,-0.2941903403996865,-3.286339274025689,-0.8673828744801502
7,20,0.8567107582170242,1.284537773728553,-3.3623262319619442,3.3954251445932164
7,21,0.9843831748749649,2.557944564079495,-2.04153367801511,-1.2573115560845298
7,22,0.3425248854701455,2.59076031969344,-1.9383038627028184,3.641060045423206
7,23,1.7941722667773405,1.5432495503476045,-4.580763489756406,-1.4346601826347942
7,24,1.7169981532202068,-0.3144190815573664,-3.6347655141945645,1.5306748283693503
7,25,0.8432987367652285,1.632853901880543,-1.793718350315173,0.8619267866774641
7,26,0.19625829126893535,1.1047998254107443,-0.5307264665729722,0.6516041733991074
7,27,3.270762432000921,3.3735049506634733,-6.884287268099076,1.7337032075434495
7,28,-0.7629669824255647,1.367167812283106,1.9182993555781727,0.661374846757613
7,29,3.9365747794172816,2.8082017619437756,-6.9046976823087025,3.9327143451431192
7,30,-0.09516496919004325,1.3951066813178237,0.048086390825547776,-1.3104675247006365
7,31,1.079044408113406,1.3862504555527562,-1.3310290267216527,3.562709318141519
7,32,0.8068094151913153,0.414022148325197,-0.8931300659834371,-0.9410920219644916
7,33,1.664129110978179,0.6103773126606264,-3.2125428251562074,2.70863413583049
7,34,-0.011774561196506439,-0.9778470650199853,0.17490159252755988,-1.5366565916733466
7,35,0.9865670043196765,-0.29381954511940633,-1.3903845930022614,3.4703739776180713
7,36,2.0691829383083915,0.7914953757146812,-1.862763456151347,-2.430974593522205
7,37,-0.06929482529585201,-1.1361073362646095,-0.3758684511157959,2.2116835615109007
7,38,1.1426518953682203,-0.5485895923589622,-1.411755546514148,-1.0464453544652152
7,39,1.7002918834982648,-0.3950289404991965,-3.17883731882362,2.24748697442457
7,40,-0.27685803720487423,0.5650459090568642,2.2814376657733644,-1.7770689825798334
7,41,0.2851235753266752,0.35427807795148225,-1.0641557527212502,2.5691573574343076
7,42,2.776712358501743,1.4468869582484563,-4.145970047646937,-0.49937533195965633
7,43,0.6865282845509902,0.3950013658796957,-2.5057580794080696,3.039449807275143
7,44,1.1172746261056439,-0.027493023506826697,-2.527619905642019,-1.4895787099958384
7,45,0.14438845335841555,-0.9145157890384222,-0.3325463955672435,1.6756093901823088
7,46,0.9611491314994911,-0.1441622881152076,-1.881031587820458,0.22847717822280245
7,47,1.7117636199571722,-0.8478880909975466,-3.6413520606358083,1.564136023609909
7,48,1.0505364850554142,1.285304168938443,-2.1922418073081125,-2.4112316402857825E-4
7,49,0.2584275573351865,0.9000867774764373,-1.673405048802036,2.2831567098576206
8,0,-4.3121227701938745,-7.784704769028562,-26.19323493249742,1.330112206719492
8,1,4.777663390925305,-5.045363372107627,-10.094582282598214,-4.137019269569117
8,2,-1.5675664618409357,-3.736851969745238,2.655751386200977,2.749861591875622
8,3,2.1270090927712,-3.228281358885022,-5.86549995153117,-3.4804917168059295
8,4,1.217614385556243,-1.649484186199073,-1.8451951509990445,3.3243755026363755
8,5,0.8762118149860737,-1.433014132085605,-1.8007990535654592,-3.3263900698846087
8,6,1.391688227360679,-1.8754528430566484,-3.9790199022589015,1.9901807080300984
8,7,0.5606220560834292,-1.5046985780943303,-1.9501887142127652,-1.946984446661726
8,8,1.1929624520147786,-1.3186802316651454,-0.015537644197993306,2.1376298390732495
8,9,2.4708792447498995,-0.34454671667451686,-4.947299705625593,-0.21782269945088828
8,10,-0.6689027553571172,0.259613119143999,-0.3916322440884036,1.1053249888400676
8,11,1.3678503181707231,0.12556900933171183,-3.225444177175615,0.1518225645438881
8,12,-0.5312292247880296,-0.030143022320352982,0.3485778082845675,-0.0892978984396301
8,13,2.9379995813016953,1.2661487195558865,-4.99182160207785,2.7237651150167226
8,14,1.987083805682875,1.7976532603224413,-4.902735343038725,0.31517962801003374
8,15,0.6327297261954752,0.8798547272330389,-0.780890734700345,0.6494588195796891
8,16,2.0671575162117284,1.0673395632963452,-3.915195998489281,1.5075318259667616
8,17,0.8116196270455219,0.44547952405255914,-1.3393753542092621,-0.23903716761915825
8,18,1.9677122478817137,1.6099533786006026,-4.258385294778449,2.0984663563831134
8,19,0.18113962131760444,1.2121204917034978,-0.9457167999517,0.0022792257365989443
8,20,1.8177427238938264,1.8909572020562013,-2.609611057935106,1.3721905279126425
8,21,0.5087294512957452,1.350137446185184,-1.5613083969510022,0.18256773279761335
8,22,0.6476254227032164,0.9203203780918451,-2.040896592687851,0.81843825160953
8,23,0.8446262634602646,1.6091091048383313,-2.2902095067833383,1.671579578016912
8,24,0.8858873125350043,0.017283145043925696,-1.92214404548701,-0.7841367974507756
8,25,2.928201734951358,0.34887032019067443,-5.585470987335459,0.7558026282901433
8,26,-0.618272753646034,-0.39593382756317463,0.7220957150329591,-0.3721169154394439
8,27,2.1465612870746233,-1.9458770070408713,-4.624917721361146,0.13936629958104935
8,28,-0.1538671595713027,-2.0213388871075515,0.9158216515578542,-0.4555060457806024
8,29,-0.07637733522504142,-3.0046994505886815,0.8280413955260612,-0.3298057290706626
8,30,2.2136031697185237,-0.8318715288369707,-3.438514825240991,1.4595981250002976
8,31,0.08374293351495096,-1.5490538926914523,-0.6773305202073359,-1.9241571046231254
8,32,0.831956788849306,-2.5927390044590224,-1.0886301083381986,0.4862409912089485
8,33,1.1383391764993107,-1.693489759276218,-2.3897753106300863,-0.02871113219554411
8,34,0.7243236973678668,-2.5985738340616455,-2.950419402235963,-0.5621098344198701
8,35,0.7156568079339414,-2.7747616659204573,-2.022428008319089,0.17513110675824511
8,36,-0.10796383737006132,-2.470750031792308,-0.827555619443756,-1.8637722146582743
8,37,0.26439683063045405,-2.9300908297145387,-0.2665356118844278,1.128836240295086
8,38,1.2287197670729026,-0.24018509844836533,-2.780255005301183,-1.0097295947833445
8,39,0.32628575242560387,0.0768430805511606,-1.0238379416897168,1.9046927637146145
8,40,0.39465386371152555,-0.2095369042607971,-1.1338329626862351,-0.4810603174282162
8,41,1.4787311748257872,-0.6031792700893469,-2.9071252758125934,2.197253695505494
8,42,-0.13250696812973717,-1.3388319335424983,0.33716068153845347,-1.7804891709687216
8,43,2.3319248389913803,-1.5895607703709767,-4.553856774683725,0.8315059746957552
8,44,-1.1643272702137075,-0.9531864045406269,1.8847086760185519,-1.1656838670508591
8,45,2.3107314661965894,-0.29206849321195916,-5.374239082623049,2.0874441119461884
8,46,-0.389458856751862,-0.40206902516359244,0.4052476957272647,-2.2313931457259364
8,47,2.868149169895145,-0.606136244082583,-5.762726247568807,2.3425922544674114
8,48,-2.792148625932035,-1.3431573127601801,6.116029704501791,-3.669757730299458
8,49,3.689908488588832,-0.46561938875867237,-7.416043879343455,4.339774609376755
9,0,-7.070605932442733,-12.972399015852059,-39.18250720371519,3.4817851163048528
9,1,5.930062101187854,-8.503582272280136,-13.83676839670443,-7.318526855679121
9,2,-1.0053784991445638,-6.035804978122606,1.601861119652086,5.499200841623962
9,3,1.8480478590611755,-4.840122394620419,-2.937957291385953,-7.600734157700279
9,4,0.6270671515493621,-2.4355569018230905,-1.8891557711338898,7.0038569186255115
9,5,1.194566354921092,-3.7119237924242015,-2.3046173223912505,-9.510004177333677
9,6,-0.16351651318464455,-2.1926220681507163,0.5285148328674273,11.15551868274086
9,7,3.1906217368528127,-1.930926870672891,-6.889544940968624,-11.160602375090164
9,8,0.364696647258099,-1.1795910515066337,-0.3983072721706724,12.89529799713831
9,9,2.9472367563705215,0.42191570064028894,-4.7832702850049245,-11.250790232703972
9,10,0.7206670219960266,1.25075160185524,-2.4450374950142733,11.835985126087962
9,11,1.7764726102710546,0.9761002023181882,-3.0591443180102784,-9.33435002081791
9,12,0.7203959128390858,0.378539086787936,-1.8694424124466777,12.222271872226662
9,13,1.864867053983672,-0.07518501115549814,-3.0666339894702768,-13.366514640921782
9,14,1.1137087694769923,-0.5794064147900531,-2.154390805989621,13.961913992055269
9,15,0.11320379880637677,-0.3195055593886244,-1.1365003771753222,-15.304080027980715
9,16,2.4274438354402452,1.8909774391961243,-4.513758200901876,19.100364056759496
9,17,-0.9296636807109719,1.679000780014285,1.0341067541787448,-18.17571178722415
9,18,0.9338238560556604,1.3263676670697981,-1.654921628466414,23.41719082958248
9,19,1.5857482001256906,2.8946613805917485,-3.490268457033832,-23.11110868939525
9,20,1.8834683852201974,2.525360279048778,-3.761293945097609,27.755240473656634
9,21,0.1062136006036955,-0.4713554981524959,0.5336832942490153,-29.04763925365331
9,22,2.8218627802064615,-1.3768804745542955,-5.262598081550489,31.314817721617548
9,23,0.5817095154240255,0.6504820996422054,-3.0472361829471692,-30.50948496881472
9,24,0.5627050063681418,-0.011634406583966694,-2.088613743010982,32.797267897362566
9,25,-0.0787852237800748,-0.7175821655177068,-0.10830377362992767,-36.212020379437064
9,26,0.10153461059746705,-1.0909906800319387,-0.794195464881804,38.60648297704484
9,27,1.680424668277035,-0.16957147979256443,-3.4368064926218187,-41.47593743365074
9,28,0.9393732790842211,0.5259742795489916,-1.5974653007299047,44.01364403891826
9,29,1.9993473581976207,-0.9305894485970889,-4.527153596821387,-46.24331160971215
9,30,0.9063557027349044,-1.8263896995851903,-2.588338474785773,49.22489565266559
9,31,0.7963177148593654,-0.2197724537323945,-0.48949022870398373,-51.45378838028125
9,32,0.23252578375058863,-0.7386178927772427,-0.04125198614555714,54.63495619708095
9,33,-0.11059684431370331,-0.06490641149567677,-0.20316315818915393,-57.1112940097796
9,34,2.9332178473980166,1.3455481657503943,-5.089600153824411,63.52458047809823
9,35,-0.5013521338223708,1.9850282082198842,-0.1744076656382465,-65.3718941576121
9,36,0.2338539619274982,0.7173502234683543,0.23276393245015825,71.13106664211149
9,37,1.5168442854073212,-0.2952827186295208,-4.3421595693589925,-74.6127855871392
9,38,-0.1859429184536603,-0.17551178386122762,0.7364297817183804,80.9208401061094
9,39,1.4491632226023632,1.0163794671317878,-3.473894289670765,-84.11119053850851
9,40,0.6783877494597026,0.9351975486461571,-2.355228918195996,90.6988512925766
9,41,0.30585030513843636,0.8048313601161475,-1.1083571301124557,-93.3047687295943
9,42,-0.029523487026733353,0.4963033395118896,1.1007031255604856,100.39931747260486
9,43,1.8813690097055307,1.7325918711400845,-3.408204976043837,-104.14314490092318
9,44,-0.43926128641002116,1.591628567193601,0.7213417803630537,112.92403277200646
9,45,3.3082165158755057,1.990753579863852,-6.536290782307163,-118.64356148041985
9,46,0.8595739842778913,0.1631209090004373,-2.538659652860676,127.74965180032385
9,47,-0.1845129564357484,0.561359856530046,0.4111747129229649,-134.94830437284537
9,48,2.251011798781927,-0.8360883983691033,-4.977199917401471,143.1807488319754
9,49,0.30530617785273295,-1.3934480004625427,-0.40419470939803626,-152.29340439319202
10,0,-1.830989707482674,-3.104037400465798,-10.325902283535807,1.404425171856064
10,1,1.7025702501866413,-0.3476648995148792,-4.290559174588508,-0.516080360700079
