10,2,0.3268245182845477,-0.5234697176885612,-0.20209168929383903,1.5875540604744653
10,3,1.9741863118224117,0.22101440471837738,-4.6354094899452765,-1.0736636610768677
10,4,-0.1571107371154603,-1.1437670211788107,-0.5039276614557027,2.0202426994994
10,5,2.8095094706030475,-0.2332039623659301,-4.836261889454615,-0.35486851175025136
10,6,-0.5364726655016462,2.772184317787158,0.023322530784541717,4.289689184779964
10,7,0.06793324822634972,1.9142610797217945,-0.5738089583129382,-2.002503166869348
10,8,0.5964311368010328,1.8743476933015795,-1.8369070211125107,6.118748559726528
10,9,2.213994662604518,0.18740836667221838,-3.587696101950767,-6.180144176161105
10,10,1.806187199305617,-1.8790960033579995,-4.010923310428907,7.098988142925273
10,11,1.097712656892506,-0.6390756776838931,-2.8367148810102516,-5.662268258492323
10,12,0.48553526619871745,0.1903099292255525,-1.9681053143910507,6.899464981487235
10,13,0.34111634679167957,0.6057697402849249,-0.650982691420694,-7.252894142632137
10,14,2.7589924773717023,0.8538974570057306,-4.211399056043301,10.067249241344888
10,15,-0.3298456934051567,0.04150229293793578,-0.9522960134508249,-9.70493244270476
10,16,2.108332361361588,1.383820739819215,-2.5963729283229036,12.276090826394862
10,17,-1.2821724604960287,1.0336175329095676,1.3055713423710102,-10.647243218324839
10,18,3.396482386865605,3.2638460371125966,-7.054440568240708,15.803391880464662
10,19,-0.5540807331944129,0.7284763684840267,0.1726037403028104,-14.124678984977587
10,20,2.4117275369099636,0.8156413210788982,-4.796465487065033,16.56936079198286
10,21,-0.07318772168214077,0.11727999558576524,0.0764230293722295,-15.372896411164009
10,22,1.4650215284268955,0.7209935767515967,-2.861969093323118,17.9070991248915
10,23,0.5926040959122947,0.0036379022647569093,-0.33358283317656645,-17.22945351179814
10,24,1.882991206270986,0.37844285913980985,-3.8316586675701014,19.741626770144727
10,25,-0.8524369654055841,-1.517855216626714,0.9586359295509308,-20.306464931914284
10,26,1.7231022818937176,-2.346193299597683,-3.0806217558146805,20.08213134723068
10,27,2.0289654770456726,-1.2642337965957997,-4.2874700846848555,-21.35979004439353
10,28,0.8948951391404697,0.1968387034046407,-2.041380955231551,25.308347232726184
10,29,0.8134939504826236,-0.4066853775407849,-1.105436962620261,-26.07328483378684
10,30,0.5875614768152195,0.6606959431971013,-1.772573605750025,28.805249854916443
10,31,1.04509040451297,-0.4685501923634968,-2.422202015977674,-30.200893248516245
10,32,-0.15407809808205597,-0.2782017283123522,0.6711841778286929,33.3813467831116
10,33,0.7541022751497236,2.267284100562801,-0.5502708735219836,-32.94224370952511
10,34,0.6329094267140185,0.5973083723868199,-1.7577392211091003,36.700316576396034
10,35,1.6039950331396036,1.4908157428018143,-2.713462780065829,-35.354353879329054
10,36,1.632247854362293,-0.09469703538342578,-2.017662369610938,39.28687033486377
10,37,-0.08233828888661998,-1.4088849332002331,-0.9262784761541585,-39.58134313586731
10,38,1.2094061411948938,-1.5228824816201825,-2.75308690319038,43.79655823556795
10,39,0.8241891675497728,-0.34211252217975163,-1.4801459386293292,-45.52905541086865
10,40,1.074085181073742,1.0902707191002987,-3.1350774556652143,50.802668633115594
10,41,0.4089570737375043,-0.041563579346708845,-1.798226430825055,-52.25535438163465
10,42,1.2881136074022193,0.010956112403579396,-2.231462747224171,55.4662685147848
10,43,1.5571377567502207,1.4680957473213112,-3.7272128035689445,-58.786164422318585
10,44,0.9100886102313692,0.2361421068961821,-2.379882649767842,63.90371094837965
10,45,0.5797900864014265,0.3448236560456328,-1.2125387656065203,-65.76486756081917
10,46,2.149719820729913,1.5966240123065953,-4.121515925691198,71.47449667338076
10,47,-0.38973243392734636,0.8904694916189548,0.07736421325497517,-73.45910243180282
10,48,1.196738192078842,1.381790799786384,-2.2160281776547084,79.72406167736705
10,49,0.8270419830329986,0.5861770209094654,-1.5243040634258689,-83.86543119611646
11,0,-4.422775442868604,-6.278103048589513,-21.433555020803915,0.9994946058407982
11,1,3.9404699048081664,-3.0448947399002853,-11.139111718184457,-2.3183385448729243
11,2,-0.04188281655259407,-1.4272280398987878,-1.1888095707364772,2.8528321141353254
11,3,0.8920801257523701,-1.815721322048375,-2.1631294852173015,-3.5467810326705216
11,4,1.0143004276275223,-1.1275072177444645,-1.7095143783890707,5.212671233847381
11,5,0.30426166583286685,1.4593725781423101,-0.8416980319479526,-3.0915756721212517
11,6,1.645534389749361,2.0982252086555593,-2.7807305187183466,6.784749260729565
11,7,1.3556923495681874,1.3056651609290661,-2.9468055690404786,-4.961083135782724
11,8,0.22539281967404268,0.8554270055611299,-1.4636209114833474,7.618224516798719
11,9,1.4455758742282956,1.1493054877622795,-1.6467836203149628,-6.5934839182274985
11,10,0.41813072353748276,1.5584895501139082,-1.9367704697697006,8.93064026322324
11,11,0.5116356377936755,1.6194369886301394,-0.9472203727556858,-6.415423680492556
11,12,2.186594557349043,2.4158911620612074,-3.7955397055309232,9.919190295724183
11,13,-0.8121732261997607,1.364423937657777,1.469552445847683,-8.15346570950829
11,14,1.5443970461672936,1.3523166691915245,-4.351663558769257,10.127366070966376
11,15,0.6390340585554708,0.7738035634629203,-1.748474178808314,-8.633256279552022
11,16,0.9726628003722847,0.3386335415473673,-1.499721129205759,10.930464789294223
11,17,-0.18693575594230327,-0.41149370739153607,-0.12872074835892372,-10.407266901618806
11,18,2.1153969029013275,-0.35985272157807646,-4.521193293050396,12.193459673102058
11,19,0.29437482316324254,2.1842151760377644,-1.132927147700536,-9.523241425574856
11,20,2.0058726792940065,2.4034156751907334,-4.81228132362703,13.927652786762499
11,21,0.8665911003367041,1.5659369333408877,-2.5211454409514618,-12.733569033228026
11,22,0.769872490405281,1.6202600967861938,-1.807677498802593,15.75708473054027
11,23,0.9758828302368772,1.4317724305926274,-2.141590296585435,-13.78217596009813
11,24,1.8364646372628328,1.822439823503741,-3.3981794574273256,17.67312209062379
11,25,-0.14558487092845795,1.2359890172198995,0.23550507850485872,-16.655989931671566
11,26,2.4164512825546476,1.803754915520307,-4.156554648426198,20.09196632882613
11,27,-1.8962443143688457,-0.17000493528387983,3.1537115769345547,-20.477983232423767
11,28,1.5061054941814866,1.4891313458417816,-2.8632818313815784,23.25366095209528
11,29,1.0218242636960573,0.01551809107250901,-1.8805879075383012,-24.815843626914745
11,30,1.3802182253024762,-0.6847902927560018,-2.0063327522470966,27.45468093846182
11,31,1.3451341328252515,-1.9576867205491102,-2.5716380859746253,-31.032391294192646
11,32,1.7788576145984893,0.14599004352291667,-3.244785132483391,33.42098912630128
11,33,0.10536059797537961,0.3508570926197876,-1.4405679700936411,-34.013220209798774
11,34,1.4910893452814886,1.1339690181767448,-2.990875917496035,38.309202229578034
11,35,-0.28015921427070245,1.3187345022365,0.11130552146774238,-39.1043786099761
11,36,2.756257035332905,1.7249210642365358,-5.94323868158391,44.29545549378594
11,37,-1.0231811389546133,0.42038906802805387,1.9831635920730974,-44.18273607491262
11,38,1.7522020346535396,1.7404358457036908,-1.9833516609160444,47.995167208135385
11,39,-0.5698222069026373,0.9611754734628414,-0.2005560956837681,-48.988457420407734
11,40,1.8216955830949173,0.21921008937102437,-3.518994557499385,53.49325612151595
11,41,-0.6113205432542179,1.4716862077691313,0.47520580880722835,-54.763666764559304
11,42,2.1059924773335617,2.623645373004136,-4.848041151536886,60.47508362706441
11,43,1.0245402620764756,2.646314931213145,-2.1341103417029363,-61.09770048750789
11,44,0.9419323955943126,1.958041881146829,-2.0383226453115597,67.6616859954939
11,45,-0.00292911351319991,1.6044569262710175,-0.583821401646079,-69.34817776566459
11,46,1.9284005534142317,2.0326209627981613,-3.5481232875052786,75.30754559706318
11,47,1.0343873671776218,-0.07851871638439745,-2.4025854834436156,-76.93366613283327
11,48,1.650858530518549,0.6719436042840397,-4.541347294452959,82.95438452083792
11,49,0.5388383784908682,0.4963516810160325,-0.9842912001334864,-85.228883715503
12,0,-4.036731035293139,-7.566278212428758,-23.443385626107425,1.632423301511773
12,1,4.286979611798636,-3.024712142817843,-9.213911536391848,-1.5755248883578215
12,2,-0.6136714160673356,-2.6817793751514154,-0.19585199278457677,-0.26903534627455983
12,3,2.2617195143290694,-0.2621421975344713,-4.816084935027198,1.2302455301071515
12,4,-0.5418269731325234,-0.5426370683561873,0.9231099678824728,-1.793513325929112
12,5,-0.17995483803479062,0.01682597775031558,1.1338530294935092,4.408500528421083
12,6,2.6659652886810066,0.3843760628767045,-3.8442416494390432,-2.467667908801407
12,7,-0.14251252856916735,-0.17721331938097215,-1.0633109159908314,3.0913416401775695
12,8,2.4483517588652517,-0.21992477041658143,-4.569121597095991,-3.5441649574583467
12,9,-0.27970875790381355,0.5997696332292042,-0.03143934338993301,5.351133994428802
12,10,0.8392727817576064,-0.23279335151335917,-1.2131186648410788,-4.88644854993636
12,11,1.8888612845745092,1.435310338949987,-4.7351788261382755,8.282914594491682
12,12,-0.21439007273882282,0.6515858777707526,-0.2675019493875822,-7.696396267880306
12,13,0.46452985523105284,0.07992657855042024,-0.32434894362486333,9.165196655217725
12,14,0.9239023904990429,1.1888468877023417,-1.8098644687274454,-7.653238544025996
12,15,1.5774762796547004,0.4773816880270639,-1.430955982304515,9.907896842062286
12,16,1.1780417347302559,-0.08048366224854797,-2.355209436563696,-9.93783810582232
12,17,1.4926399430382236,0.903428778952768,-2.9631433212544422,12.33548036676777
12,18,0.35271716796544994,2.162144377925338,0.4131753094938969,-10.963998595973353
12,19,1.2930284453515286,2.59547098465205,-2.4673053186278535,13.887308249519046
12,20,0.9570834137401096,1.9779916005161016,-1.8735968215626417,-10.35140343901351
12,21,-0.3421357867200119,0.1994479110971188,-0.30023965542703346,12.6596173210588
12,22,2.429744644402695,1.5299229836666053,-3.963705693633103,-11.962433550960341
12,23,-0.7309143656451403,1.2288279959280857,0.8991391822682603,14.60708807968346
12,24,1.8297836704801589,0.9722799832673797,-2.4360846182002955,-12.346986747338203
12,25,0.8062421254859466,0.9625975931757119,-1.717786856589715,14.057764906523886
12,26,1.5120882653081895,-0.49030085026799297,-3.3781709627940835,-14.717981887729353
12,27,0.5816921949973684,-1.8640226344295479,-1.9434769560039191,15.989820059492352
12,28,1.2066839400761733,-2.641593627418473,-4.215672328826682,-16.9323015607713
12,29,0.24927395594935842,-2.1001570541703947,-2.170550089743382,17.71971474533911
12,30,1.68896023226677,-2.626169553852254,-3.644256893436162,-18.88980701514671
12,31,0.9616475301533614,0.037327517958570366,-2.1307402811643255,20.661069976058382
12,32,1.2217526782152417,-0.22546890132486425,-1.5296249973173264,-19.740431556248847
12,33,-0.42147839256279784,0.3269454968482144,0.2509548021738765,21.73244920431671
12,34,1.20221675104401,-0.6069839305151705,-3.693326862396229,-22.741226403820924
12,35,1.713061827056689,-0.7119715214902284,-3.7990942671900214,25.025261836449012
12,36,0.518446086329427,0.5071153039806382,-0.3119111179850036,-24.135782835666774
12,37,2.3187025969156174,0.8537352531380713,-5.150620317154727,26.09960873144234
12,38,-0.744863745934536,1.146182281251438,2.0431393053417004,-25.498457183346826
12,39,1.4916923811620566,0.885044930374449,-2.014928518455019,28.840854380086913
12,40,1.309781735218316,0.13953646870931047,-2.3151381204889097,-29.35449406750732
12,41,0.34234652945348426,-1.1622794451224467,-0.8483635155708263,32.119712319844
12,42,0.9606764131300564,-0.0927372501619218,-0.8255886982295482,-33.281548821211906
12,43,0.8196606711736777,-0.631182424608518,-1.5823291470474834,37.05134487760707
12,44,2.185975264071187,1.4278489395392682,-4.773869550218496,-37.79728617517381
12,45,1.252739455943288,1.54606277794485,-2.2960137786777435,43.110440945703694
12,46,0.003003732529758829,0.5391454733129243,0.10241597856975304,-45.33022995504974
12,47,2.335100258427643,-0.5911355844474715,-3.2953378920373337,47.75298048046845
12,48,-0.42102696773126214,-0.639984103698126,1.2043264425393576,-49.94919213058022
12,49,1.5192508071992465,-1.4571142996026571,-2.438392122592611,51.63804745938697
13,0,1.7922864724135863,2.309409927514807,3.8062948961068575,-3.0265793606842606
13,1,-0.3746147625496774,1.1763093675553442,1.0971228439219523,4.676251043600756
13,2,2.813780191405721,0.9488972822077891,-5.7055954105916245,-3.0633427662523816
13,3,-0.6160242217793777,1.2824230537342354,1.7518242760089457,5.529827040998137
13,4,0.6336310069973687,0.4787143868972709,-0.4464253011664633,-4.718413305813039
13,5,2.7457757434046863,-0.47034087327602103,-6.17542171409865,5.861066478539192
13,6,0.2323977545885334,-0.7070206575714775,1.0815510991735773,-6.952857742046433
13,7,1.3230980734363103,-0.04019149190282395,-0.9972888477111814,9.526059663144082
13,8,1.718894405834103,0.101630315979162,-3.029369511413049,-9.270361937984088
13,9,-0.0022274817697256477,-0.16041522192057125,-1.5060490267114492,11.212810053433998
13,10,1.9973132242661065,-0.32675099352193504,-3.7034638827366546,-10.206104991837252
13,11,0.6468750462633581,-0.14471844857637084,-1.6768524067245973,10.356339512576216
13,12,1.3070010717604947,-0.23767197389414285,-3.2535203634753973,-9.597572962451414
13,13,0.6782346105271917,-0.7656736682114135,-1.4756723328906018,10.666512179702881
13,14,1.6071467121019192,-1.4745572628559058,-3.6616003193238686,-10.330557725609754
13,15,0.5067240894050595,-1.3005499844926598,-1.4998395249261018,10.54732860772859
13,16,1.5067568464265277,-1.0207278271531282,-2.7389091076093948,-10.893237777736907
13,17,0.645876335964972,-0.6359179243467175,1.0637401193225315E-5,11.999553213860391
13,18,1.1905703189901524,-2.1835795904752575,-2.9910152142091575,-13.63266540871236
13,19,0.8916895178100216,0.22335922481797188,-0.8534690862995604,15.57783927915843
13,20,1.3339942194759558,-0.4476050712282904,-3.92742551559176,-16.34318135154658
13,21,1.5979308834155597,-0.5903057672110356,-3.6322664495921724,18.63997315489337
13,22,-0.46312102644329045,-2.029677529593882,-0.05220073122269264,-19.023577697387744
13,23,1.6478025240004868,-1.0412007779004608,-3.593176282687236,20.079554751153193
13,24,-1.0820813417553592,0.5843399169321064,1.8332282892444627,-20.83889444795268
13,25,0.5531440805672356,-0.8304604642497432,-1.5816343276493776,24.555166288962006
13,26,1.3805017088714346,-1.464088938909914,-3.584181791235687,-25.49293618852804
13,27,1.3673536984116934,0.022752539102432356,-2.9153485333883786,27.836702994448313
13,28,-0.0735539776700268,0.14699863131430427,-0.6898021074864827,-28.814376783544393
13,29,2.274372524717923,-0.37234013751841055,-5.466485423665013,31.275709720598336
13,30,0.0624416208865973,6.840667358465335E-5,0.47632243041878175,-31.939178270588805
13,31,2.833868375519411,0.8415299153908851,-5.1655662802465345,35.45868990086018
13,32,-0.12172695131635916,0.9110903748066046,0.170376527105763,-35.83349670509931
13,33,1.2656154551040144,-0.003065832116050715,-2.668347648099491,38.78590584081119
13,34,0.19112419092524413,-1.0106332347287694,-1.208454318515916,-41.32615013345549
13,35,1.0484284987615922,0.9160634301899492,-1.3432126982821333,44.75428669649458
13,36,1.2405742873549337,1.6562223627553636,-2.1186778494830962,-45.75029579138083
13,37,0.8245149290102621,1.5237879589343795,-1.1747453020903547,51.223217985847725
13,38,1.0076303252082959,1.8984807019401855,-3.511574431513332,-50.69759190561167
13,39,1.2213369502223017,3.099213380836331,-3.160432954064077,56.85493523362182
13,40,0.8694361517070036,3.021226286202859,-2.884868870192099,-57.23915376471788
13,41,3.038623621650524,1.4377372552245387,-6.540697547036957,62.789469743581655
13,42,0.7538531837294586,-0.350445659014481,-1.0085400849617785,-67.38895387029972
13,43,0.4770321832939498,-0.5430644619775696,-1.5595208306965356,71.85510340150358
13,44,1.9783475681386955,0.5761944217194381,-3.828092361573264,-73.91398820590015
13,45,-0.020222635625995578,1.2654489183082567,0.23487292723482184,80.9343262344956
13,46,0.9535852166234976,2.4338586192647416,-1.4933202332177533,-83.32929502924821
13,47,1.4873673385873367,1.639779109411295,-3.6270509640164015,92.48057852080346
13,48,1.0985819431997341,0.9140922928483046,-3.2518045874908705,-97.1133556758502
13,49,1.7800795248964316,0.22197965165386724,-3.3132656832397784,104.47299558675722
14,0,-4.059197319968747,-7.351276646665694,-24.899961401009005,1.191937689796159
14,1,4.2525881411048125,-4.777385544326126,-8.5475603664208,-3.187040770920416
14,2,-0.7228237486965501,-3.708527276592681,1.1458773726606237,1.055303824115287
14,3,2.6892266781317766,-0.6793365973596956,-5.424365703737029,0.011988057466649549
14,4,-1.7896715875099547,-2.5457075551715667,2.8449030875295342,-0.6459456826508263
14,5,2.9636988101548565,-1.2350352771220805,-6.732793405961658,0.9365950888997627
14,6,-0.9578475661802964,-0.60908596137578,1.4318617266203648,1.783753010709145
14,7,2.2618631915734047,0.10757104005583076,-4.296032328983888,-0.0859000057299606
14,8,-0.1848527681165757,-0.044861559590540154,-0.3379511692304792,1.638689662206647
14,9,1.7414175564694028,0.01826768993295419,-2.35415059972284,0.3927678543513976
14,10,-0.2732628043260996,1.0597065773940968,0.9162948968060495,1.2306261684198703
14,11,1.824681867441281,2.909027204988882,-2.9757349831982274,2.020321562080313
14,12,1.3964484509493758,1.8406535500149483,-2.1322284341822346,-0.6589474542772265
14,13,1.0585126807839038,0.9966947452407298,-1.0677403555208418,1.2429482383881527
14,14,0.8970175046085831,-0.2723814111586057,-1.4901558333222453,-1.3964575322779218
14,15,1.1875887691769693,0.023526450611618843,-2.5648650203544925,1.5442360305830667
14,16,0.9762330175631028,1.3181680239989415,-2.20852391771526,0.7437433232994741
14,17,0.8508725933878778,2.3355976081287695,-1.6233870976024711,2.945089708957426
14,18,1.76528414263792,1.112138932145354,-3.942302445130742,-1.682549093049258
14,19,1.2716372573893007,0.5966052861954891,-2.199402625115691,2.709324802711114
14,20,0.5143670794017403,0.07340870672501676,-1.0232946808162608,-1.309100503740248
14,21,1.9358931916750919,1.2529529840230267,-3.4020358697948154,3.864316532487005
14,22,-0.39014572803251735,0.8008516353066377,-0.41408778489653225,-0.6496326846547451
14,23,-0.8389243513898708,2.055460714185858,0.6869636762286689,3.2387437245216764
14,24,2.6495058177374897,3.800803352306344,-6.998666870024859,0.07815864413577395
14,25,0.6946202572221085,3.1946141988368533,-2.5691374641370137,2.5904874441711785
14,26,2.1102202683832,2.131881511854474,-4.651278251126029,0.2717860902900444
14,27,0.7684068461361852,2.420865165978216,-1.1055976623417414,4.141516058396947
14,28,0.17186066448428483,2.2949944170189975,-1.4571505915660206,-2.3566846345271486
14,29,0.2554025718088506,-0.10534335453230859,-0.41157265451803626,3.444390419158844
14,30,2.640874792012375,0.3602248860220847,-5.937820668721476,-3.7755695858606595
14,31,-0.786053448879981,1.441665701998827,1.6144694441427216,6.63106208528929
14,32,3.345291673433333,1.0597439278414182,-6.055065674707495,-4.447147732423224
14,33,-0.9055527715099722,-0.457259787393008,0.6064502675732532,6.510504006756924
14,34,1.8682376386765085,-0.058773402173527195,-3.1973630023487627,-6.477988347384358
14,35,0.6250352486396306,-1.02275514306454,-1.4804778335278597,9.04964475345934
14,36,0.7547750392505188,-1.924021013749322,-2.940539169775753,-9.017085155191824
14,37,0.32586744330750783,-1.9267727856198777,-0.3891858628624386,7.891981142741667
14,38,1.3576433318924839,-1.7741123361244973,-2.599980446891997,-8.504510394110447
14,39,0.9841043763863022,-0.8727525908973603,-1.4400046888796014,9.725428333080414
14,40,1.7837689978030775,-1.0659720346082517,-3.942710715828445,-11.21846940590177
14,41,-0.524433205379913,-1.6984645208916374,1.461408201245166,12.249251049664522
14,42,1.7060716151994533,-0.6726354153233375,-3.1072167141439047,-11.23790780971127
14,43,-0.1487211434600374,0.2536614745364145,1.4943913122823105,14.536727944337393
14,44,2.516136327649164,0.8038961011359022,-5.211620513635319,-13.683635683928522
14,45,-0.6144209420061985,0.8555258491733763,0.9182268922689227,15.588496683298313
14,46,2.6615311334437997,0.8933248286894666,-6.110692592964872,-16.681130596591274
14,47,0.7613034939176355,2.225063560572288,-1.1266387194935579,21.39082721376491
14,48,0.7115027625028001,1.0290567195311295,-2.742948440020311,-21.33166382746322
14,49,0.32013845312946765,0.32232311580808565,-1.613302230684813,24.900734638987174
15,0,-4.522555848801727,-8.62931899336037,-27.32519136636153,2.1371510201581914
