0,0,-5.128527754871531,-6.917632069421186,-21.094582878732215,3.164588979902512
0,1,3.276278177819812,-2.807193173618439,-7.83876237495205,-4.419722066396527
0,2,0.10159619249225949,-1.258112542349816,-0.7330218000201079,4.433892207335302
0,3,2.9369214545106597,-0.5790719329149377,-4.59630496733349,-3.376024447088049
0,4,-0.15733100600361186,-1.4474122906180906,0.1399963173926939,4.089814850606135
0,5,-0.3804875340518028,-1.8312204400109695,0.3168084890497684,-4.610181266848852
0,6,2.636764084430959,0.42541673620051923,-5.211247135622217,6.049645426411394
0,7,-0.6372582608335389,-0.15632066280698242,0.6286158959019088,-6.859833971625118
0,8,0.4633650546874324,-0.45610409932009305,-0.9965033614005372,8.66764205418506
0,9,2.312724346607759,0.7792675468971487,-5.334045916153323,-7.653298283511184
0,10,1.4209185352294307,0.49651264195381417,-3.248719050402491,9.397877301213958
0,11,2.0258368887960456,2.991893311919494,-3.647452812918206,-7.043331596759877
0,12,1.412460182255541,0.2037173053027459,-4.899543470603344,9.251563974534326
0,13,0.7645669185425394,1.8084865261556449,-2.289022576604523,-6.160666750826891
0,14,0.6470453587017042,0.379927613658379,-1.252708104029022,5.871941883510242
0,15,1.071116930997854,3.610350043326402,-1.1702304291176262,-2.021370202539086
0,16,-0.531762834919758,2.879197650205583,0.9468294219446768,4.980865964578921
0,17,1.1852927729955274,4.403187097741629,-2.3234931347195964,-2.5556921576685436
0,18,0.7844142286672124,3.5377773061948776,-2.6087901452258855,4.482560685121328
0,19,2.1902731479601973,2.8106920494374217,-3.3513080564155757,-1.6011491898229746
0,20,-0.8459193275628909,1.2647898664420223,0.5125879269545921,4.50198131288385
0,21,0.7274321777379429,3.102216702693925,-2.9673634402827926,-1.5646141298548402
0,22,0.6859724946215255,2.4229894985080658,-2.6498974214298965,4.244163913300217
0,23,0.2360253613621328,1.9580994383096317,0.21596061885849516,-2.2129127108704023
0,24,1.6846560374864927,2.1465113753288416,-2.453813077395401,5.035457086184267
0,25,1.7991864444292096,2.550591740562964,-3.8080204090424554,-2.496382820219873
0,26,0.7283542577892671,0.3268427078775713,-2.556967558898759,3.161962575127459
0,27,1.809256045728998,-0.4153950682627686,-3.071365852018532,-1.5865722369223523
0,28,0.2071216408849268,0.9537934496083793,-1.1877186329966787,3.249300767784524
0,29,2.2003455022308533,-0.5029722990971965,-5.313311110616132,-3.3933507105369345
0,30,-0.8216126230738943,-1.1135401446015543,1.6527443063363916,4.348406476391728
0,31,2.2915090728224126,-0.9712146369150416,-5.888822128129643,-4.105488229828582
0,32,-0.008739856835535714,0.1959918787221,-0.11083200963602963,7.0327814619164855
0,33,1.6423449401824175,0.6027309168460935,-3.9097087114472844,-6.86910994948879
0,34,0.018887231490837486,0.36756587142010255,-0.1441815592729072,8.36168750999559
0,35,2.8473858397081457,-1.256697473633177,-5.104957705080248,-8.865463314638939
0,36,-1.285291875732448,-0.6813527630118561,2.063877345549716,10.484513130124048
0,37,4.30240730900406,0.8358978113919002,-8.970073923318914,-9.771407256477936
0,38,-0.6919038745770084,1.2880253689752823,2.290052131689588,12.47520242494464
0,39,0.7204815948580252,1.4863597813421285,-2.015734262130315,-10.570555541442884
0,40,-0.16066486553877368,-0.23835589362002896,-1.0198772270516954,11.784846395275599
0,41,1.3409569189836075,-0.44700223470476463,-1.459759877146747,-11.767758092473471
0,42,0.920545878834596,-0.5680563685928441,-3.1592279269750767,12.819939154129354
0,43,1.2571501172397561,-1.5062199331897856,-2.9982313467596837,-13.57951571826594
0,44,2.5392206900357412,-0.8634136749249579,-6.675855884052479,15.26705119217632
0,45,0.4369847742803025,-0.832801141662447,-0.9702532307469947,-15.189196156264149
0,46,1.2701881772286578,-1.207145100459345,-1.8303128584960018,16.827972188057224
0,47,0.5378522086391159,-0.33155869147577,-0.9016055058231593,-16.571017367669885
0,48,1.6578115733402594,0.7988929409163352,-1.8505644130915817,18.912499743603618
0,49,0.5774468590657008,-1.4631061194301989,0.4226498843877553,-19.955081345807017
1,0,0.33897352096424616,-0.4718196126008808,0.20801387385716108,1.3781186436844175
1,1,1.1051143038716669,-0.8063403034351535,-2.9380626713599605,-0.6287745362513002
1,2,1.308851669275996,-1.8537449067377736,-3.0182975813102906,1.1397050179911312
1,3,1.1854842034577922,-2.9434959830928733,-2.2152388501686096,-2.167741710737981
1,4,1.113677420650448,-2.0232885330542727,-3.4841018245759066,1.1212617258777744
1,5,0.812062800310418,-2.0837140678150607,-1.321283931931919,-1.8411958560871609
1,6,0.8637394657661688,-1.0812031661697574,-1.5909512340900038,1.991481167873923
1,7,0.5489921423012298,-0.856531752417133,-0.38156526259186785,-0.9078100195662966
1,8,1.0442895368479443,-1.5395139128833149,-2.674044054644199,0.6061383526564426
1,9,2.3220016083691877,-0.4747720626329495,-4.621688646728498,0.04620620242120063
1,10,-1.1109998588016323,-0.027690532383737143,3.35769870272124,0.5004609042481604
1,11,2.300591763914315,1.0819091031161339,-5.376111585269139,0.9654557314245855
1,12,1.4923859144697555,1.5314982130482167,-2.9750341579112667,1.8295748109552712
1,13,1.3420789452636503,-0.03708356275993463,-2.297648416831662,0.5666667151285409
1,14,-0.045625518063499015,0.8743304456858747,-0.5049362504505936,1.708217653654687
1,15,1.8961203121028998,0.4979357885120824,-3.1673467500236763,-0.6257825410049744
1,16,0.5884771708120982,-0.03854639053352721,-0.7678308944128371,2.6966357070277867
1,17,0.6169796079802033,-0.7056074341752259,-0.20442044363813117,-2.7696398971398666
1,18,1.5155471993048042,-1.8699173371057682,-3.6040591201091075,1.8065211517960094
1,19,2.648506244187266,-0.7946335220571603,-4.742868039201462,-0.7130317628212701
1,20,-0.6288148446939207,-0.6145572309838506,-0.1945761901556683,1.8384769708792736
1,21,2.580409371008954,0.8776967456724871,-6.998287112621934,0.407347179443558
1,22,0.8375945860449386,-0.8165766999525866,-1.781413706231432,0.7546161363610016
1,23,0.32121234670238574,0.8036971184397632,0.024169778849880363,1.2102643525841619
1,24,1.5108573889122165,2.808878707295136,-2.8215551271651584,2.5369618371210536
1,25,0.46880854673319283,2.374042969758263,1.356254886526394,0.1117189380925633
1,26,2.9017411425533908,2.9414983919850775,-4.638524853028074,4.1770470616486435
1,27,0.639036631387043,2.0755457471355,-1.8954153580335462,-1.7235281799883984
1,28,1.1556010673492656,0.009935059432831572,-1.335069410913303,3.346573160578239
1,29,1.5705996260197215,-0.09272852248831331,-3.6842402823373464,-2.9192968618845505
1,30,2.2247636238965725,0.6140014592916414,-3.523884751021963,5.13531410654394
1,31,-0.3786275570156983,0.3961464303232546,0.6841577226765119,-3.524055203905281
1,32,1.5276523710012198,0.5573004206947274,-3.1658996014562217,4.03325703184567
1,33,0.7719339719007231,1.4715650923630124,-1.0482806229040178,-1.6019181939054419
1,34,0.6105920553197219,0.4200351597630597,-2.514325060857842,4.9613968994115165
1,35,0.4962056020474186,0.5260135376388722,-2.329267717085882,-4.5928184346726635
1,36,1.2199287949947168,2.094770223328572,-0.7244007234374199,6.62608104408068
1,37,-0.522447212570107,0.2508975730601206,0.2312411589731882,-4.906359403089865
1,38,3.9439387977397242,0.14300763932373328,-6.287097796452073,7.092156294925662
1,39,-0.6730583174841784,0.10387711534926103,0.6271455760284537,-4.913162163511047
1,40,2.433939676340178,1.5016460515499575,-5.489232185890937,6.423629935294313
1,41,0.5983603760281206,1.4417732248426514,-1.695395460498034,-5.578059744583191
1,42,2.7223979451471187,2.134905230612234,-5.094492841377539,8.403457481979594
1,43,-0.5338852526038793,2.2013739585488405,-0.5828012782706529,-6.334929735366618
1,44,1.3147936848697408,2.877455302546771,-1.6774551257745218,9.194197068073166
1,45,-0.021220528991541587,0.22203507376076992,-0.7240987168773213,-8.27629395925508
1,46,1.573302019851501,1.8371246115405209,-2.663532067128915,10.60009357812377
1,47,0.6607138006060822,0.25399426496564426,-0.3521701509625519,-9.86383542984093
1,48,1.1664140692335403,0.21267538984121112,-2.367798561514796,10.890771535142491
1,49,1.531966049181206,-0.9214251264956618,-3.507482149556019,-10.890555635017607
2,0,-7.887200839569615,-12.554364359362916,-40.586262110892356,2.9291633955510177
2,1,6.657858886141637,-7.937811070541625,-13.111419214023183,-9.155509696126678
2,2,-2.8720770196571994,-5.21092078209652,4.739006177341104,6.785329438268109
2,3,3.3994657828310286,-2.9086981946838932,-5.800650809784514,-7.607263370842025
2,4,-0.5347912065780204,-0.1579420031249399,1.3128644902416713,9.371167191266533
2,5,2.3893956822294165,-1.2222514800102013,-4.028100762338209,-9.161010695437488
2,6,0.0432602810318827,-2.1646412166279188,-1.3416739512247042,10.778605405706381
2,7,1.4571517314508742,-1.423864943611969,-3.428071829494635,-10.565794751711454
2,8,1.0494698222067742,-1.5300869057354485,-1.6768010101680506,12.47159189100127
2,9,0.6856340304896018,-0.2928201026341042,-0.5684786279245084,-10.121662270473674
2,10,1.364043793216709,1.4291223813457758,-2.3338667351077738,13.729004871225726
2,11,0.1779530024518413,1.364305168017605,-1.1556964598908839,-13.230214736260505
2,12,1.1302164430019888,1.082948303855221,-2.0428987572654513,14.263964821689013
2,13,1.1184217796996272,1.0142351667297245,-2.0296080275757333,-12.30445864881748
2,14,1.1707212654989436,1.3391513986589088,-2.589852619933669,15.727690188769305
2,15,0.9673578255053951,2.450813622641869,-2.5706413644624693,-13.618036064355696
2,16,2.1198973604367186,2.505904483265941,-4.152007203384875,17.04002481897321
2,17,-1.1697880588033713,0.7507721733875037,1.994073874593918,-15.691484942781404
2,18,2.49609006501096,0.2151665158562044,-4.258526062849882,19.27957886827118
2,19,0.4192788099672361,0.544370124670549,-1.686729839090054,-19.746730092616428
2,20,1.495759537231923,1.0787832050890698,-3.270883954738655,22.78606101322316
2,21,0.8606385838711427,-0.35769253779609067,-1.396598288164396,-23.127001838119323
2,22,2.468468194967591,-0.27070163761664096,-4.288170927390813,25.931818679745323
2,23,-0.5184322267476669,-0.8668659353496824,0.5708805923552634,-26.333291634926987
2,24,1.8873384308525913,-0.43420784786575845,-3.2668766408884773,29.876083375878657
2,25,1.000863164643326,-0.12546446567852848,-3.3818136654503386,-31.40805378126654
2,26,2.052187735613849,0.204007242986394,-3.8360353240100085,34.377819279171945
2,27,-1.3411534191540448,-0.21947803644781216,3.3651404635649698,-33.995848235180866
2,28,2.7906701032546173,0.5395129609335382,-6.6376047061756385,37.77355281702395
2,29,-0.4735991588185396,1.1690808202374734,1.057163824702322,-38.424936009448146
2,30,2.1441980412811072,2.264975172955987,-4.032261278379181,44.3030399647834
2,31,0.9501432629542602,0.46148930016595746,-1.3202507859445776,-44.71315837106353
2,32,0.38330587107935643,1.4718575149909339,-1.428277587033883,49.87511205083052
2,33,2.767988624541546,2.2699548120316972,-3.9014668184445025,-50.17395224922739
2,34,-0.19823228461431075,1.2553344231859995,-0.3655085985855061,55.24819251829967
2,35,0.8048859651539572,0.416532181104778,-2.161946689810249,-58.33005315951145
2,36,1.4139573755556758,0.653321533923129,-2.180440600951433,63.3976226800332
2,37,0.5729262302138828,0.9633456534550313,-0.3411664387665445,-64.37796678408506
2,38,1.8666633847527696,0.771557764239553,-2.986692122442686,70.376396635537
2,39,1.1477726353747377,1.8030939523916332,-2.8304662245125596,-72.76206320944691
2,40,1.5333204938332896,2.2252877164164193,-5.567521399424419,80.72373741586615
2,41,1.2012654294533074,2.1519965772163747,-2.3599261157068865,-83.34171996167342
2,42,1.352694292005896,1.0097113018197503,-4.449066099841583,90.59572409443396
2,43,0.4944855890903669,0.3641560920700504,-1.6261454059349183,-95.53415223489579
2,44,2.332823446447595,0.459895149753543,-4.355112204240638,104.07392879884759
2,45,-0.08772125863822511,0.4496421976049921,0.538233185570811,-107.33454941995139
2,46,2.855517778943259,-1.0163724207624092,-4.985805739377115,114.03977082889782
2,47,0.3315077466073708,0.1047322122927864,-0.17446679707454726,-120.50917279721618
2,48,2.5209853242740765,0.2909204481870488,-5.072937777510197,128.6543835528852
2,49,-1.0088908798887843,-1.125323130456793,0.8484176527401236,-137.09054488879826
3,0,-1.5280888680197147,-2.0564239321293174,-7.674794117297589,0.8145666483134678
3,1,2.3391943724773725,-4.542715505349065,-5.478490522786727,-4.6133174235152605
3,2,-0.08106064532942123,-2.7684708872444284,-0.7733224286349377,4.889867650220021
3,3,1.8983466077038402,-1.6810468116041937,-4.50230701625194,-4.802478643697012
3,4,0.5178119908371417,0.741369665908491,-1.3412043561751004,7.480060030761788
3,5,-0.052898434001765526,0.17799914574301676,0.7118269060054858,-8.830184022010846
3,6,1.3622917377920543,1.3480938788846946,-4.436704135323769,12.394424373505517
3,7,0.37861484629415,0.4597514136379137,-1.2954139556221227,-11.293252062561272
3,8,1.3495059118994654,1.3767190418839028,-2.2324388002371043,13.203798313210845
3,9,0.7870842038827536,1.292332876741322,-1.1751630710329692,-11.482215661179458
3,10,1.331901876176308,0.9653376504505458,-3.051958347073195,14.794446246310878
3,11,-0.616111604696693,2.2693905359617212,-0.12833814876095428,-12.831014967147192
3,12,1.1471729543144988,0.9963061844409922,-3.5056737897627888,14.961354506587046
3,13,0.6280388576244608,0.5386833543092955,-1.5392411134581678,-13.721028986585123
3,14,1.41392641290691,0.32431955170951854,-2.5741310846944394,15.036810596807973
3,15,0.01640706355282584,-0.9385239060842143,-0.3348530079655446,-15.04129201645671
3,16,1.7134083175324661,-0.4586600866123793,-4.0208594519975875,15.276574110487752
3,17,2.2501470754839374,-0.13893400967790903,-5.019710460172234,-15.209603446289876
3,18,0.46765462348438774,0.24202537129471127,-0.7922597624421066,17.943513433751704
3,19,0.8599848297713273,1.5468308074314963,-0.6532765487021914,-18.014655346214447
3,20,0.8376311088406468,0.8937995495514705,-2.9267163977769477,19.720002338622407
3,21,0.6991617510503683,0.4343767848786516,-0.6326740935293029,-19.429859155134416
3,22,2.206260922558365,2.57418260443786,-4.011889846715198,23.73011242144848
3,23,-0.2904492419108742,0.345601133016491,-0.25340145834721295,-24.230594521735572
3,24,2.035562454001068,1.7037971746142992,-4.745175822055355,27.653225505996083
3,25,-1.255303772855885,0.9025771417790938,0.1740582925743528,-27.336918456585597
3,26,2.3970189534793414,1.9800302234682776,-5.121296056096952,33.3609731005309
3,27,1.5842492837585609,1.906903355225986,-4.141328519937262,-33.596116344299745
3,28,-0.38956442671684155,0.2655576196867372,0.3270144541179,37.54682101857806
3,29,1.4591752792242838,1.0221559161632996,-3.490926468097778,-38.77251961767873
3,30,1.1085402901451555,1.0070923383264097,-2.871437992347704,42.93790698565809
3,31,0.987509544815727,0.8211229042223394,-2.8356582019756083,-43.95872340333687
3,32,1.4322162455418677,0.483311760411837,-4.573042407858809,48.131933713073984
3,33,0.8183252155628076,0.8269748990085348,-3.2834864626707265,-48.40547941631826
3,34,0.7160012778736435,1.7252288291209177,-3.0151692588675667,53.92067940205825
3,35,1.8445462228287561,0.6364136925923526,-2.8226271843265667,-55.5219835717846
3,36,1.0432600859887144,-1.4076716780280256,-1.5687054535186202,58.71427508963669
3,37,0.7341683031938101,0.021254557574954536,-3.3076259998474864,-59.70384062725848
3,38,1.4910022549137931,-1.0862695074845035,-3.190856340787135,62.844116111798535
3,39,-0.904087534576519,-0.6159890903933642,2.0192415441892226,-65.64494252944742
3,40,2.334382287257826,-0.4609083988719239,-5.233082528926718,71.85193381177696
3,41,-0.01855030359427115,-0.2819472106807225,1.4720043443382125,-77.99073348065176
3,42,2.2880839398018677,-1.863005108008318,-3.8834687916332857,82.63048700129731
3,43,0.07507770870060368,-1.7076975789404605,1.3389394457292796,-86.66999463701846
3,44,3.0094112150151746,-0.7986304051995703,-6.9025095507723755,92.98204436651963
3,45,-2.2936399448761535,-0.5987754283556974,4.592687376655446,-98.89664792567338
3,46,4.034814899971944,1.1760114596722206,-8.472731279017344,106.39195966777604
3,47,-2.084975604632561,0.9400566495372722,2.6139970460674755,-111.3229895934813
3,48,2.299930123389245,0.34255557004425385,-2.8004357373839763,121.45145636474865
3,49,-0.7902385422892343,0.5063188781723729,0.2801190882361069,-128.14822401386155
4,0,-2.989687425916042,-3.9394718017429167,-13.377964371396065,0.8660768832046722
4,1,3.15095001863239,-1.9540576918006163,-6.2967436096178275,-2.220051455090483
4,2,-0.6209931207642004,-2.061544651618879,1.1020728205367516,3.1258577985374822
4,3,1.6348673949027126,-0.3844200668279947,-4.057416396137235,-2.5561478878794617
4,4,1.3365318802843444,-0.30901110765903905,-3.027849518758764,2.299906227481014
4,5,-1.11335759873857,-0.6563636200394455,2.48326952675792,-1.1551709996063133
4,6,1.8203489311179135,-0.7870629831253827,-4.426532403223592,2.928025268511229
4,7,-0.5997124708720956,-1.8203556566701788,-0.1019794326587784,-2.4125474576571815
4,8,2.1312413310572706,-0.6332252895240498,-3.339255296620199,3.6555175308942416
4,9,-0.10215035965087188,-1.9457613399003026,-1.3183490830242237,-4.7050025977061996
4,10,1.7707478595465036,-0.3136897788373094,-3.3070051247929166,5.739063121585845
4,11,1.532748424816162,0.2771227061298251,-3.8988078223156224,-3.472937292812347
4,12,-0.2576598677796961,-0.6644966616994978,0.6839294502860624,4.301275365619151
4,13,1.4817249176869989,0.37342056965443293,-3.7217930179509384,-3.65021030982127
4,14,0.054940914871369095,-0.45898079897881866,-0.1648225165648733,5.356705230929159
4,15,2.226272567589113,0.8759335991789039,-3.616560682152387,-3.1052762041262723
4,16,-0.5081761829887457,0.9163272535283673,0.5622947753050687,4.157782806650347
4,17,2.8057730067180793,0.3909656166699158,-6.7175990213259675,-2.274369300761216
4,18,0.07911815503379199,0.4026047049932576,1.0061385230883129,3.2537920606963704
4,19,1.0082027567806422,0.5654864479049346,-1.3915912434587892,-2.5136007626786863
4,20,0.8780748366978809,0.38278269000278886,-2.8549365219726806,5.077605440897572
4,21,2.0089148638953365,2.237608767581297,-4.414921252851834,-2.370121786933903
4,22,-0.8036019409202919,2.8551531453398384,0.1330623183086479,5.441953471531853
4,23,2.5371087328445996,3.815178817741725,-5.56880519203199,-0.6471231760566301
4,24,0.7243635765062083,2.9008176083774395,-1.092028905215723,3.6951345914226836
4,25,-1.2309931291549645,2.3814207086391344,1.500947073943158,-2.3338165650452254
4,26,1.093669263330698,1.9397442715122701,-2.0227689932134125,4.438528708507545
4,27,-0.7980235879768464,0.26426932604764175,2.31009561386006,-2.2176307350557547
4,28,2.5554615123508575,0.6621358093177141,-4.803702543233813,3.6541283169551004
4,29,0.4199729474312038,-0.7902082916002799,-2.0592924103664743,-3.0063195717652236
4,30,2.304464440454928,0.9021098223022124,-4.273034970330571,5.706391090998835
4,31,-1.1033770648543202,0.44943431615154794,2.269393107358204,-4.508293500956365
4,32,0.711963285296674,0.15489601710774464,-0.6731903096200446,6.808461319334199
4,33,1.8347332412854902,0.8494239627752794,-3.7411416327535805,-6.544462121404325
4,34,0.13037238431924586,-0.41008649786805096,0.03734610181938658,8.640701847512013
4,35,1.7786029788686188,-0.7261865833601583,-3.604014612721442,-8.562045529264164
4,36,-1.1339938366066524,-1.2710572759455139,1.3884916148795508,9.347961452435108
4,37,3.1630052092920433,-1.3248789349505008,-5.35621428411933,-8.426299361300241
4,38,-0.10921404584769312,-0.8215684418188915,-1.1119359027106226,9.943891357118586
4,39,1.2972813333267759,-0.624355380049341,-2.51718194882636,-9.484437376026637
4,40,1.408390841704565,-1.1151735997969616,-3.384641764382489,9.511276239780312
4,41,0.09798260468459508,-1.6428386221411237,-0.517977604315116,-10.162633677446538
4,42,1.6588818541471277,-1.8915577018779166,-3.662134616205894,9.632586766420543
4,43,0.11163239973332284,-1.40767402662712,-0.648759759655412,-8.093648936410768
4,44,2.023637242573074,0.3895832733784115,-4.660021477803635,9.366662051758006
4,45,1.2390657482715368,-0.42857863382728645,-2.040640058348681,-8.53021049699467
4,46,0.7256590771862999,-0.17188828369671882,-1.6863578824753478,9.14729622260123
4,47,0.4225308697521233,-0.821923135368035,0.39258133880222346,-8.860126469607529
4,48,2.8478320345025665,-0.2766495669970799,-5.255943811658412,10.118637142434578
4,49,-0.2093639131774368,-0.3152152725875157,-0.6077736263316413,-11.541531411930686
5,0,-3.189894491369641,-4.7676087358239725,-13.957533404871898,-0.33179078883318525
