DAG
VAR01 has 3 parent(s): {DEFAULTING, GlobalHidden_0, GlobalHidden_1}
VAR02 has 3 parent(s): {DEFAULTING, GlobalHidden_0, GlobalHidden_1}
VAR03 has 3 parent(s): {DEFAULTING, GlobalHidden_0, GlobalHidden_1}
VAR04 has 3 parent(s): {DEFAULTING, GlobalHidden_0, GlobalHidden_1}
VAR07 has 3 parent(s): {DEFAULTING, GlobalHidden_0, GlobalHidden_1}
VAR08 has 3 parent(s): {DEFAULTING, GlobalHidden_0, GlobalHidden_1}
VAR09 has 3 parent(s): {DEFAULTING, GlobalHidden_0, GlobalHidden_1}
VAR10 has 3 parent(s): {DEFAULTING, GlobalHidden_0, GlobalHidden_1}
VAR11 has 3 parent(s): {DEFAULTING, GlobalHidden_0, GlobalHidden_1}
VAR12 has 3 parent(s): {DEFAULTING, GlobalHidden_0, GlobalHidden_1}
VAR13 has 3 parent(s): {DEFAULTING, GlobalHidden_0, GlobalHidden_1}
VAR14 has 3 parent(s): {DEFAULTING, GlobalHidden_0, GlobalHidden_1}
DEFAULTING has 0 parent(s): {}
GlobalHidden_0 has 0 parent(s): {}
GlobalHidden_1 has 0 parent(s): {}

Sample	GlobalHidden_0	GlobalHidden_1
7874	-279.05986557600363	18.974420897347713	0.9819659639319278	NaN	NaN
7906	-282.36762892584585	39.456809609064045	0.9716670882873767	NaN	NaN
8225	-292.52414614892444	33.414360631832444	0.9693617021276596	NaN	NaN
8052	-284.66044556075167	0.35005116578332707	0.9706905116741182	NaN	NaN
8095	-283.89221295394526	56.340275831408	0.9705991352686844	NaN	NaN
8176	-286.91310158858596	58.64468730722625	0.9700342465753424	NaN	NaN
8189	-286.49847109322366	57.65596046349765	0.9695933569422396	NaN	NaN
8205	-289.8629940142254	56.19069987549006	0.9692870201096893	NaN	NaN
8419	-296.70051714573515	62.58231141986988	0.9681672407649364	NaN	NaN
8112	-286.126862982578	55.03352255448539	0.967948717948718	NaN	NaN
8085	-282.5362461251026	40.65192877332413	0.9670995670995671	NaN	NaN
8116	-285.92199617645065	36.749517599551375	0.9662395268605224	NaN	NaN
8146	-285.81753246220984	35.143976083686795	0.9653817824699239	NaN	NaN
8191	-285.7131089521918	33.6057261534618	0.9663044805274081	NaN	NaN
8529	-299.5375393527399	28.326081629905747	0.9671708289365694	NaN	NaN
8284	-288.98050207448364	35.49797171293766	0.9669241912119749	NaN	NaN
8195	-285.3977236354051	36.179967958892156	0.9691275167785235	NaN	NaN
8294	-288.775090826017	39.06908168537629	0.9685314685314685	NaN	NaN
8286	-288.67567700332586	43.40132246270546	0.9701906830798938	NaN	NaN
8253	-288.5779815399725	41.816184777813206	0.970192657215558	NaN	NaN
8489	-295.4312501400904	44.86366110561556	0.9703145246789964	NaN	NaN
8261	-288.3823097277595	39.9714279639284	0.971189928580075	NaN	NaN
8296	-288.28315850228375	25.522781958148606	0.9722757955641272	NaN	NaN
8315	-291.6511570003034	19.824919331077623	0.9741431148526759	NaN	NaN
8257	-288.07215501490987	18.685510576666463	0.975172580840499	NaN	NaN
8235	-287.9643117529496	20.132487589943022	0.9764420157862781	NaN	NaN
8435	-294.7859330539582	11.849112948773907	0.9766449318316538	NaN	NaN
8262	-287.7397285163032	17.110403863693836	0.976640038731542	NaN	NaN
8052	-280.70619058103364	16.45813799151256	0.9771485345255837	NaN	NaN
8118	-284.071966589375	20.54616220676088	0.9775806848977581	NaN	NaN
8085	-280.50977421913507	25.195697047460254	0.9773654916512059	NaN	NaN
8066	-280.4146177354674	26.701622811927844	0.9764443342424994	NaN	NaN
8258	-287.2378276048994	31.249848331032386	0.9765076289658513	NaN	NaN
7930	-276.7601729831082	26.118794604249178	0.9766708701134931	NaN	NaN
7895	-273.2069116432551	16.11751012085731	0.9763141228625712	NaN	NaN
8035	-280.028121719124	15.924426421298781	0.9774735532047293	NaN	NaN
7983	-276.471162221848	14.04255507161356	0.9764499561568333	NaN	NaN
7951	-276.37257216203403	10.738346159026	0.9769840271663942	NaN	NaN
8145	-283.173453522366	5.344047700052703	0.9765500306936771	NaN	NaN
7950	-276.15953971364326	8.954445874267083	0.9772327044025158	NaN	NaN
7932	-276.0579176135892	7.719367614860961	0.9774331820474029	NaN	NaN
7981	-275.9576517545817	11.184114804350608	0.9768199473750157	NaN	NaN
7934	-275.8635816862474	18.682915824474666	0.9771867910259642	NaN	NaN
8052	-279.21804981672096	21.509604588716734	0.9775211127670144	NaN	NaN
8247	-286.0147839724083	23.784809134924693	0.9764762944100885	NaN	NaN
8064	-279.0228153325911	18.828178754583206	0.9759424603174603	NaN	NaN
8067	-278.92029663856925	13.176318517491927	0.9753315978678567	NaN	NaN
8285	-285.6301463791649	1.3293309393450776	0.9744115872057936	NaN	NaN
8117	-281.9981100560236	9.942214724873988	0.9744979672292718	NaN	NaN
8078	-278.4497167389755	14.219497271116156	0.9748700173310225	NaN	NaN
8296	-285.2510216047306	14.040811267699805	0.9755303760848602	NaN	NaN
8162	-281.7407693106947	14.400038950154315	0.9747610879686351	NaN	NaN
8141	-281.667476121227	14.076219911323292	0.9748188183269868	NaN	NaN
8394	-289.92681938402916	74.54907277581817	0.9740290683821777	NaN	NaN
8285	-283.7089637831035	121.73862962461318	0.9857573928786965	NaN	NaN
8236	-283.65142426414747	126.6463324093491	0.9853084021369597	NaN	NaN
8474	-290.5132913159076	133.77967826862982	0.9841869247108803	NaN	NaN
8269	-283.6793167971992	129.60758554312585	0.9848832990688112	NaN	NaN
8380	-286.9266521176705	124.0168189187892	0.9841288782816229	NaN	NaN
8642	-297.00108943904223	126.32523216979733	0.9831057625549642	NaN	NaN
7777	-266.8782090252188	127.70612848746674	0.9845698855599846	NaN	NaN
7771	-266.9350044116155	135.38987254303146	0.9848153390811993	NaN	NaN
7837	-270.1536727852686	132.90257018600732	0.983284420058696	NaN	NaN
7684	-263.43366891379446	132.98706018168855	0.9834721499219157	NaN	NaN
7642	-264.10776088331306	136.92346672578057	0.9842973043705836	NaN	NaN
7770	-272.263835340484	139.28508140196436	0.9835263835263836	NaN	NaN
7620	-262.707015805954	152.17560021974546	0.9849081364829396	NaN	NaN
7580	-259.45629282152225	154.4147693542289	0.9857519788918205	NaN	NaN
7683	-263.06723117270155	166.24035448048338	0.9838604711701159	NaN	NaN
7521	-259.2066836691655	160.61230583081456	0.9841776359526658	NaN	NaN
7498	-256.12577861871	151.4587409950839	0.9838623632968791	NaN	NaN
7646	-263.5841648302711	153.1100506394572	0.9833900078472404	NaN	NaN
7507	-263.48031577776925	147.2603975597247	0.9836152923937658	NaN	NaN
7476	-255.2912572346939	147.30603201866077	0.9847512038523274	NaN	NaN
7483	-255.23664553316857	145.1852939656175	0.9846318321528799	NaN	NaN
7314	-251.50833680545512	147.35917837632718	0.9861908668307355	NaN	NaN
7241	-248.06206278629523	139.83895485872642	0.9871564701008148	NaN	NaN
7340	-251.68751875360863	156.58097673392368	0.987874659400545	NaN	NaN
7216	-248.37010986809216	164.11373557268658	0.9890521064301552	NaN	NaN
7234	-248.4505379520528	165.56731812295578	0.9890793475255737	NaN	NaN
7296	-248.72667998348172	173.71364168141818	0.9898574561403509	NaN	NaN
7187	-245.05180324326324	162.77948432393922	0.9909558925838319	NaN	NaN
7228	-248.10833428627382	154.2948658063234	0.990868843386829	NaN	NaN
learning evaluation instances,evaluation time (cpu seconds),model cost (RAM-Hours),classified instances,classifications correct (percent),Kappa Statistic (percent),Kappa Temporal Statistic (percent),model training instances,model serialized size (bytes)
1000.0,40.2170578,-1.0404181614932086E-11,1000.0,98.8,13.793103448275367,40.0,1000.0,-1.0
2000.0,43.8986814,-1.1356620273242393E-11,2000.0,99.1,46.73295454545422,65.38461538461539,2000.0,-1.0
3000.0,46.5662985,-1.2046734724814692E-11,3000.0,98.5,20.65171392297886,53.125,3000.0,-1.0
4000.0,51.2151283,-1.3249390318782792E-11,4000.0,98.1,0.0,44.11764705882353,4000.0,-1.0
5000.0,57.5019686,-1.4875800400558444E-11,5000.0,97.2,21.66517457475373,54.83870967741935,5000.0,-1.0
6000.0,63.1960051,-1.634885171531803E-11,6000.0,98.7,13.031843724913376,50.0,6000.0,-1.0
7000.0,68.0476362,-1.7603972150633733E-11,7000.0,98.5,11.326554741073682,46.42857142857143,7000.0,-1.0
8000.0,72.1816627,-1.867344776271946E-11,8000.0,87.0,-0.7252215954875474,-96.96969696969713,8000.0,-1.0
9000.0,77.6728979,-2.0094034236131444E-11,9000.0,99.3,22.083704363312417,56.25,9000.0,-1.0
10000.0,85.7069494,-2.217244910490182E-11,10000.0,99.2,33.11036789297637,60.0,10000.0,-1.0
11000.0,93.2261976,-2.411768399178982E-11,11000.0,98.4,10.942892129577649,52.94117647058824,11000.0,-1.0
12000.0,99.5910384,-2.5764272858699164E-11,12000.0,98.0,22.666460443894604,52.38095238095239,12000.0,-1.0
13000.0,110.9011109,-2.869019670308464E-11,13000.0,98.0,16.359986617597553,52.38095238095239,13000.0,-1.0
14000.0,120.1051699,-3.107129334886041E-11,14000.0,98.3,-0.18859028760037738,46.875,14000.0,-1.0
15000.0,133.7396573,-3.459854499022994E-11,15000.0,98.8,0.0,50.0,15000.0,-1.0
16000.0,150.0105616,-3.880783956911829E-11,16000.0,86.9,-2.1299154894439423,-104.68750000000017,16000.0,-1.0
17000.0,166.1566651,-4.2984848091792734E-11,17000.0,99.1,39.64592274678076,59.09090909090909,17000.0,-1.0
18000.0,177.5135379,-4.592287920725843E-11,18000.0,99.0,16.513608281850292,54.54545454545454,18000.0,-1.0
19000.0,196.5144597,-5.083843126582603E-11,19000.0,98.2,24.60417190248784,57.14285714285714,19000.0,-1.0
20000.0,214.9381778,-5.560466031440431E-11,20000.0,98.0,27.979834353619136,52.38095238095239,20000.0,-1.0
21000.0,220.3046122,-5.6992960731602385E-11,21000.0,97.7,33.625764746623545,60.3448275862069,21000.0,-1.0
22000.0,227.5586587,-5.886958774903583E-11,22000.0,98.2,0.0,50.0,22000.0,-1.0
23000.0,232.6754915,-6.019331605380608E-11,23000.0,98.4,0.0,50.0,23000.0,-1.0
24000.0,239.6331361,-6.19932636877315E-11,24000.0,96.3,13.470533208606138,52.5641025641025,24000.0,-1.0
25000.0,256.6996455,-6.640838187498352E-11,25000.0,89.1,-0.18382352941174446,-395.454545454545,25000.0,-1.0
26000.0,266.0129052,-6.881772881994646E-11,26000.0,99.1,39.710610932475596,62.5,26000.0,-1.0
27000.0,272.8145488,-7.057731888360448E-11,27000.0,98.4,0.0,50.0,27000.0,-1.0
28000.0,282.8454131,-7.317231065179739E-11,28000.0,98.4,19.710959454034235,50.0,28000.0,-1.0
29000.0,293.3442804,-7.588837513079246E-11,29000.0,98.1,23.596589995174458,56.81818181818182,29000.0,-1.0
30000.0,300.5671267,-7.775693063417242E-11,30000.0,98.4,19.710959454034235,55.55555555555556,30000.0,-1.0
31000.0,310.1923884,-8.024699271967013E-11,31000.0,98.7,0.0,50.0,31000.0,-1.0
32000.0,318.554042,-8.241015848600201E-11,32000.0,96.2,4.814388056710532,49.99999999999993,32000.0,-1.0
33000.0,327.2744979,-8.466614666394889E-11,33000.0,89.2,0.0,-439.99999999999943,33000.0,-1.0
34000.0,341.1585869,-8.825797041774623E-11,34000.0,99.3,36.15468807004786,61.111111111111114,34000.0,-1.0
35000.0,351.3454522,-9.089331975620653E-11,35000.0,99.0,16.387959866220456,50.0,35000.0,-1.0
36000.0,361.1111148,-9.341970365494489E-11,36000.0,98.0,8.91702340832458,50.0,36000.0,-1.0
37000.0,378.2712248,-9.785903638435734E-11,37000.0,97.89999999999999,27.083333333333385,57.99999999999999,37000.0,-1.0
38000.0,394.5577292,-1.0207236672027243E-10,38000.0,98.0,8.759124087590909,50.0,38000.0,-1.0
39000.0,409.8770274,-1.0603548012052972E-10,39000.0,98.8,0.0,50.0,39000.0,-1.0
40000.0,421.9983051,-1.0917126333030561E-10,40000.0,96.6,5.371555802950143,49.999999999999915,40000.0,-1.0
41000.0,440.0944211,-1.1385274148132237E-10,41000.0,88.7,-0.8928571428570438,-276.6666666666663,41000.0,-1.0
42000.0,447.5044686,-1.1576972606902321E-10,42000.0,99.2,33.031977230872265,55.55555555555556,42000.0,-1.0
43000.0,460.8425541,-1.192202983268847E-10,43000.0,98.9,0.0,50.0,43000.0,-1.0
44000.0,480.3582792,-1.2426903036733467E-10,44000.0,98.0,22.666460443894604,52.38095238095239,44000.0,-1.0
45000.0,497.9083917,-1.2880925702241558E-10,45000.0,98.2,9.828674481514957,52.63157894736842,45000.0,-1.0
46000.0,515.3493035,-1.3332123337830934E-10,46000.0,98.4,37.96044978673894,61.904761904761905,46000.0,-1.0
47000.0,528.0321848,-1.3660230384104782E-10,47000.0,98.3,0.0,48.484848484848484,47000.0,-1.0
48000.0,552.1811396,-1.4284965571843916E-10,48000.0,97.1,6.270200387847602,52.459016393442624,48000.0,-1.0
49000.0,570.7920589,-1.476643138513383E-10,49000.0,87.6,2.831977682699395,-106.66666666666649,49000.0,-1.0
50000.0,582.9601369,-1.5081220433219442E-10,50000.0,99.5,61.32425742574236,72.22222222222221,50000.0,-1.0
51000.0,588.6541734,-1.52285255646954E-10,51000.0,98.8,0.0,50.0,51000.0,-1.0
52000.0,593.8334066,-1.536251269798312E-10,52000.0,98.1,29.05153099327828,56.81818181818182,52000.0,-1.0
53000.0,600.8534516,-1.5544121764186355E-10,53000.0,98.3,18.753584400688343,51.42857142857142,53000.0,-1.0
54000.0,603.4742684,-1.5611922482235563E-10,54000.0,98.2,24.60417190248784,56.09756097560976,54000.0,-1.0
55000.0,605.8298835,-1.5672862413339315E-10,55000.0,98.3,18.753584400688343,55.26315789473685,55000.0,-1.0
56000.0,608.5443009,-1.5743084585604566E-10,56000.0,97.8,7.995985279357306,50.0,56000.0,-1.0
57000.0,618.3411637,-1.5996530126883749E-10,57000.0,86.2,-1.9850126372732795,-64.28571428571436,57000.0,-1.0
58000.0,620.8683799,-1.6061909390716913E-10,58000.0,99.4,56.89655172413768,70.0,58000.0,-1.0
59000.0,623.535997,-1.6130920835874143E-10,59000.0,98.6,12.335629304946917,53.333333333333336,59000.0,-1.0
60000.0,626.1256136,-1.6197914402518004E-10,60000.0,98.5,11.598302687411431,53.125,60000.0,-1.0
61000.0,628.7464304,-1.6265715120567213E-10,61000.0,98.5,28.20218265364734,55.88235294117647,61000.0,-1.0
62000.0,631.80405,-1.634481595829129E-10,62000.0,98.0,16.359986617597553,54.54545454545454,62000.0,-1.0
63000.0,634.5808678,-1.6416652433367238E-10,63000.0,97.8,8.157301494531222,52.17391304347826,63000.0,-1.0
64000.0,637.3576856,-1.6488488908443185E-10,64000.0,98.8,24.73657802308052,57.14285714285714,64000.0,-1.0
65000.0,651.2573747,-1.6848074859525593E-10,65000.0,85.39999999999999,-1.7464144842292326,-46.00000000000005,65000.0,-1.0
66000.0,653.8157911,-1.6914261274764105E-10,66000.0,99.0,28.32568807339425,58.333333333333336,66000.0,-1.0
67000.0,656.6706094,-1.698811562835342E-10,67000.0,99.2,33.11036789297637,60.0,67000.0,-1.0
68000.0,659.2758261,-1.7055512770699956E-10,68000.0,97.89999999999999,8.520648196550189,52.27272727272727,68000.0,-1.0
69000.0,662.692248,-1.7143895849585532E-10,69000.0,98.3,31.539948453608396,57.49999999999999,69000.0,-1.0
70000.0,666.2490708,-1.7235911109795173E-10,70000.0,97.7,20.260712799888932,54.0,70000.0,-1.0
71000.0,670.0398951,-1.733398000554492E-10,71000.0,98.1,9.351145038167767,52.5,71000.0,-1.0
72000.0,672.7543125,-1.740420217781017E-10,72000.0,98.7,23.258559622196216,56.666666666666664,72000.0,-1.0
73000.0,675.5935307,-1.7477652955696813E-10,73000.0,95.3,10.815939278937439,51.04166666666661,73000.0,-1.0
74000.0,678.8695517,-1.7562403853258324E-10,74000.0,88.2,2.563086272955473,-145.83333333333312,74000.0,-1.0
75000.0,681.5839691,-1.7632626025523574E-10,75000.0,99.5,54.34623813002172,68.75,75000.0,-1.0
76000.0,684.0019846,-1.7695180259438023E-10,76000.0,98.4,10.942892129577649,52.94117647058824,76000.0,-1.0
77000.0,685.9051968,-1.7744416495164235E-10,77000.0,97.8,8.157301494531222,52.17391304347826,77000.0,-1.0
78000.0,687.808409,-1.7793652730890447E-10,78000.0,97.89999999999999,15.689738236711163,54.347826086956516,78000.0,-1.0
79000.0,689.9144225,-1.784813545075142E-10,79000.0,97.7,14.358057789693426,52.083333333333336,79000.0,-1.0
80000.0,692.4104385,-1.7912707563179236E-10,80000.0,98.8,32.99832495812424,60.0,80000.0,-1.0
81000.0,694.9376547,-1.79780868270124E-10,81000.0,96.2,13.150797641358567,50.64935064935058,81000.0,-1.0
82000.0,697.9016737,-1.8054766210520434E-10,82000.0,87.7,0.27889479828763475,-115.78947368421034,82000.0,-1.0
83000.0,700.5224905,-1.8122566928569643E-10,83000.0,99.4,49.7739829231542,66.66666666666666,83000.0,-1.0
84000.0,703.1277072,-1.8189964070916178E-10,84000.0,98.9,26.411560074926705,57.692307692307686,84000.0,-1.0
85000.0,705.6549234,-1.8255343334749342E-10,85000.0,97.2,6.316916488223042,50.0,85000.0,-1.0
86000.0,708.2913403,-1.8323547628501224E-10,86000.0,98.4,10.942892129577649,52.94117647058824,86000.0,-1.0
87000.0,710.740556,-1.838690901382102E-10,87000.0,97.6,7.3502161828285635,47.82608695652174,87000.0,-1.0
88000.0,713.3457727,-1.8454306156167556E-10,88000.0,98.5,11.598302687411431,50.0,88000.0,-1.0
89000.0,715.8417887,-1.8518878268595373E-10,89000.0,96.5,5.220970537261514,48.5294117647058,89000.0,-1.0
90000.0,718.3690049,-1.8584257532428537E-10,90000.0,87.1,-1.9472719226149255,-108.06451612903207,90000.0,-1.0
91000.0,720.9742216,-1.8651654674775073E-10,91000.0,99.3,45.904173106646276,65.0,91000.0,-1.0
92000.0,723.6418387,-1.8720666119932302E-10,92000.0,98.9,26.411560074926705,57.692307692307686,92000.0,-1.0
93000.0,726.0910544,-1.8784027505252098E-10,93000.0,97.1,16.685819351873203,51.66666666666667,93000.0,-1.0
94000.0,728.056667,-1.8834878043789005E-10,94000.0,98.0,16.226857669430935,52.38095238095239,94000.0,-1.0
95000.0,730.2094808,-1.8890571490757997E-10,95000.0,97.39999999999999,6.963429471122885,50.0,95000.0,-1.0
96000.0,732.1594933,-1.894101845359223E-10,96000.0,98.3,25.69930069930103,55.26315789473685,96000.0,-1.0
97000.0,734.3591074,-1.8997922627669244E-10,97000.0,97.5,13.470856984632434,53.70370370370371,97000.0,-1.0
98000.0,737.3075263,-1.9074198435474603E-10,98000.0,86.4,0.8327135377929274,-70.0000000000001,98000.0,-1.0
99000.0,740.2715453,-1.9150877818982637E-10,99000.0,99.2,33.11036789297637,60.0,99000.0,-1.0
100000.0,742.4867595,-1.9208185568762324E-10,100000.0,98.8,44.97432134996339,62.5,100000.0,-1.0
101000.0,744.7331739,-1.926630046994736E-10,101000.0,98.1,17.088497119916312,50.0,101000.0,-1.0
102000.0,747.6035923,-1.934055839923935E-10,102000.0,98.2,24.60417190248784,55.00000000000001,102000.0,-1.0
103000.0,750.5832114,-1.9417641358450057E-10,103000.0,97.3,0.0,48.07692307692308,103000.0,-1.0
104000.0,753.2508285,-1.9486652803607286E-10,104000.0,97.8,14.933106488284063,50.0,104000.0,-1.0
105000.0,756.1056468,-1.9560507157196602E-10,105000.0,97.0,-0.5429318318922022,42.30769230769231,105000.0,-1.0
106000.0,759.1164661,-1.9638397267812656E-10,106000.0,85.6,-0.3526279844452695,-50.00000000000006,106000.0,-1.0
107000.0,761.9400842,-1.9711444469996624E-10,107000.0,99.1,30.534115467737315,59.09090909090909,107000.0,-1.0
108000.0,764.2956993,-1.9772384401100376E-10,108000.0,98.7,13.031843724913376,45.83333333333333,108000.0,-1.0
109000.0,767.2285181,-1.9848256633203062E-10,109000.0,98.3,10.356464880827184,46.875,109000.0,-1.0
110000.0,770.488939,-1.99326039550619E-10,110000.0,98.3,18.753584400688343,52.77777777777778,110000.0,-1.0
111000.0,773.9053609,-2.0020987033947476E-10,111000.0,97.89999999999999,0.0,47.5,111000.0,-1.0
112000.0,776.5573779,-2.0089594903402032E-10,112000.0,98.0,8.91702340832458,50.0,112000.0,-1.0
113000.0,780.0206001,-2.0179188709395628E-10,113000.0,97.7,7.66018949735032,47.72727272727273,113000.0,-1.0
114000.0,783.1874204,-2.0261114577038421E-10,114000.0,84.8,-1.4374758084967159,-35.71428571428575,114000.0,-1.0
115000.0,786.2138398,-2.033940826335715E-10,115000.0,98.9,26.411560074926705,57.692307692307686,115000.0,-1.0
116000.0,789.1778588,-2.0416087646865183E-10,116000.0,98.9,34.78776381313722,50.0,116000.0,-1.0
117000.0,792.4226796,-2.0500031393021346E-10,117000.0,98.3,10.356464880827184,50.0,117000.0,-1.0
118000.0,795.8391015,-2.0588414471906922E-10,118000.0,98.2,24.60417190248784,57.14285714285714,118000.0,-1.0
119000.0,798.7407201,-2.066347955260426E-10,119000.0,98.4,32.88590604026863,60.0,119000.0,-1.0
120000.0,801.7515394,-2.0741369663220315E-10,120000.0,97.89999999999999,15.689738236711163,52.27272727272727,120000.0,-1.0
121000.0,804.5751575,-2.0814416865404284E-10,121000.0,98.4,26.793557833089576,55.55555555555556,121000.0,-1.0
122000.0,807.929179,-2.0901185641479163E-10,122000.0,95.19999999999999,13.49792755451431,50.515463917525715,122000.0,-1.0
123000.0,811.4080013,-2.0991183023175433E-10,123000.0,87.5,2.5477905635076925,-92.30769230769246,123000.0,-1.0
124000.0,815.0272245,-2.108481258619577E-10,124000.0,99.6,49.849548645937666,66.66666666666666,124000.0,-1.0
125000.0,817.6168411,-2.115180615283963E-10,125000.0,98.5,11.221590909090363,37.5,125000.0,-1.0
126000.0,820.1284572,-2.121678184097012E-10,126000.0,97.89999999999999,15.55412578414019,50.0,126000.0,-1.0
127000.0,822.4840723,-2.1277721772073873E-10,127000.0,98.6,21.944692239071976,56.25,127000.0,-1.0
128000.0,825.9004942,-2.136610485095945E-10,128000.0,97.7,14.358057789693426,52.083333333333336,128000.0,-1.0
129000.0,828.4433105,-2.1431887690495287E-10,129000.0,98.1,9.351145038167767,50.0,129000.0,-1.0
130000.0,830.8925262,-2.1495249075815083E-10,130000.0,96.6,10.02910822969029,48.4848484848484,130000.0,-1.0
131000.0,833.5289431,-2.1563453369566966E-10,131000.0,86.0,-0.9984417383275036,-59.09090909090916,131000.0,-1.0
132000.0,836.321361,-2.1635693420345587E-10,132000.0,99.0,28.32568807339425,58.333333333333336,132000.0,-1.0
133000.0,838.7861768,-2.1699458381368057E-10,133000.0,98.8,13.87971867374829,40.0,133000.0,-1.0
134000.0,841.6877954,-2.1774523462065396E-10,134000.0,98.5,11.326554741073682,42.30769230769231,134000.0,-1.0
135000.0,845.0730171,-2.1862099389545622E-10,135000.0,98.5,20.76906824424273,55.88235294117647,135000.0,-1.0
136000.0,848.6142398,-2.1953711074052587E-10,136000.0,98.6,29.54911433172336,56.25,136000.0,-1.0
137000.0,851.7498599,-2.2034829790290032E-10,137000.0,98.0,16.359986617597553,52.38095238095239,137000.0,-1.0
138000.0,855.041481,-2.2119984263554217E-10,138000.0,97.5,13.32686173900971,47.91666666666667,138000.0,-1.0
139000.0,858.5983038,-2.2211999523763858E-10,139000.0,85.7,3.2947413979657996,-43.00000000000005,139000.0,-1.0
140000.0,861.9523253,-2.2298768299838737E-10,140000.0,98.6,12.335629304946917,53.333333333333336,140000.0,-1.0
141000.0,864.0583388,-2.2353251019699709E-10,141000.0,98.9,14.860681114550555,31.25,141000.0,-1.0
142000.0,866.2111526,-2.24089444666687E-10,142000.0,98.8,24.632583846250363,45.45454545454545,142000.0,-1.0
143000.0,868.6603683,-2.2472305851988497E-10,143000.0,98.2,17.883211678831817,55.00000000000001,143000.0,-1.0
144000.0,871.0315835,-2.2533649358794923E-10,144000.0,98.5,11.598302687411431,51.61290322580645,144000.0,-1.0
145000.0,873.761601,-2.260427510676285E-10,145000.0,98.0,16.226857669430935,51.21951219512195,145000.0,-1.0
146000.0,876.7412201,-2.2681358065973557E-10,146000.0,97.5,13.32686173900971,50.0,146000.0,-1.0
147000.0,879.8144398,-2.2760862479400308E-10,147000.0,95.7,26.096521380448323,55.20833333333328,147000.0,-1.0
148000.0,882.653658,-2.283431325728695E-10,148000.0,88.8,5.153870907643611,-211.1111111111108,148000.0,-1.0
149000.0,885.5708767,-2.2909781913686962E-10,149000.0,99.4,39.710610932475596,50.0,149000.0,-1.0
150000.0,888.1916935,-2.297758263173617E-10,150000.0,99.2,42.48741912293346,50.0,150000.0,-1.0
151000.0,891.8889172,-2.3073230073269875E-10,151000.0,98.4,26.89390477931115,57.89473684210527,151000.0,-1.0
152000.0,895.4769402,-2.3166052484884863E-10,152000.0,99.0,37.067337948395,54.54545454545454,152000.0,-1.0
153000.0,898.1601574,-2.3235467505744766E-10,153000.0,97.89999999999999,21.68854415274474,50.0,153000.0,-1.0
154000.0,901.0461759,-2.331012901073943E-10,154000.0,98.2,17.755642876725044,52.63157894736842,154000.0,-1.0
155000.0,904.3065968,-2.339447633259827E-10,155000.0,96.0,22.25159384232607,54.54545454545448,155000.0,-1.0
156000.0,907.2082154,-2.346954141329561E-10,156000.0,87.6,1.6076047799661037,-129.62962962962942,156000.0,-1.0
157000.0,910.9522394,-2.356639958193733E-10,157000.0,99.0,16.387959866220456,44.44444444444444,157000.0,-1.0
158000.0,914.4466618,-2.365680053933628E-10,158000.0,98.8,32.727884291961004,25.0,158000.0,-1.0
159000.0,917.1454791,-2.3726619135898856E-10,159000.0,98.4,10.942892129577649,52.94117647058824,159000.0,-1.0
160000.0,919.7662959,-2.3794419853948064E-10,160000.0,99.2,42.58647911583219,63.63636363636363,160000.0,-1.0
161000.0,922.8395156,-2.3873924267374813E-10,161000.0,98.4,26.89390477931115,55.55555555555556,161000.0,-1.0
162000.0,925.8503349,-2.3951814377990867E-10,162000.0,98.4,26.89390477931115,55.55555555555556,162000.0,-1.0
163000.0,929.3759575,-2.404302248679516E-10,163000.0,97.0,11.137440758293792,46.42857142857143,163000.0,-1.0
164000.0,932.1215751,-2.411405181046576E-10,164000.0,86.5,1.0786095316254751,-68.7500000000001,164000.0,-1.0
165000.0,935.3039955,-2.419638125381123E-10,165000.0,98.7,23.149680775597194,50.0,165000.0,-1.0
166000.0,937.9248123,-2.4264181971860437E-10,166000.0,99.2,32.942162615255576,20.0,166000.0,-1.0
167000.0,940.1244264,-2.4321086145937453E-10,167000.0,98.9,15.22811344019713,54.166666666666664,167000.0,-1.0
168000.0,942.2148398,-2.437516529009575E-10,168000.0,98.4,10.664433277498986,46.666666666666664,168000.0,-1.0
169000.0,944.2428528,-2.442763013144335E-10,169000.0,99.2,42.58647911583219,63.63636363636363,169000.0,-1.0
170000.0,947.0664709,-2.450067733362732E-10,170000.0,98.1,17.088497119916312,50.0,170000.0,-1.0
171000.0,950.5296931,-2.4590271139620914E-10,171000.0,97.5,13.32686173900971,48.97959183673469,171000.0,-1.0
172000.0,953.6497131,-2.4670986280155684E-10,172000.0,95.6,11.500864877911612,53.68421052631574,172000.0,-1.0
173000.0,956.2705299,-2.473878699820489E-10,173000.0,88.2,-0.06784260515610589,-247.05882352941143,173000.0,-1.0
174000.0,959.2189488,-2.481506280601025E-10,174000.0,99.1,17.763157894736423,35.714285714285715,174000.0,-1.0
175000.0,961.6525644,-2.487802061562737E-10,175000.0,98.9,14.860681114550555,21.428571428571427,175000.0,-1.0
176000.0,964.6633837,-2.4955910726243427E-10,176000.0,98.7,13.171253005610955,53.57142857142857,176000.0,-1.0
177000.0,967.8926044,-2.5039450896696917E-10,177000.0,99.4,39.807383627608154,62.5,177000.0,-1.0
178000.0,971.3402265,-2.5128641126987837E-10,178000.0,98.2,17.64275256222577,47.05882352941176,178000.0,-1.0
179000.0,974.0546439,-2.519886329925309E-10,179000.0,98.3,25.50394390885166,52.77777777777778,179000.0,-1.0
180000.0,977.2526644,-2.528159631830123E-10,180000.0,96.3,20.566766852726346,54.878048780487745,180000.0,-1.0
181000.0,981.0746889,-2.538047236545633E-10,181000.0,88.0,2.319902319902335,-160.86956521739106,181000.0,-1.0
182000.0,984.678312,-2.547369835277399E-10,182000.0,99.0,37.12273641851069,54.54545454545454,182000.0,-1.0
183000.0,988.0791338,-2.556167785595689E-10,183000.0,98.9,26.11499193981785,8.333333333333332,183000.0,-1.0
184000.0,990.9963525,-2.56371465123569E-10,184000.0,98.6,12.192674360260606,50.0,184000.0,-1.0
185000.0,993.882371,-2.571180801735157E-10,185000.0,99.6,66.48793565683629,75.0,185000.0,-1.0
186000.0,996.8151898,-2.5787680249454254E-10,186000.0,98.5,28.20218265364734,55.88235294117647,186000.0,-1.0
187000.0,999.4048064,-2.5854673816098115E-10,187000.0,98.4,19.710959454034235,55.55555555555556,187000.0,-1.0
188000.0,1001.5732203,-2.5910770838769784E-10,188000.0,97.8,20.886075949367175,52.17391304347826,188000.0,-1.0
189000.0,1004.3656382,-2.59830108895484E-10,189000.0,86.6,0.07159050232676287,-83.56164383561656,189000.0,-1.0
190000.0,1007.6572593,-2.6068165362812587E-10,190000.0,99.1,39.710610932475596,60.86956521739131,190000.0,-1.0
191000.0,1010.2936762,-2.613636965656447E-10,191000.0,99.2,32.942162615255576,20.0,191000.0,-1.0
192000.0,1012.7428919,-2.6199731041884263E-10,192000.0,98.9,26.31296891747017,50.0,192000.0,-1.0
193000.0,1014.9269059,-2.6256231640258605E-10,193000.0,99.7,72.58771929824547,78.57142857142857,193000.0,-1.0
194000.0,1017.6413233,-2.6326453812523856E-10,194000.0,99.2,33.11036789297637,60.0,194000.0,-1.0
195000.0,1020.402541,-2.6397886711897127E-10,195000.0,98.2,17.883211678831817,52.63157894736842,195000.0,-1.0
196000.0,1022.9765575,-2.6464476702838315E-10,196000.0,97.7,20.13888888888895,52.083333333333336,196000.0,-1.0
197000.0,1025.6129744,-2.6532680996590197E-10,197000.0,95.89999999999999,14.874179885391476,44.59459459459451,197000.0,-1.0
198000.0,1027.7657882,-2.658837444355919E-10,198000.0,89.8,1.9984627209839358,-466.66666666666606,198000.0,-1.0
199000.0,1030.2774043,-2.6653350131689686E-10,199000.0,99.4,49.706621961441684,40.0,199000.0,-1.0
200000.0,1032.7110199,-2.6716307941306806E-10,200000.0,99.2,33.031977230872265,50.0,200000.0,-1.0
201000.0,1035.6126385,-2.6791373022004145E-10,201000.0,99.4,49.7739829231542,66.66666666666666,201000.0,-1.0
202000.0,1037.8278527,-2.6848680771783834E-10,202000.0,99.5,54.34623813002172,68.75,202000.0,-1.0
203000.0,1040.3862691,-2.691486718702235E-10,203000.0,98.6,35.94436310395338,58.82352941176471,203000.0,-1.0
204000.0,1042.2738812,-2.6963699847045887E-10,204000.0,98.3,18.62914034080032,52.77777777777778,204000.0,-1.0
205000.0,1045.1442996,-2.703795777633788E-10,205000.0,97.2,29.278642149929347,56.24999999999992,205000.0,-1.0
206000.0,1047.9991179,-2.7111812129927197E-10,206000.0,88.4,0.0,-189.99999999999972,206000.0,-1.0
207000.0,1050.8851364,-2.718647363492186E-10,207000.0,99.7,57.02005730659082,70.0,207000.0,-1.0
208000.0,1053.6775543,-2.725871368570048E-10,208000.0,98.9,26.23390557939871,50.0,208000.0,-1.0
209000.0,1056.4075718,-2.7329339433668404E-10,209000.0,99.2,-0.17530678687651396,42.857142857142854,209000.0,-1.0
210000.0,1059.5119917,-2.74096509985005E-10,210000.0,99.5,28.4487693188333,58.333333333333336,210000.0,-1.0
211000.0,1062.2888095,-2.7481487473576445E-10,211000.0,98.5,28.20218265364734,55.88235294117647,211000.0,-1.0
212000.0,1065.6116308,-2.7567449098245977E-10,212000.0,98.6,12.071347820625427,46.15384615384615,212000.0,-1.0
213000.0,1068.3728485,-2.763888199761925E-10,213000.0,98.3,40.8160423339369,63.04347826086957,213000.0,-1.0
214000.0,1071.7736703,-2.772686150080215E-10,214000.0,87.9,3.49645887832574,-152.08333333333312,214000.0,-1.0
215000.0,1075.8140962,-2.7831387607794676E-10,215000.0,99.3,45.8539603960393,61.111111111111114,215000.0,-1.0
216000.0,1078.4661132,-2.789999547724923E-10,216000.0,99.4,24.698795180722588,25.0,216000.0,-1.0
217000.0,1081.7733344,-2.798555352621609E-10,217000.0,99.1,18.032786885246583,55.00000000000001,217000.0,-1.0
218000.0,1084.5969525,-2.805860072840006E-10,218000.0,99.2,19.85574033259809,55.55555555555556,218000.0,-1.0
219000.0,1087.7793729,-2.814093017174553E-10,219000.0,99.3,36.15468807004786,61.111111111111114,219000.0,-1.0
220000.0,1090.8993929,-2.82216453122803E-10,220000.0,98.7,31.144067796610543,53.57142857142857,220000.0,-1.0
221000.0,1093.5982102,-2.8291463908842877E-10,221000.0,98.6,35.86807146129179,58.82352941176471,221000.0,-1.0
222000.0,1096.0318258,-2.8354421718459997E-10,222000.0,89.2,6.663209748509289,-54.28571428571437,222000.0,-1.0
223000.0,1098.403041,-2.841576522526642E-10,223000.0,97.0,4.942965779467694,-50.0,223000.0,-1.0
224000.0,1101.5542612,-2.8497287517206544E-10,224000.0,99.3,36.01462522851949,41.66666666666667,224000.0,-1.0
225000.0,1104.1126776,-2.856347393244506E-10,225000.0,99.3,22.083704363312417,56.25,225000.0,-1.0
226000.0,1106.1250905,-2.8615535198089986E-10,226000.0,99.4,0.0,50.0,226000.0,-1.0
227000.0,1108.075103,-2.866598216092422E-10,227000.0,99.2,19.85574033259809,55.55555555555556,227000.0,-1.0
228000.0,1110.4775184,-2.872813281913599E-10,228000.0,99.0,37.193819871875306,61.53846153846154,228000.0,-1.0
229000.0,1112.6927326,-2.878544056891568E-10,229000.0,98.3,-0.49657129344982726,39.285714285714285,229000.0,-1.0
230000.0,1114.5179443,-2.8832658926128525E-10,230000.0,97.7,29.706601466992545,57.407407407407405,230000.0,-1.0
231000.0,1116.7955589,-2.889158097871891E-10,231000.0,89.1,-0.18382352941174446,-395.454545454545,231000.0,-1.0
232000.0,1119.2135744,-2.8954135212633356E-10,232000.0,99.2,19.614147909967457,33.33333333333333,232000.0,-1.0
233000.0,1121.4287886,-2.9011442962413045E-10,233000.0,99.4,24.868519909842615,57.14285714285714,233000.0,-1.0
234000.0,1124.455208,-2.9089736648731773E-10,234000.0,99.5,0.0,50.0,234000.0,-1.0
235000.0,1127.2476259,-2.916197669951039E-10,235000.0,99.1,18.032786885246583,55.00000000000001,235000.0,-1.0
236000.0,1129.4628401,-2.921928444929008E-10,236000.0,99.2,42.58647911583219,60.0,236000.0,-1.0
237000.0,1131.3972525,-2.926932783642164E-10,237000.0,98.6,11.971830985914963,41.66666666666667,237000.0,-1.0
238000.0,1133.9556689,-2.9335514251660155E-10,238000.0,97.8,30.664985817838026,57.692307692307686,238000.0,-1.0
239000.0,1136.5764857,-2.9403314969709363E-10,239000.0,88.8,-0.7194244604315749,-299.9999999999996,239000.0,-1.0
240000.0,1139.7901063,-2.948645156446018E-10,240000.0,99.7,66.517857142857,62.5,240000.0,-1.0
241000.0,1142.551324,-2.955788446383345E-10,241000.0,98.9,14.91336633663319,38.88888888888889,241000.0,-1.0
242000.0,1145.1097404,-2.9624070879071965E-10,242000.0,99.7,57.02005730659082,70.0,242000.0,-1.0
243000.0,1148.3545612,-2.970801462522813E-10,243000.0,99.1,18.032786885246583,55.00000000000001,243000.0,-1.0
244000.0,1150.3669741,-2.9760075890873056E-10,244000.0,99.1,46.73295454545422,62.5,244000.0,-1.0
245000.0,1152.691389,-2.982020867057146E-10,245000.0,98.8,13.793103448275367,40.0,245000.0,-1.0
246000.0,1154.6726017,-2.987146278481104E-10,246000.0,98.2,30.297397769516856,55.00000000000001,246000.0,-1.0
247000.0,1157.4338194,-2.994289568418431E-10,247000.0,88.2,-1.4373151777731024,-227.77777777777746,247000.0,-1.0
248000.0,1160.1326367,-3.001271428074689E-10,248000.0,99.6,59.79899497487394,60.0,248000.0,-1.0
249000.0,1162.4882518,-3.007365421185064E-10,249000.0,99.1,17.763157894736423,35.714285714285715,249000.0,-1.0
250000.0,1164.6566657,-3.012975123452231E-10,250000.0,99.7,56.99541284403655,62.5,250000.0,-1.0
251000.0,1167.6206847,-3.0206430618030343E-10,251000.0,99.4,39.807383627608154,62.5,251000.0,-1.0
252000.0,1169.851499,-3.0264141943512706E-10,252000.0,98.8,32.91592128801473,53.84615384615385,252000.0,-1.0
253000.0,1172.7531176,-3.0339207024210045E-10,253000.0,99.1,30.340557275541364,43.75,253000.0,-1.0
254000.0,1175.0307322,-3.039812907680043E-10,254000.0,98.1,23.596589995174458,52.5,254000.0,-1.0
255000.0,1178.1039519,-3.047763349022718E-10,255000.0,88.1,-3.2986111111111343,-213.15789473684183,255000.0,-1.0
256000.0,1181.3019724,-3.056036650927532E-10,256000.0,99.7,56.99541284403655,62.5,256000.0,-1.0
257000.0,1184.3907922,-3.0640274498404743E-10,257000.0,99.0,16.219839142090702,37.5,257000.0,-1.0
258000.0,1187.8384143,-3.0729464728695664E-10,258000.0,99.3,21.874999999999652,30.0,258000.0,-1.0
259000.0,1191.5044378,-3.082430501882402E-10,259000.0,99.0,-0.32102728731974395,37.5,259000.0,-1.0
260000.0,1195.0456605,-3.091591670333099E-10,260000.0,98.8,32.99832495812424,60.0,260000.0,-1.0
261000.0,1197.8692786,-3.098896390551496E-10,261000.0,99.0,28.078250863060493,37.5,261000.0,-1.0
262000.0,1201.3169007,-3.107815413580588E-10,262000.0,98.4,19.710959454034235,52.94117647058824,262000.0,-1.0
263000.0,1204.32772,-3.1156044246421933E-10,263000.0,87.7,-2.1018029684231316,-192.8571428571426,263000.0,-1.0
264000.0,1208.1185443,-3.125411314217168E-10,264000.0,99.5,54.29616087751392,50.0,264000.0,-1.0
265000.0,1211.5973666,-3.134411052386795E-10,265000.0,99.1,17.763157894736423,35.714285714285715,265000.0,-1.0
266000.0,1213.9061814,-3.1403839727863683E-10,266000.0,99.4,39.710610932475596,25.0,266000.0,-1.0
267000.0,1217.3850037,-3.1493837109559956E-10,267000.0,99.1,17.823228634039083,43.75,267000.0,-1.0
268000.0,1221.1602279,-3.159150242960703E-10,268000.0,98.9,34.9728068101207,60.71428571428571,268000.0,-1.0
269000.0,1224.7794511,-3.1685131992627363E-10,269000.0,98.9,34.834123222749206,54.166666666666664,269000.0,-1.0
270000.0,1228.3050737,-3.1776340101431657E-10,270000.0,98.9,34.89583333333293,57.692307692307686,270000.0,-1.0
271000.0,1232.1894986,-3.187683045139745E-10,271000.0,86.8,0.5964214711728902,-106.25000000000017,271000.0,-1.0
272000.0,1235.995923,-3.1975302922849874E-10,272000.0,99.8,66.56636576395813,66.66666666666666,272000.0,-1.0
273000.0,1239.8023474,-3.20737753943023E-10,273000.0,99.3,36.0847333820304,56.25,273000.0,-1.0
274000.0,1243.3435701,-3.2165387078809265E-10,274000.0,99.5,44.19642857142832,50.0,274000.0,-1.0
275000.0,1246.9939935,-3.225982379323495E-10,275000.0,99.1,-0.40160642570197064,25.0,275000.0,-1.0
276000.0,1250.7380175,-3.235668196187667E-10,276000.0,98.9,-0.1821493624764007,45.0,276000.0,-1.0
277000.0,1254.4352412,-3.2452329403410376E-10,277000.0,98.5,20.55084745762755,50.0,277000.0,-1.0
278000.0,1257.9608638,-3.254353751221467E-10,278000.0,98.8,24.547283702212823,50.0,278000.0,-1.0
279000.0,1262.1572907,-3.265209937623394E-10,279000.0,87.6,-3.8926219481541673,-169.5652173913041,279000.0,-1.0
280000.0,1266.1353162,-3.2755011180415774E-10,280000.0,99.8,66.56636576395813,66.66666666666666,280000.0,-1.0
281000.0,1269.9573407,-3.285388722757087E-10,281000.0,99.3,21.97949175211842,50.0,281000.0,-1.0
282000.0,1273.6701645,-3.294993824480725E-10,282000.0,99.4,39.710610932475596,25.0,282000.0,-1.0
283000.0,1277.1177866,-3.303912847509817E-10,283000.0,99.2,19.662582847960653,42.857142857142854,283000.0,-1.0
284000.0,1280.8618106,-3.3135986643739894E-10,284000.0,98.8,0.0,50.0,284000.0,-1.0
285000.0,1284.2782325,-3.3224369722625467E-10,285000.0,98.5,11.221590909090363,42.30769230769231,285000.0,-1.0
286000.0,1288.1314572,-3.332405292118591E-10,286000.0,98.6,12.192674360260606,50.0,286000.0,-1.0
287000.0,1291.8286809,-3.3419700362719616E-10,287000.0,87.7,-2.1018029684231316,-179.5454545454543,287000.0,-1.0
288000.0,1295.6975057,-3.3519787136982734E-10,288000.0,99.7,66.517857142857,70.0,288000.0,-1.0
289000.0,1299.2699286,-3.361220597289505E-10,289000.0,99.3,-0.1717229536333829,41.66666666666667,289000.0,-1.0
290000.0,1302.9359521,-3.3707046263023405E-10,290000.0,99.5,44.19642857142832,37.5,290000.0,-1.0
291000.0,1306.4303745,-3.379744722042235E-10,291000.0,99.2,19.614147909967457,33.33333333333333,291000.0,-1.0
292000.0,1309.9247969,-3.38878481778213E-10,292000.0,99.2,19.85574033259809,55.55555555555556,292000.0,-1.0
293000.0,1313.6688209,-3.3984706346463023E-10,293000.0,98.6,29.471032745591604,53.333333333333336,293000.0,-1.0
294000.0,1317.1008429,-3.407349300105127E-10,294000.0,98.9,26.31296891747017,54.166666666666664,294000.0,-1.0
295000.0,1320.8136667,-3.4169544018287647E-10,295000.0,87.5,-3.899990025600887,-171.73913043478237,295000.0,-1.0
296000.0,1325.5248969,-3.429142388049515E-10,296000.0,99.7,56.99541284403655,62.5,296000.0,-1.0
297000.0,1329.4561221,-3.4393124957568965E-10,297000.0,99.4,24.774322968906496,50.0,297000.0,-1.0
298000.0,1332.8413438,-3.448070088504919E-10,298000.0,99.4,39.69849246231092,40.0,298000.0,-1.0
299000.0,1336.2889659,-3.456989111534011E-10,299000.0,99.1,-0.40160642570197064,25.0,299000.0,-1.0
300000.0,1339.9237892,-3.466392425406312E-10,300000.0,99.0,0.0,50.0,300000.0,-1.0
301000.0,1343.7770139,-3.4763607452623566E-10,301000.0,98.3,9.862142099681728,39.285714285714285,301000.0,-1.0
302000.0,1347.4586375,-3.4858851318454596E-10,302000.0,98.6,12.192674360260606,50.0,302000.0,-1.0
303000.0,1350.96866,-3.4949655851556216E-10,303000.0,87.7,0.7744433688287119,-156.24999999999977,303000.0,-1.0
304000.0,1354.9154853,-3.50517605043327E-10,304000.0,99.7,66.517857142857,70.0,304000.0,-1.0
305000.0,1358.8779107,-3.5154268732811863E-10,305000.0,99.3,-0.2865329512880903,30.0,305000.0,-1.0
306000.0,1362.4347335,-3.5246283993021504E-10,306000.0,99.4,39.710610932475596,25.0,306000.0,-1.0
307000.0,1365.8979557,-3.53358777990151E-10,307000.0,99.2,-0.3009027081246747,33.33333333333333,307000.0,-1.0
308000.0,1369.3923781,-3.5426278756414045E-10,308000.0,99.0,0.0,50.0,308000.0,-1.0
309000.0,1373.2300027,-3.5525558379271816E-10,309000.0,98.4,10.464465584779143,38.46153846153847,309000.0,-1.0
310000.0,1377.0520272,-3.5624434426426914E-10,310000.0,98.8,14.126234435379489,53.84615384615385,310000.0,-1.0
311000.0,1380.9832524,-3.5726135503500727E-10,311000.0,88.0,-1.7639077340570586,-199.99999999999974,311000.0,-1.0
312000.0,1384.4932749,-3.5816940036602347E-10,312000.0,99.5,44.19642857142832,50.0,312000.0,-1.0
313000.0,1388.1436983,-3.591137675102803E-10,313000.0,99.5,-0.16025641025657064,37.5,313000.0,-1.0
314000.0,1391.1701177,-3.598967043734676E-10,314000.0,99.2,19.59798994974789,20.0,314000.0,-1.0
315000.0,1394.3525381,-3.6071999880692227E-10,315000.0,99.2,32.942162615255576,42.857142857142854,315000.0,-1.0
316000.0,1397.300957,-3.6148275688497587E-10,316000.0,99.1,18.032786885246583,55.00000000000001,316000.0,-1.0
317000.0,1400.2493759,-3.6224551496302946E-10,317000.0,98.4,19.39546599496183,42.857142857142854,317000.0,-1.0
318000.0,1402.6517913,-3.628670215451472E-10,318000.0,98.7,12.915326902464747,45.83333333333333,318000.0,-1.0
319000.0,1405.3818088,-3.6357327902482643E-10,319000.0,87.4,1.4932374325698359,-117.24137931034464,319000.0,-1.0
320000.0,1408.4394284,-3.643642874020672E-10,320000.0,99.7,39.85565356856575,50.0,320000.0,-1.0
321000.0,1412.0742517,-3.653046187892973E-10,321000.0,99.4,24.717691342534746,40.0,321000.0,-1.0
322000.0,1414.5702677,-3.659503399135755E-10,322000.0,99.5,28.32568807339425,37.5,322000.0,-1.0
323000.0,1417.2066846,-3.666323828510943E-10,323000.0,99.1,17.763157894736423,35.714285714285715,323000.0,-1.0
324000.0,1420.4203052,-3.6746374879860246E-10,324000.0,99.2,0.0,50.0,324000.0,-1.0
325000.0,1423.0879223,-3.6815386325017476E-10,325000.0,98.7,12.821888412016651,40.909090909090914,325000.0,-1.0
326000.0,1425.5215379,-3.6878344134634596E-10,326000.0,99.0,16.387959866220456,50.0,326000.0,-1.0
327000.0,1428.4231565,-3.6953409215331935E-10,327000.0,87.2,-2.9866117404736867,-128.57142857142838,327000.0,-1.0
328000.0,1430.7007711,-3.701233126792232E-10,328000.0,99.6,33.15508021390357,50.0,328000.0,-1.0
329000.0,1433.8675914,-3.7094257135565114E-10,329000.0,99.6,-0.1502253380057689,33.33333333333333,329000.0,-1.0
330000.0,1436.7380098,-3.7168515064857106E-10,330000.0,99.6,33.15508021390357,50.0,330000.0,-1.0
331000.0,1439.3432265,-3.723591220720364E-10,331000.0,99.1,-0.40160642570197064,25.0,331000.0,-1.0
332000.0,1441.7144417,-3.7297255714010067E-10,332000.0,99.0,0.0,50.0,332000.0,-1.0
333000.0,1444.4444592,-3.736788146197799E-10,333000.0,98.3,9.862142099681728,39.285714285714285,333000.0,-1.0
334000.0,1447.1744767,-3.7438507209945915E-10,334000.0,99.1,18.032786885246583,55.00000000000001,334000.0,-1.0
335000.0,1450.6220988,-3.7527697440236835E-10,335000.0,87.9,-0.4416110502373882,-174.99999999999974,335000.0,-1.0
336000.0,1454.397323,-3.7625362760283907E-10,336000.0,99.5,44.19642857142832,50.0,336000.0,-1.0
337000.0,1457.04934,-3.7693970629738463E-10,337000.0,99.5,28.366762177651367,50.0,337000.0,-1.0
338000.0,1459.4985557,-3.7757332015058257E-10,338000.0,99.6,-0.20040080160340706,0.0,338000.0,-1.0
339000.0,1461.7605702,-3.7815850491945967E-10,339000.0,98.9,14.860681114550555,31.25,339000.0,-1.0
340000.0,1464.0381848,-3.787477254453635E-10,340000.0,98.9,-0.1821493624764007,45.0,340000.0,-1.0
341000.0,1466.4718004,-3.793773035415347E-10,341000.0,98.2,24.19137466307267,40.0,341000.0,-1.0
342000.0,1468.5778139,-3.799221307401444E-10,342000.0,98.8,32.99832495812424,60.0,342000.0,-1.0
343000.0,1471.557433,-3.8069296033225147E-10,343000.0,88.1,-1.6017212526894475,-213.15789473684183,343000.0,-1.0
344000.0,1474.1938499,-3.813750032697703E-10,344000.0,99.5,28.32568807339425,37.5,344000.0,-1.0
345000.0,1476.6430656,-3.8200861712296823E-10,345000.0,99.4,24.774322968906496,50.0,345000.0,-1.0
346000.0,1479.3730831,-3.827148746026475E-10,346000.0,99.5,-0.16025641025657064,-150.0,346000.0,-1.0
347000.0,1482.6023038,-3.835502763071824E-10,347000.0,99.0,16.219839142090702,37.5,347000.0,-1.0
348000.0,1485.0359194,-3.841798544033536E-10,348000.0,99.0,16.513608281850292,54.54545454545454,348000.0,-1.0
349000.0,1487.3447342,-3.847771464433109E-10,349000.0,98.7,12.751677852349058,35.0,349000.0,-1.0
350000.0,1489.6379489,-3.8537040272624146E-10,350000.0,98.4,10.942892129577649,52.94117647058824,350000.0,-1.0
351000.0,1492.7891691,-3.861856256456427E-10,351000.0,88.4,-1.10165946172076,-262.49999999999966,351000.0,-1.0
352000.0,1495.7687882,-3.8695645523774975E-10,352000.0,99.4,39.69849246231092,40.0,352000.0,-1.0
353000.0,1498.7640074,-3.8773132058688356E-10,353000.0,99.4,24.774322968906496,50.0,353000.0,-1.0
354000.0,1501.6968262,-3.884900429079104E-10,354000.0,99.2,-0.3764115432870059,-33.33333333333333,354000.0,-1.0
355000.0,1504.3800434,-3.8918419311650945E-10,355000.0,99.1,17.763157894736423,35.714285714285715,355000.0,-1.0
356000.0,1507.0632606,-3.898783433251085E-10,356000.0,99.2,0.0,50.0,356000.0,-1.0
357000.0,1509.2472746,-3.904433493088519E-10,357000.0,98.6,11.971830985914963,41.66666666666667,357000.0,-1.0
358000.0,1511.493689,-3.910244983207023E-10,358000.0,98.6,12.335629304946917,53.333333333333336,358000.0,-1.0
359000.0,1513.6153026,-3.915733612763387E-10,359000.0,88.4,-1.10165946172076,-262.49999999999966,359000.0,-1.0
360000.0,1516.2985198,-3.9226751148493773E-10,360000.0,99.5,28.4487693188333,58.333333333333336,360000.0,-1.0
361000.0,1518.8413361,-3.9292533988029614E-10,361000.0,99.6,-0.1502253380057689,33.33333333333333,361000.0,-1.0
362000.0,1521.9769562,-3.9373652704267057E-10,362000.0,98.9,14.860681114550555,31.25,362000.0,-1.0
363000.0,1525.1437765,-3.9455578571909853E-10,363000.0,98.8,24.480805538074,45.45454545454545,363000.0,-1.0
364000.0,1527.7645933,-3.952337928995906E-10,364000.0,99.3,21.97949175211842,50.0,364000.0,-1.0
365000.0,1531.3682164,-3.9616605277276723E-10,365000.0,98.6,21.735241502683845,50.0,365000.0,-1.0
366000.0,1534.2542349,-3.969126678227139E-10,366000.0,98.5,20.65171392297886,53.125,366000.0,-1.0
367000.0,1537.4522554,-3.977399980131953E-10,367000.0,87.4,1.4932374325698359,-117.24137931034464,367000.0,-1.0
368000.0,1540.6346758,-3.9856329244665E-10,368000.0,99.6,33.222036727879065,60.0,368000.0,-1.0
369000.0,1543.2086923,-3.992291923560619E-10,369000.0,99.3,-0.34403669724805136,12.5,369000.0,-1.0
370000.0,1546.3131122,-4.0003230800438284E-10,370000.0,99.3,21.90986166889847,41.66666666666667,370000.0,-1.0
371000.0,1549.7451342,-4.009201745502653E-10,371000.0,98.4,10.793933987510833,50.0,371000.0,-1.0
372000.0,1552.9587548,-4.017515404977735E-10,372000.0,99.1,-0.40160642570197064,25.0,372000.0,-1.0
373000.0,1555.5483714,-4.024214761642121E-10,373000.0,98.8,-0.18367006177964945,45.45454545454545,373000.0,-1.0
374000.0,1558.2315886,-4.031156263728111E-10,374000.0,98.5,20.65171392297886,50.0,374000.0,-1.0
375000.0,1561.2424079,-4.0389452747897167E-10,375000.0,87.6,-3.8926219481541673,-169.5652173913041,375000.0,-1.0
376000.0,1564.4404284,-4.047218576694531E-10,376000.0,99.5,28.366762177651367,50.0,376000.0,-1.0
377000.0,1567.5604484,-4.055290090748008E-10,377000.0,99.5,44.19642857142832,50.0,377000.0,-1.0
378000.0,1569.8224629,-4.061141938436779E-10,378000.0,99.1,17.823228634039083,43.75,378000.0,-1.0
379000.0,1572.5680805,-4.0682448708038387E-10,379000.0,98.7,13.031843724913376,50.0,379000.0,-1.0
380000.0,1575.3604984,-4.0754688758817005E-10,380000.0,98.9,-0.3283473184962122,31.25,380000.0,-1.0
381000.0,1578.5429188,-4.0837018202162475E-10,381000.0,98.4,-0.35122930255930856,42.857142857142854,381000.0,-1.0
382000.0,1580.5553317,-4.08890794678074E-10,382000.0,98.7,23.149680775597194,50.0,382000.0,-1.0
383000.0,1583.1917486,-4.0957283761559284E-10,383000.0,90.10000000000001,-4.087812263436673,-90.38461538461517,383000.0,-1.0
384000.0,1586.7953717,-4.1050509748876946E-10,384000.0,96.6,-0.9980988593152643,-183.33333333333331,384000.0,-1.0
385000.0,1590.0557926,-4.1134857070735783E-10,385000.0,99.5,54.29616087751392,58.333333333333336,385000.0,-1.0
386000.0,1592.2710068,-4.1192164820515473E-10,386000.0,99.0,16.289971538590333,44.44444444444444,386000.0,-1.0
387000.0,1595.110225,-4.126561559840212E-10,387000.0,98.8,13.9908256880731,50.0,387000.0,-1.0
388000.0,1614.2515477,-4.1760802985582943E-10,388000.0,98.3,18.426103646833255,43.333333333333336,388000.0,-1.0
389000.0,1616.7007634,-4.1824164370902737E-10,389000.0,98.8,13.9908256880731,50.0,389000.0,-1.0
390000.0,1619.9767844,-4.190891526846425E-10,390000.0,98.5,20.55084745762755,46.42857142857143,390000.0,-1.0
391000.0,1622.3947999,-4.1971469502378694E-10,391000.0,97.1,11.789755444701267,51.66666666666667,391000.0,-1.0
392000.0,1625.0156167,-4.2039270220427903E-10,392000.0,89.0,-1.8518518518518539,-449.9999999999995,392000.0,-1.0
393000.0,1627.7612343,-4.21102995440985E-10,393000.0,99.4,39.74693713597049,57.14285714285714,393000.0,-1.0
394000.0,1629.8516477,-4.2164378688256796E-10,394000.0,99.0,16.219839142090702,37.5,394000.0,-1.0
395000.0,1631.9888614,-4.221966855952311E-10,395000.0,98.8,13.9908256880731,50.0,395000.0,-1.0
396000.0,1639.3989089,-4.2411367018293193E-10,396000.0,98.4,-0.35122930255930856,38.46153846153847,396000.0,-1.0
397000.0,1642.2849274,-4.248602852328786E-10,397000.0,98.3,-0.18859028760037738,46.875,397000.0,-1.0
398000.0,1645.2489464,-4.256270790679589E-10,398000.0,98.8,24.632583846250363,50.0,398000.0,-1.0
399000.0,1647.8229629,-4.262929789773708E-10,399000.0,98.0,16.359986617597553,52.38095238095239,399000.0,-1.0
400000.0,1650.9273828,-4.2709609462569176E-10,400000.0,88.7,-2.3550724637680567,-334.6153846153842,400000.0,-1.0
401000.0,1653.5637997,-4.277781375632106E-10,401000.0,99.5,44.22132976349891,58.333333333333336,401000.0,-1.0
402000.0,1655.6854133,-4.28327000518847E-10,402000.0,99.0,16.387959866220456,50.0,402000.0,-1.0
403000.0,1658.5402316,-4.290655440547402E-10,403000.0,98.6,12.071347820625427,46.15384615384615,403000.0,-1.0
404000.0,1661.6914518,-4.298807669741414E-10,404000.0,98.6,11.971830985914963,41.66666666666667,404000.0,-1.0
405000.0,1664.8582721,-4.3070002565056936E-10,405000.0,98.4,-0.35122930255930856,42.857142857142854,405000.0,-1.0
406000.0,1667.8846915,-4.3148296251375664E-10,406000.0,98.9,14.992272024729855,38.88888888888889,406000.0,-1.0
407000.0,1671.0359117,-4.3229818543315786E-10,407000.0,98.2,24.60417190248784,55.00000000000001,407000.0,-1.0
408000.0,1673.89073,-4.3303672896905104E-10,408000.0,88.5,-1.0829055621966623,-259.37499999999966,408000.0,-1.0
409000.0,1676.854749,-4.338035228041314E-10,409000.0,99.6,59.80707395498372,66.66666666666666,409000.0,-1.0
410000.0,1679.662767,-4.345299590689443E-10,410000.0,99.2,19.743178170144205,50.0,410000.0,-1.0
411000.0,1682.4395848,-4.3524832381970374E-10,411000.0,98.5,-0.34787262509995137,42.30769230769231,411000.0,-1.0
412000.0,1684.966801,-4.359021164580354E-10,412000.0,98.4,19.39546599496183,46.666666666666664,412000.0,-1.0
413000.0,1687.5096173,-4.365599448533938E-10,413000.0,98.7,13.171253005610955,53.57142857142857,413000.0,-1.0
414000.0,1690.270835,-4.3727427384712653E-10,414000.0,98.8,32.84834918858436,50.0,414000.0,-1.0
415000.0,1692.5640497,-4.378675301300571E-10,415000.0,98.6,29.64116996683067,56.25,415000.0,-1.0
416000.0,1695.5904691,-4.386504669932444E-10,416000.0,88.1,2.6314066897952024,-158.6956521739128,416000.0,-1.0
417000.0,1698.4140872,-4.393809390150841E-10,417000.0,99.5,44.27106553722744,64.28571428571429,417000.0,-1.0
418000.0,1700.9881037,-4.4004683892449597E-10,418000.0,99.1,17.823228634039083,43.75,418000.0,-1.0
419000.0,1703.6089205,-4.4072484610498806E-10,419000.0,98.9,15.097252238345607,50.0,419000.0,-1.0
420000.0,1706.3857383,-4.414432108557475E-10,420000.0,97.8,20.680703778482716,50.0,420000.0,-1.0
421000.0,1708.6633529,-4.4203243138165135E-10,421000.0,99.0,-0.1803245842523906,44.44444444444444,421000.0,-1.0
422000.0,1711.1593689,-4.4267815250592955E-10,422000.0,99.0,28.233098894790242,54.54545454545454,422000.0,-1.0
423000.0,1713.7645856,-4.433521239293949E-10,423000.0,98.7,31.144067796610543,53.57142857142857,423000.0,-1.0
424000.0,1716.8378053,-4.441471680636624E-10,424000.0,87.5,-1.221131733229736,-140.3846153846152,424000.0,-1.0
425000.0,1719.5366226,-4.4484535402928815E-10,425000.0,99.6,49.849548645937666,66.66666666666666,425000.0,-1.0
426000.0,1722.7034429,-4.456646127057161E-10,426000.0,99.2,19.743178170144205,50.0,426000.0,-1.0
427000.0,1726.0418643,-4.4652826470943816E-10,427000.0,98.8,13.9908256880731,50.0,427000.0,-1.0
428000.0,1728.9746831,-4.47286987030465E-10,428000.0,98.4,26.793557833089576,55.55555555555556,428000.0,-1.0
429000.0,1731.767101,-4.480093875382512E-10,429000.0,98.8,13.87971867374829,45.45454545454545,429000.0,-1.0
430000.0,1734.8091205,-4.487963601584652E-10,430000.0,98.8,0.0,50.0,430000.0,-1.0
431000.0,1737.6483387,-4.4953086793733167E-10,431000.0,99.0,44.040290990486966,58.333333333333336,431000.0,-1.0
432000.0,1740.5811575,-4.5028959025835853E-10,432000.0,96.89999999999999,15.751712142623987,53.03030303030295,432000.0,-1.0
433000.0,1743.4983762,-4.5104427682235865E-10,433000.0,89.4,0.5497907792768052,-657.1428571428563,433000.0,-1.0
434000.0,1746.4155949,-4.517989633863588E-10,434000.0,99.1,30.383663366336243,50.0,434000.0,-1.0
435000.0,1749.5668151,-4.5261418630576E-10,435000.0,99.1,17.913170375775827,50.0,435000.0,-1.0
436000.0,1752.203232,-4.532962292432788E-10,436000.0,98.2,-0.18924635422514557,47.05882352941176,436000.0,-1.0
437000.0,1755.1984512,-4.5407109459241263E-10,437000.0,98.5,20.46659597030741,46.42857142857143,437000.0,-1.0
438000.0,1757.3668651,-4.546320648191293E-10,438000.0,98.7,23.258559622196216,53.57142857142857,438000.0,-1.0
439000.0,1760.2060833,-4.5536657259799576E-10,439000.0,99.0,16.219839142090702,28.57142857142857,439000.0,-1.0
440000.0,1762.343297,-4.559194713106589E-10,440000.0,97.6,32.65993265993282,58.620689655172406,440000.0,-1.0
441000.0,1764.3401098,-4.5643604821008146E-10,441000.0,98.0,-0.1903616872056028,47.368421052631575,441000.0,-1.0
442000.0,1767.2261283,-4.571826632600281E-10,442000.0,99.3,45.8539603960393,61.111111111111114,442000.0,-1.0
443000.0,1770.2213475,-4.579575286091619E-10,443000.0,99.0,28.233098894790242,54.54545454545454,443000.0,-1.0
444000.0,1773.3101673,-4.5875660850045614E-10,444000.0,98.4,-0.6036217303829006,33.33333333333333,444000.0,-1.0
445000.0,1776.6173885,-4.596121889901247E-10,445000.0,98.7,12.915326902464747,45.83333333333333,445000.0,-1.0
446000.0,1779.3630061,-4.603224822268307E-10,446000.0,98.4,10.793933987510833,44.827586206896555,446000.0,-1.0
447000.0,1781.7966217,-4.609520603230019E-10,447000.0,98.8,13.87971867374829,42.857142857142854,447000.0,-1.0
448000.0,1784.5890396,-4.616744608307881E-10,448000.0,97.7,14.498141263940557,52.083333333333336,448000.0,-1.0
449000.0,1787.3658574,-4.6239282558154753E-10,449000.0,98.0,-0.1903616872056028,47.368421052631575,449000.0,-1.0
450000.0,1789.5810716,-4.6296590307934443E-10,450000.0,99.6,49.849548645937666,66.66666666666666,450000.0,-1.0
451000.0,1791.983487,-4.6358740966146216E-10,451000.0,98.8,13.87971867374829,45.45454545454545,451000.0,-1.0
452000.0,1794.9319059,-4.6435016773951576E-10,452000.0,99.2,33.031977230872265,55.55555555555556,452000.0,-1.0
453000.0,1797.3343213,-4.649716743216335E-10,453000.0,98.3,-0.18859028760037738,46.875,453000.0,-1.0
454000.0,1799.8927377,-4.6563353847401863E-10,454000.0,98.6,-0.34403669724805136,41.66666666666667,454000.0,-1.0
455000.0,1801.7179494,-4.661057220461471E-10,455000.0,98.6,-0.18605982539059426,46.15384615384615,455000.0,-1.0
456000.0,1803.7927627,-4.666424777307033E-10,456000.0,98.3,18.753584400688343,52.77777777777778,456000.0,-1.0
457000.0,1806.49158,-4.673406636963292E-10,457000.0,97.0,6.068006763103495,50.0,457000.0,-1.0
458000.0,1809.1747972,-4.680348139049282E-10,458000.0,99.0,16.387959866220456,50.0,458000.0,-1.0
459000.0,1811.5616125,-4.686522847300192E-10,459000.0,99.2,33.031977230872265,55.55555555555556,459000.0,-1.0
460000.0,1813.979628,-4.692778270691636E-10,460000.0,98.9,14.992272024729855,45.0,460000.0,-1.0
461000.0,1815.8048397,-4.69750010641292E-10,461000.0,98.6,29.54911433172336,56.25,461000.0,-1.0
462000.0,1818.191655,-4.70367481466383E-10,462000.0,98.5,11.452184179457173,42.30769230769231,462000.0,-1.0
463000.0,1821.1244738,-4.711262037874098E-10,463000.0,98.4,19.710959454034235,55.55555555555556,463000.0,-1.0
464000.0,1823.339688,-4.716992812852067E-10,464000.0,98.5,20.65171392297886,50.0,464000.0,-1.0
465000.0,1825.6017025,-4.722844660540838E-10,465000.0,96.6,18.457405986185567,52.7777777777777,465000.0,-1.0
466000.0,1828.0821184,-4.729261514213352E-10,466000.0,98.1,-0.18983336848726434,47.22222222222222,466000.0,-1.0
467000.0,1830.1413316,-4.734588713488647E-10,467000.0,99.5,54.31286549707579,64.28571428571429,467000.0,-1.0
468000.0,1832.0913441,-4.73963340977207E-10,468000.0,99.1,17.913170375775827,50.0,468000.0,-1.0
469000.0,1833.9165558,-4.744355245493353E-10,469000.0,98.6,11.971830985914963,41.66666666666667,469000.0,-1.0
470000.0,1836.1629702,-4.750166735611857E-10,470000.0,99.0,-0.1803245842523906,37.5,470000.0,-1.0
471000.0,1838.4249847,-4.756018583300628E-10,471000.0,98.3,10.204944010141762,50.0,471000.0,-1.0
472000.0,1841.1862024,-4.763161873237955E-10,472000.0,98.3,25.595238095238326,52.77777777777778,472000.0,-1.0
473000.0,1843.2142154,-4.768408357372715E-10,473000.0,97.0,11.431270666037092,50.0,473000.0,-1.0
474000.0,1845.1486278,-4.773412696085871E-10,474000.0,97.89999999999999,-0.1908396946566796,47.5,474000.0,-1.0
475000.0,1847.7070442,-4.780031337609723E-10,475000.0,99.9,85.66513761467886,87.5,475000.0,-1.0
476000.0,1849.7974576,-4.785439252025552E-10,476000.0,98.9,14.992272024729855,45.0,476000.0,-1.0
477000.0,1851.6382694,-4.790201445317104E-10,477000.0,98.8,13.87971867374829,40.0,477000.0,-1.0
478000.0,1853.5726818,-4.79520578403026E-10,478000.0,98.7,13.031843724913376,45.83333333333333,478000.0,-1.0
479000.0,1855.4914941,-4.800169765173148E-10,479000.0,98.5,11.452184179457173,50.0,479000.0,-1.0
480000.0,1858.3463124,-4.80755520053208E-10,480000.0,98.2,9.538647100210866,47.05882352941176,480000.0,-1.0
481000.0,1860.4835261,-4.813084187658712E-10,481000.0,97.89999999999999,21.583271097833887,50.0,481000.0,-1.0
482000.0,1863.9311482,-4.822003210687805E-10,482000.0,96.39999999999999,9.656695442682352,51.35135135135128,482000.0,-1.0
483000.0,1866.3803639,-4.828339349219784E-10,483000.0,99.5,44.22132976349891,58.333333333333336,483000.0,-1.0
484000.0,1868.7515791,-4.834473699900427E-10,484000.0,99.1,30.318984205636568,35.714285714285715,484000.0,-1.0
485000.0,1871.6843979,-4.842060923110695E-10,485000.0,98.9,14.992272024729855,45.0,485000.0,-1.0
486000.0,1873.8996121,-4.847791698088664E-10,486000.0,98.1,16.84173669467813,47.22222222222222,486000.0,-1.0
487000.0,1875.6312232,-4.852271388388343E-10,487000.0,99.0,37.067337948395,50.0,487000.0,-1.0
488000.0,1877.8932377,-4.858123236077114E-10,488000.0,98.4,26.793557833089576,52.94117647058824,488000.0,-1.0
489000.0,1880.2020525,-4.864096156476687E-10,489000.0,97.89999999999999,15.322580645161366,44.73684210526316,489000.0,-1.0
490000.0,1883.1660715,-4.87176409482749E-10,490000.0,96.5,9.914547513641427,49.99999999999992,490000.0,-1.0
491000.0,1886.4264924,-4.880198827013373E-10,491000.0,97.7,-0.1916710228259837,45.23809523809524,491000.0,-1.0
492000.0,1888.8913082,-4.88657532311562E-10,492000.0,99.8,66.56636576395813,66.66666666666666,492000.0,-1.0
493000.0,1891.7773267,-4.894041473615087E-10,493000.0,99.1,17.763157894736423,35.714285714285715,493000.0,-1.0
494000.0,1894.8193462,-4.901911199817227E-10,494000.0,98.6,-0.4736615472936625,30.0,494000.0,-1.0
495000.0,1897.6273642,-4.909175562465356E-10,495000.0,99.3,58.501304244723684,65.0,495000.0,-1.0
496000.0,1900.8877851,-4.917610294651239E-10,496000.0,98.4,10.664433277498986,46.666666666666664,496000.0,-1.0
497000.0,1904.3510073,-4.926569675250599E-10,497000.0,98.2,9.538647100210866,40.0,497000.0,-1.0
498000.0,1907.7050288,-4.935246552858087E-10,498000.0,96.2,9.17782026768656,49.99999999999993,498000.0,-1.0
499000.0,1910.9342495,-4.943600569903436E-10,499000.0,98.3,-0.18859028760037738,43.333333333333336,499000.0,-1.0
500000.0,1914.0542695,-4.951672083956913E-10,500000.0,99.6,49.79919678714839,50.0,500000.0,-1.0
501000.0,1917.2678901,-4.959985743431995E-10,501000.0,98.7,12.704807950577509,27.77777777777778,501000.0,-1.0
502000.0,1920.2787094,-4.9677747544936E-10,502000.0,98.9,14.992272024729855,38.88888888888889,502000.0,-1.0
503000.0,1923.2739286,-4.975523407984939E-10,503000.0,99.0,28.16091954022947,50.0,503000.0,-1.0
504000.0,1926.7371508,-4.984482788584298E-10,504000.0,98.6,12.192674360260606,46.15384615384615,504000.0,-1.0
505000.0,1929.7947704,-4.992392872356706E-10,505000.0,98.0,22.450562233423675,44.44444444444444,505000.0,-1.0
506000.0,1932.2595862,-4.998769368458953E-10,506000.0,96.6,14.525617175323163,52.7777777777777,506000.0,-1.0
507000.0,1935.6916082,-5.007648033917778E-10,507000.0,98.7,13.031843724913376,50.0,507000.0,-1.0
508000.0,1938.0160231,-5.013661311887619E-10,508000.0,99.2,19.614147909967457,0.0,508000.0,-1.0
509000.0,1940.8240411,-5.020925674535748E-10,509000.0,98.6,11.971830985914963,41.66666666666667,509000.0,-1.0
510000.0,1942.7272533,-5.025849298108369E-10,510000.0,98.8,32.795698924731475,45.45454545454545,510000.0,-1.0
511000.0,1944.8332668,-5.031297570094466E-10,511000.0,98.7,23.05871212121165,50.0,511000.0,-1.0
512000.0,1948.0936877,-5.03973230228035E-10,512000.0,98.2,9.674829385788513,47.05882352941176,512000.0,-1.0
513000.0,1951.0109064,-5.047279167920351E-10,513000.0,97.8,20.680703778482716,45.0,513000.0,-1.0
514000.0,1954.1309264,-5.055350681973828E-10,514000.0,96.1,8.955084508357345,51.24999999999993,514000.0,-1.0
515000.0,1957.2353463,-5.063381838457038E-10,515000.0,99.3,21.97949175211842,50.0,515000.0,-1.0
516000.0,1959.3413598,-5.068830110443135E-10,516000.0,99.2,19.59798994974789,20.0,516000.0,-1.0
517000.0,1961.9153763,-5.075489109537254E-10,517000.0,98.6,21.735241502683845,46.15384615384615,517000.0,-1.0
518000.0,1963.9589894,-5.080775951242282E-10,518000.0,99.1,46.619217081850444,55.00000000000001,518000.0,-1.0
519000.0,1966.1118032,-5.086345295939181E-10,519000.0,98.4,0.0,50.0,519000.0,-1.0
520000.0,1968.6234193,-5.092842864752229E-10,520000.0,98.2,-0.18924635422514557,47.05882352941176,520000.0,-1.0
521000.0,1970.7918332,-5.098452567019396E-10,521000.0,97.0,15.942841131969661,48.275862068965516,521000.0,-1.0
522000.0,1973.5842511,-5.105676572097259E-10,522000.0,96.89999999999999,5.7062903029565275,48.333333333333336,522000.0,-1.0
523000.0,1976.6418707,-5.113586655869667E-10,523000.0,99.5,28.32568807339425,37.5,523000.0,-1.0
524000.0,1979.5746895,-5.121173879079935E-10,524000.0,99.1,30.340557275541364,43.75,524000.0,-1.0
525000.0,1982.4763081,-5.128680387149668E-10,525000.0,98.4,19.2653143606826,38.46153846153847,525000.0,-1.0
526000.0,1984.7071224,-5.134451519697904E-10,526000.0,99.0,37.067337948395,54.54545454545454,526000.0,-1.0
527000.0,1986.9691369,-5.140303367386676E-10,527000.0,98.3,18.62914034080032,52.77777777777778,527000.0,-1.0
528000.0,1989.5743536,-5.147043081621329E-10,528000.0,98.3,10.071942446042708,46.875,528000.0,-1.0
529000.0,1991.352765,-5.151643844631811E-10,529000.0,97.1,31.758283132530025,56.06060606060599,529000.0,-1.0
530000.0,1993.7395803,-5.157818552882721E-10,530000.0,98.3,10.204944010141762,50.0,530000.0,-1.0
531000.0,1995.7363931,-5.162984321876946E-10,531000.0,99.1,30.318984205636568,35.714285714285715,531000.0,-1.0
532000.0,1997.6552054,-5.167948303019834E-10,532000.0,98.8,24.433249370277565,36.84210526315789,532000.0,-1.0
533000.0,2000.088821,-5.174244083981547E-10,533000.0,98.6,29.407018959257957,51.724137931034484,533000.0,-1.0
534000.0,2002.8812389,-5.181468089059409E-10,534000.0,98.5,28.10582822085919,54.54545454545454,534000.0,-1.0
535000.0,2005.392855,-5.187965657872458E-10,535000.0,98.6,21.831379117811615,51.724137931034484,535000.0,-1.0
536000.0,2007.5924691,-5.193656075280159E-10,536000.0,97.89999999999999,8.08823529411793,41.66666666666667,536000.0,-1.0
537000.0,2009.6204821,-5.19890255941492E-10,537000.0,96.7,25.895984909727982,57.69230769230763,537000.0,-1.0
538000.0,2012.0540977,-5.205198340376632E-10,538000.0,98.8,24.547283702212823,50.0,538000.0,-1.0
539000.0,2014.8933159,-5.212543418165296E-10,539000.0,99.0,-0.4823151125406772,16.666666666666664,539000.0,-1.0
540000.0,2017.6389335,-5.219646350532356E-10,540000.0,98.4,19.39546599496183,46.666666666666664,540000.0,-1.0
541000.0,2020.0725491,-5.225942131494068E-10,541000.0,99.2,32.97587131367256,50.0,541000.0,-1.0
542000.0,2022.9117673,-5.233287209282732E-10,542000.0,98.2,24.401511969760882,52.63157894736842,542000.0,-1.0
543000.0,2025.0177808,-5.23873548126883E-10,543000.0,98.9,-0.1821493624764007,45.0,543000.0,-1.0
544000.0,2027.5137968,-5.245192692511612E-10,544000.0,97.7,20.027816411682846,50.0,544000.0,-1.0
545000.0,2030.4934159,-5.252900988432682E-10,545000.0,97.39999999999999,22.87155146840723,53.57142857142857,545000.0,-1.0
546000.0,2032.7866306,-5.258833551261988E-10,546000.0,99.3,21.90986166889847,41.66666666666667,546000.0,-1.0
547000.0,2034.8458438,-5.264160750537283E-10,547000.0,99.2,32.97587131367256,50.0,547000.0,-1.0
548000.0,2037.1390585,-5.270093313366589E-10,548000.0,98.3,9.785608151135424,34.61538461538461,548000.0,-1.0
549000.0,2039.4634734,-5.276106591336429E-10,549000.0,99.2,42.528735632183576,60.0,549000.0,-1.0
550000.0,2042.7394944,-5.28458168109258E-10,550000.0,98.2,-0.3568242640503132,43.75,550000.0,-1.0
551000.0,2045.0795094,-5.290635316632689E-10,551000.0,98.7,22.985781990521794,45.83333333333333,551000.0,-1.0
552000.0,2047.0919223,-5.295841443197182E-10,552000.0,97.8,30.664985817838026,56.00000000000001,552000.0,-1.0
553000.0,2049.073135,-5.300966854621139E-10,553000.0,98.3,10.204944010141762,50.0,553000.0,-1.0
554000.0,2051.6159513,-5.307545138574723E-10,554000.0,99.1,39.564867042707505,50.0,554000.0,-1.0
555000.0,2053.7843652,-5.31315484084189E-10,555000.0,98.8,32.758041017595026,45.45454545454545,555000.0,-1.0
556000.0,2056.8107846,-5.320984209473763E-10,556000.0,98.8,32.795698924731475,50.0,556000.0,-1.0
557000.0,2060.0556054,-5.329378584089379E-10,557000.0,98.4,26.706367384333475,50.0,557000.0,-1.0
558000.0,2063.2068256,-5.337530813283392E-10,558000.0,98.5,28.10582822085919,55.88235294117647,558000.0,-1.0
559000.0,2065.6716414,-5.343907309385639E-10,559000.0,98.1,23.300500565154532,47.22222222222222,559000.0,-1.0
560000.0,2067.949256,-5.349799514644677E-10,560000.0,96.89999999999999,19.938016528925502,53.03030303030295,560000.0,-1.0
561000.0,2070.7416739,-5.357023519722539E-10,561000.0,98.8,24.547283702212823,50.0,561000.0,-1.0
562000.0,2073.9552945,-5.365337179197621E-10,562000.0,98.7,12.704807950577509,27.77777777777778,562000.0,-1.0
563000.0,2076.7321123,-5.372520826705215E-10,563000.0,98.7,31.144067796610543,56.666666666666664,563000.0,-1.0
564000.0,2080.0237334,-5.381036274031633E-10,564000.0,98.8,32.758041017595026,45.45454545454545,564000.0,-1.0
565000.0,2083.237354,-5.389349933506715E-10,565000.0,98.0,22.360248447204917,50.0,565000.0,-1.0
566000.0,2085.7021698,-5.395726429608962E-10,566000.0,98.6,11.894273127753003,36.36363636363637,566000.0,-1.0
567000.0,2088.385387,-5.402667931694952E-10,567000.0,97.89999999999999,21.805183199285302,54.347826086956516,567000.0,-1.0
568000.0,2092.2074115,-5.412555536410462E-10,568000.0,97.6,7.3502161828285635,45.45454545454545,568000.0,-1.0
569000.0,2095.09343,-5.420021686909928E-10,569000.0,99.3,-0.2865329512880903,30.0,569000.0,-1.0
570000.0,2097.8702478,-5.427205334417523E-10,570000.0,98.8,24.433249370277565,40.0,570000.0,-1.0
571000.0,2100.4286642,-5.433823975941374E-10,571000.0,98.5,20.55084745762755,50.0,571000.0,-1.0
572000.0,2103.3458829,-5.441370841581375E-10,572000.0,98.5,20.399066015707728,42.30769230769231,572000.0,-1.0
573000.0,2106.4659029,-5.449442355634853E-10,573000.0,98.6,12.192674360260606,50.0,573000.0,-1.0
574000.0,2109.7107237,-5.457836730250469E-10,574000.0,98.3,9.957627118644554,43.333333333333336,574000.0,-1.0
575000.0,2112.5967422,-5.465302880749936E-10,575000.0,96.8,19.419822723609858,54.285714285714214,575000.0,-1.0
576000.0,2115.4515605,-5.472688316108868E-10,576000.0,98.7,12.915326902464747,45.83333333333333,576000.0,-1.0
577000.0,2118.6807812,-5.481042333154216E-10,577000.0,99.0,28.10927390366682,44.44444444444444,577000.0,-1.0
578000.0,2121.9412021,-5.489477065340099E-10,578000.0,98.6,29.471032745591604,53.333333333333336,578000.0,-1.0
579000.0,2125.1236225,-5.497710009674646E-10,579000.0,98.9,26.13483749664251,38.88888888888889,579000.0,-1.0
580000.0,2128.4620439,-5.506346529711867E-10,580000.0,97.89999999999999,-0.3632192697379315,41.66666666666667,580000.0,-1.0
581000.0,2131.5196635,-5.514256613484275E-10,581000.0,98.6,35.94436310395338,61.111111111111114,581000.0,-1.0
582000.0,2134.8268847,-5.522812418380961E-10,582000.0,97.89999999999999,21.489457155675428,47.5,582000.0,-1.0
583000.0,2138.1653061,-5.531448938418181E-10,583000.0,96.89999999999999,10.940013789933426,50.0,583000.0,-1.0
584000.0,2141.0669247,-5.538955446487914E-10,584000.0,99.3,0.0,50.0,584000.0,-1.0
585000.0,2143.7501419,-5.545896948573905E-10,585000.0,98.8,24.433249370277565,40.0,585000.0,-1.0
586000.0,2146.6517605,-5.553403456643638E-10,586000.0,98.7,-0.3396109910461,40.909090909090914,586000.0,-1.0
587000.0,2149.6625798,-5.561192467705244E-10,587000.0,98.6,12.071347820625427,46.15384615384615,587000.0,-1.0
588000.0,2151.5501919,-5.566075733707597E-10,588000.0,98.4,19.710959454034235,50.0,588000.0,-1.0
589000.0,2153.6718055,-5.571564363263961E-10,589000.0,98.4,26.632428466617856,50.0,589000.0,-1.0
590000.0,2155.8246193,-5.57713370796086E-10,590000.0,97.3,6.71641791044758,50.0,590000.0,-1.0
591000.0,2161.0350527,-5.590613136430167E-10,591000.0,98.2,17.883211678831817,52.63157894736842,591000.0,-1.0
592000.0,2163.73387,-5.597594996086425E-10,592000.0,99.1,30.340557275541364,43.75,592000.0,-1.0
593000.0,2166.9942909,-5.606029728272309E-10,593000.0,98.8,24.632583846250363,53.84615384615385,593000.0,-1.0
594000.0,2169.9895101,-5.613778381763647E-10,594000.0,99.1,39.564867042707505,50.0,594000.0,-1.0
595000.0,2172.0643234,-5.61914593860921E-10,595000.0,98.2,-0.3568242640503132,40.0,595000.0,-1.0
596000.0,2174.3107378,-5.624957428727713E-10,596000.0,98.8,24.73657802308052,57.14285714285714,596000.0,-1.0
597000.0,2176.9627548,-5.631818215673169E-10,597000.0,97.7,14.230310262529954,47.72727272727273,597000.0,-1.0
598000.0,2180.1763754,-5.64013187514825E-10,598000.0,97.3,17.73308957952451,55.00000000000001,598000.0,-1.0
599000.0,2182.4383899,-5.645983722837021E-10,599000.0,99.1,-0.40160642570197064,25.0,599000.0,-1.0
600000.0,2185.6052102,-5.6541763096013E-10,600000.0,98.9,34.756820877817205,45.0,600000.0,-1.0
601000.0,2188.7408303,-5.662288181225045E-10,601000.0,98.9,14.992272024729855,45.0,601000.0,-1.0
602000.0,2191.9232507,-5.670521125559592E-10,602000.0,98.9,14.860681114550555,31.25,602000.0,-1.0
603000.0,2195.1056711,-5.678754069894138E-10,603000.0,98.4,19.58990853352077,50.0,603000.0,-1.0
604000.0,2197.3052852,-5.68444448730184E-10,604000.0,98.8,39.49173053650682,57.14285714285714,604000.0,-1.0
605000.0,2200.6593067,-5.693121364909328E-10,605000.0,96.6,10.185967878275756,51.42857142857136,605000.0,-1.0
606000.0,2203.2645234,-5.699861079143981E-10,606000.0,98.5,20.76906824424273,55.88235294117647,606000.0,-1.0
607000.0,2205.9945409,-5.706923653940774E-10,607000.0,99.1,39.564867042707505,50.0,607000.0,-1.0
608000.0,2208.9897601,-5.714672307432113E-10,608000.0,99.1,17.823228634039083,43.75,608000.0,-1.0
609000.0,2211.9849793,-5.722420960923452E-10,609000.0,99.1,17.733089579525064,25.0,609000.0,-1.0
610000.0,2214.6213962,-5.729241390298639E-10,610000.0,98.5,20.65171392297886,50.0,610000.0,-1.0
611000.0,2218.0066179,-5.737998983046662E-10,611000.0,98.8,32.91592128801473,57.14285714285714,611000.0,-1.0
612000.0,2221.2670388,-5.746433715232546E-10,612000.0,97.89999999999999,15.689738236711163,54.347826086956516,612000.0,-1.0
613000.0,2225.7442675,-5.758016337899285E-10,613000.0,97.89999999999999,15.689738236711163,54.347826086956516,613000.0,-1.0
614000.0,2228.9266879,-5.766249282233832E-10,614000.0,98.9,26.23390557939871,50.0,614000.0,-1.0
615000.0,2231.7971063,-5.773675075163031E-10,615000.0,99.1,39.564867042707505,43.75,615000.0,-1.0
616000.0,2235.0107269,-5.781988734638112E-10,616000.0,99.2,19.614147909967457,33.33333333333333,616000.0,-1.0
617000.0,2237.3351418,-5.788002012607953E-10,617000.0,98.8,-0.18367006177964945,45.45454545454545,617000.0,-1.0
618000.0,2240.6891633,-5.796678890215441E-10,618000.0,99.0,28.32568807339425,58.333333333333336,618000.0,-1.0
619000.0,2244.1991858,-5.805759343525603E-10,619000.0,98.3,10.204944010141762,50.0,619000.0,-1.0
620000.0,2247.3192058,-5.813830857579081E-10,620000.0,97.39999999999999,13.008565310492825,53.57142857142857,620000.0,-1.0
621000.0,2250.6108269,-5.822346304905499E-10,621000.0,99.2,32.97587131367256,50.0,621000.0,-1.0
622000.0,2253.3720446,-5.829489594842826E-10,622000.0,99.0,37.027707808564635,44.44444444444444,622000.0,-1.0
623000.0,2256.0708619,-5.836471454499084E-10,623000.0,99.1,30.340557275541364,43.75,623000.0,-1.0
624000.0,2259.0192808,-5.84409903527962E-10,624000.0,99.1,-0.3120820329906007,35.714285714285715,624000.0,-1.0
625000.0,2261.5932973,-5.850758034373739E-10,625000.0,98.9,34.9728068101207,60.71428571428571,625000.0,-1.0
626000.0,2264.1673138,-5.857417033467857E-10,626000.0,98.9,26.31296891747017,54.166666666666664,626000.0,-1.0
627000.0,2266.2577272,-5.862824947883686E-10,627000.0,97.1,11.789755444701267,53.2258064516129,627000.0,-1.0
628000.0,2269.1125455,-5.870210383242618E-10,628000.0,99.4,49.73190348525443,62.5,628000.0,-1.0
629000.0,2271.1405585,-5.875456867377378E-10,629000.0,98.7,12.821888412016651,40.909090909090914,629000.0,-1.0
630000.0,2272.9813703,-5.88021906066893E-10,630000.0,99.5,44.19642857142832,50.0,630000.0,-1.0
631000.0,2275.5709869,-5.886918417333316E-10,631000.0,99.2,19.614147909967457,33.33333333333333,631000.0,-1.0
632000.0,2278.2074038,-5.893738846708504E-10,632000.0,98.6,12.335629304946917,53.333333333333336,632000.0,-1.0
633000.0,2280.4070179,-5.899429264116206E-10,633000.0,99.4,49.7739829231542,66.66666666666666,633000.0,-1.0
634000.0,2283.3242366,-5.906976129756207E-10,634000.0,98.2,24.60417190248784,57.14285714285714,634000.0,-1.0
635000.0,2287.1774613,-5.916944449612251E-10,635000.0,98.6,21.944692239071976,56.25,635000.0,-1.0
636000.0,2290.562683,-5.925702042360274E-10,636000.0,98.7,22.93099359734399,40.909090909090914,636000.0,-1.0
637000.0,2293.1990999,-5.932522471735462E-10,637000.0,99.5,44.19642857142832,50.0,637000.0,-1.0
638000.0,2296.0851184,-5.939988622234928E-10,638000.0,99.2,19.662582847960653,42.857142857142854,638000.0,-1.0
639000.0,2299.2363386,-5.94814085142894E-10,639000.0,99.0,0.0,50.0,639000.0,-1.0
640000.0,2301.5607535,-5.954154129398781E-10,640000.0,99.3,52.9948965887725,61.111111111111114,640000.0,-1.0
641000.0,2304.1503701,-5.960853486063167E-10,641000.0,98.5,20.76906824424273,55.88235294117647,641000.0,-1.0
642000.0,2306.9271879,-5.968037133570762E-10,642000.0,98.3,25.69930069930103,57.49999999999999,642000.0,-1.0
643000.0,2310.2812094,-5.97671401117825E-10,643000.0,99.0,28.233098894790242,54.54545454545454,643000.0,-1.0
644000.0,2313.4792299,-5.984987313083064E-10,644000.0,99.3,45.803654382161774,41.66666666666667,644000.0,-1.0
645000.0,2316.9892524,-5.994067766393226E-10,645000.0,99.3,21.90986166889847,41.66666666666667,645000.0,-1.0
646000.0,2320.0312719,-6.001937492595366E-10,646000.0,98.8,13.87971867374829,42.857142857142854,646000.0,-1.0
647000.0,2323.3540932,-6.01053365506232E-10,647000.0,99.4,39.74693713597049,60.0,647000.0,-1.0
648000.0,2326.5521137,-6.018806956967133E-10,648000.0,98.7,23.05871212121165,50.0,648000.0,-1.0
649000.0,2329.5317328,-6.026515252888204E-10,649000.0,98.1,38.11074918566782,62.0,649000.0,-1.0
650000.0,2332.4801517,-6.03414283366874E-10,650000.0,99.6,33.15508021390357,50.0,650000.0,-1.0
651000.0,2335.0385681,-6.040761475192591E-10,651000.0,98.6,21.65640738668175,41.66666666666667,651000.0,-1.0
652000.0,2338.3457893,-6.049317280089277E-10,652000.0,99.5,44.22132976349891,58.333333333333336,652000.0,-1.0
653000.0,2341.731011,-6.0580748728373E-10,653000.0,99.3,-0.34403669724805136,12.5,653000.0,-1.0
654000.0,2344.6326296,-6.065581380907034E-10,654000.0,99.0,37.193819871875306,61.53846153846154,654000.0,-1.0
655000.0,2347.0506451,-6.071836804298478E-10,655000.0,99.4,24.868519909842615,57.14285714285714,655000.0,-1.0
656000.0,2350.1862652,-6.079948675922223E-10,656000.0,98.1,23.596589995174458,56.81818181818182,656000.0,-1.0
657000.0,2353.5246866,-6.088585195959443E-10,657000.0,99.9,85.66513761467886,87.5,657000.0,-1.0
658000.0,2356.2079038,-6.095526698045434E-10,658000.0,98.3,9.957627118644554,43.333333333333336,658000.0,-1.0
659000.0,2359.5307251,-6.104122860512387E-10,659000.0,99.5,44.22132976349891,58.333333333333336,659000.0,-1.0
660000.0,2362.7755459,-6.112517235128004E-10,660000.0,99.5,28.32568807339425,37.5,660000.0,-1.0
661000.0,2365.287162,-6.119014803941052E-10,661000.0,98.7,23.258559622196216,56.666666666666664,661000.0,-1.0
662000.0,2368.0015794,-6.126037021167577E-10,662000.0,99.4,49.73190348525443,62.5,662000.0,-1.0
663000.0,2371.2620003,-6.134471753353461E-10,663000.0,98.7,23.258559622196216,56.666666666666664,663000.0,-1.0
664000.0,2373.6644157,-6.140686819174638E-10,664000.0,99.3,45.904173106646276,65.0,664000.0,-1.0
665000.0,2375.7236289,-6.146014018449933E-10,665000.0,98.5,27.898481061334063,46.42857142857143,665000.0,-1.0
666000.0,2379.1400508,-6.154852326338491E-10,666000.0,99.5,54.29616087751392,58.333333333333336,666000.0,-1.0
667000.0,2382.3848716,-6.163246700954108E-10,667000.0,99.5,28.4487693188333,58.333333333333336,667000.0,-1.0
668000.0,2385.4268911,-6.171116427156248E-10,668000.0,99.4,39.807383627608154,62.5,668000.0,-1.0
669000.0,2388.4845107,-6.179026510928656E-10,669000.0,99.3,53.05793991416281,68.18181818181817,669000.0,-1.0
670000.0,2391.4329296,-6.186654091709192E-10,670000.0,98.8,13.9908256880731,50.0,670000.0,-1.0
670635.0,2393.1801408,-6.191174139579139E-10,670635.0,98.3,31.539948453608396,59.523809523809526,670635.0,-1.0
