DAG
attr0 has 2 parent(s): {output, GlobalHidden_0}
attr1 has 2 parent(s): {output, GlobalHidden_0}
attr2 has 2 parent(s): {output, GlobalHidden_0}
attr3 has 2 parent(s): {output, GlobalHidden_0}
attr4 has 2 parent(s): {output, GlobalHidden_0}
attr5 has 2 parent(s): {output, GlobalHidden_0}
attr6 has 2 parent(s): {output, GlobalHidden_0}
attr7 has 2 parent(s): {output, GlobalHidden_0}
attr8 has 2 parent(s): {output, GlobalHidden_0}
attr9 has 2 parent(s): {output, GlobalHidden_0}
output has 0 parent(s): {}
GlobalHidden_0 has 0 parent(s): {}

Sample	GlobalHidden_0	 Accuracy
1000	4.214674183312797	0.472	-5.755887931157524	1.4847508064965302	0.08661768124483249	-1.4706897574250666	0.4687738627693684	0.09037201224250266	-0.5514522700921869	0.22422333568852268	0.08317417935416171	-2.5435440814736943	0.7498840357206391	0.0767650562156459	-2.852737395096789	0.7796603912049967	0.08389968616035882	5.610240832123581	-1.203980445705701	0.08309437616202167	1.7174832697956044	-0.316370814004947	0.07871567936861883	3.5811233505487263	-0.7013722490285413	0.07428602761952426	-2.238777893826505	0.6318671493128888	0.07839938641411871	-3.319407021075983	0.9255040391801638	0.08284487744225101	-2.0004111260947433	0.5870999942830198	0.09217893968286975	0.2240854791018431	0.06826226985180353	0.08515466269039416	0.538975953058293	-0.011401553586518252	0.08739540280278772	2.071169332225697	-0.3685535937859376	0.0827194625045486	-3.215778398503517	0.8634321905130714	0.08143974432766092	0.8935179939257096	-0.07654861341632596	0.08072565585053587	-1.200637221104288	0.39173721147917456	0.08615146497240378	-2.532396991926455	0.7333721480799121	0.09040877957881459	-4.811187583961637	1.2482724155416156	0.08103221907703596	1.6461375574137038	-0.2522856222366815	0.07567919348977616	0.4721115537848606	0.5278884462151394	4.214674183312797	0.1000159836127125
2000	4.216539125249756	0.791	-5.756373861864792	1.48464417252666	0.08326569726026069	-1.4709821769889262	0.46870637677689814	0.0892555774817339	-0.5475143788710731	0.22515935846522522	0.07839332494035071	-2.5440460465328596	0.7497679319828813	0.0763080644662972	-2.840397883992861	0.7825935591455567	0.0843123203749437	5.6094136339236265	-1.2041816840555544	0.08269034103802916	1.7233986835958672	-0.31496860302602375	0.07610782443422753	3.569233871525245	-0.7041973033347882	0.07371897939477332	-2.242294986962928	0.6310360004743357	0.07601366986320786	-3.3146164154162716	0.9266455885151635	0.07522438911021313	-2.004033932256956	0.5862435499489486	0.0883574786831389	0.2254470421656464	0.06858573700339056	0.08659280080812086	0.5358074075041014	-0.012153697675039462	0.08419663563134058	2.0741830323137007	-0.36783957849347715	0.08677167042380457	-3.2193355322316832	0.8625928814912972	0.07886506298739893	0.8977855098609384	-0.07553596521238967	0.07740754356868502	-1.1993662362708803	0.39204101652950313	0.08664459551454518	-2.5339602775728673	0.7330043561754368	0.08502727642200959	-4.820322201840886	1.2461114297957245	0.07878432278652313	1.6460983011497645	-0.25229591599039886	0.07737016705926233	0.4935129740518962	0.5064870259481038	4.216539125249756	0.10001530071942212
3000	4.225751138182566	0.797	-5.756011678065834	1.4847306295745524	0.08180205649019477	-1.4702561728040349	0.468879113198008	0.08717745874812896	-0.55105132012046	0.22431838675006033	0.07431770517500455	-2.5510334403363686	0.7481065191869117	0.07508817935599336	-2.8386119306383972	0.7830184156330446	0.08101003740035384	5.609703646921866	-1.2041129292558852	0.0838490725732627	1.7283045614263886	-0.3138021219197429	0.07648497423027285	3.561774526432116	-0.705971205601416	0.07507829817816068	-2.2503001913545235	0.629132627402682	0.07360414827244062	-3.311210299629075	0.9274557415747602	0.07421368066921287	-2.002283715076195	0.5866598619451501	0.08700630676894358	0.23208973719924306	0.0701653636891821	0.0825797732081235	0.5405275377018185	-0.011031314251613805	0.08470112365702687	2.0686341888143938	-0.3691591482473409	0.08499722463968884	-3.219603435344961	0.862529355737282	0.07910989561389754	0.8957319961170611	-0.07602429105634602	0.07697616825927743	-1.199542601974899	0.3919991643146357	0.08403445051136753	-2.5372530566296922	0.7322215096029514	0.08411780132276377	-4.818843923004124	1.2464631973024727	0.07918780760062027	1.6438993295373234	-0.2528188603676923	0.07928364068642797	0.49533954727030627	0.5046604527296937	4.225751138182566	0.10001526256127705
4000	4.2169540231584	0.826	-5.758811476528061	1.484066076922143	0.08152689487159512	-1.4700730203967567	0.46892207417525716	0.0863989121064829	-0.5573957296255488	0.22281526647951724	0.07209098681788	-2.544924472135922	0.7495531285143425	0.07336630225954939	-2.845912178996311	0.7812882982095809	0.08025237171279345	5.610496259475197	-1.2039240971272018	0.08379452084824747	1.7307027059711266	-0.31323372360089613	0.07601350929071328	3.5599356220675067	-0.7064062669371431	0.07450693825626946	-2.2528167943381927	0.6285359123684925	0.07399722436303527	-3.3092934868299233	0.9279089492473854	0.0732209587009096	-2.0005628520038896	0.5870670259699128	0.08624323702014003	0.2277766126585737	0.06914346884538945	0.08145725889791712	0.5396159189039439	-0.011247273141337263	0.08329821639653465	2.06331727459727	-0.3704185324750404	0.08574313236702835	-3.2183772666328565	0.862819116820308	0.0788602169145751	0.8928103855696943	-0.07671638643638277	0.07688283576345713	-1.1993157224087365	0.3920525725010867	0.08292995530394752	-2.5392095190609028	0.7317573226172656	0.08310914711764546	-4.816723483054868	1.2469645046516018	0.07916122030388274	1.6384089327661204	-0.25411948344897	0.07920375125921875	0.493006993006993	0.506993006993007	4.2169540231584	0.10001524253553953
5000	4.215281720832778	0.832	-5.760214065075455	1.483733479678007	0.08215388093926146	-1.4693740145790342	0.4690875427484606	0.0856417665011583	-0.5603194414083018	0.2221227018563205	0.07089008520383945	-2.54271007973583	0.7500774866938601	0.07056175025776865	-2.8462456733274744	0.7812091058976085	0.0804057863255963	5.61296374972822	-1.2033393159461412	0.08238076485984262	1.7352145381605946	-0.31216493560744973	0.07695788547814829	3.5594382007942613	-0.7065239419902692	0.07640490568093901	-2.256598608085327	0.6276399813287773	0.07252444597173205	-3.3094910482388595	0.927861933281239	0.07309281448803948	-1.9958663510721528	0.5881793171948981	0.08646170094746324	0.2254591948512829	0.06859451272147477	0.08189993861353272	0.5366479060095565	-0.011950302367758976	0.08343090528698734	2.0619868347855923	-0.370733607675794	0.0861028973982325	-3.217262315238955	0.8630830009008676	0.07995876996954265	0.8958271315528257	-0.07600177691916032	0.07647470667091778	-1.1987409266036044	0.3921886231673272	0.08279596305936723	-2.5347594802564504	0.7328112464738472	0.0823451963482752	-4.816432510325145	1.2470331152218657	0.078905922252126	1.6356326329499287	-0.25477709526401654	0.07972849264633664	0.49720223820943243	0.5027977617905676	4.215281720832778	0.10001506513928361
6000	4.217362476261307	0.793	-5.762656894088432	1.48315549176396	0.08179875582964813	-1.464924948819391	0.4701426463895024	0.08506403591278305	-0.5591179513886714	0.22240770257120726	0.07032546835699305	-2.5435830553397234	0.7498712114425259	0.07103017940221512	-2.8448780522578563	0.7815338835677678	0.08092391448142028	5.614768454342447	-1.2029124887091027	0.08246717219335754	1.737387352808443	-0.31165007243910775	0.07793777850237935	3.5579447209023667	-0.7068785373449027	0.07673339253822119	-2.255219034366781	0.6279675069785291	0.07160974614818215	-3.3045179882749935	0.9290416596269416	0.07183206384802691	-1.9970411043705907	0.5879012845296616	0.08526423834855715	0.2249986513205436	0.06848539564963133	0.08167016126363452	0.5399600323830563	-0.011165142406988715	0.08376293835925906	2.066757676506207	-0.3696029201466894	0.08582055742950823	-3.2124560476799906	0.864222968048274	0.08022598183972796	0.8921307672357794	-0.07687809287169316	0.07701904245740182	-1.2005217686973575	0.39176675899150687	0.08208238819964456	-2.5353315103704164	0.7326762902200397	0.08182390746498004	-4.819719006839322	1.2462549571317203	0.07782885576862875	1.6346653437447456	-0.2550066032978299	0.08030422693732213	0.4945036642238508	0.5054963357761493	4.2173624762613064	0.10001515606771107
7000	4.2094258585707065	0.816	-5.76364253502204	1.4829219703809706	0.08152622771491666	-1.4636018944963567	0.470455608702694	0.08521181844146127	-0.5542300983196415	0.22356422772959136	0.07111396191559737	-2.5451187094647936	0.7495076527608757	0.07093917303254459	-2.8453200813264057	0.7814291342298822	0.08111068299619013	5.614689650296455	-1.202930860423155	0.08161683522987219	1.7338736625626014	-0.312481433237895	0.07700516921620901	3.5602455052787203	-0.7063339522610242	0.07643479466521753	-2.2544111030841214	0.6281585530072185	0.07199055748624412	-3.3048561374697427	0.9289614269639973	0.07215254876437997	-1.9958567719127658	0.5881814050791627	0.08474671168177819	0.22304705707828415	0.0680235811566273	0.08188661919611699	0.5401260554577184	-0.011125854911184844	0.08407239592683473	2.066829149897565	-0.36958592362017545	0.08449619417953966	-3.21165710163659	0.8644118484800131	0.07992819132138575	0.8929097949469126	-0.07669373778920785	0.07794752357890501	-1.2001048331948692	0.39186533696973586	0.0820193392452581	-2.534921534184503	0.7327731315632682	0.0823297525799442	-4.818992951404202	1.2464265129913379	0.07855060633033532	1.6367094202847519	-0.25452285546368325	0.07999715306025083	0.490862364363221	0.5091376356367789	4.209425858570706	0.10001520497822937
8000	4.205117758123023	0.797	-5.766145345940098	1.4823298478473268	0.08172686392292575	-1.4615915815540967	0.47093104060062	0.0849709089768265	-0.5527566955917599	0.223912677068909	0.07150910012891311	-2.547306391568721	0.7489901035557116	0.07218869986286046	-2.846101835088645	0.7812441441318566	0.08024283663999103	5.616985482449439	-1.2023876775914237	0.08135851588563087	1.7316859494147678	-0.312998807594407	0.07632260611974662	3.5604792233259746	-0.7062785860528804	0.07701546236842534	-2.2530569343018714	0.6284787499642905	0.07280975599125915	-3.30592360786166	0.9287088234834409	0.07207703875594892	-1.9921316928492723	0.5890623565978582	0.08440333458300332	0.22415967201996193	0.0682867334780295	0.08276685846819261	0.539862121224668	-0.011188276840550801	0.08422643367769056	2.0682300411094467	-0.36925452923302293	0.08412629622602154	-3.209455411985943	0.8649324608826413	0.08040353717455741	0.892471970737092	-0.07679728304180794	0.07760529316372725	-1.1988146488963018	0.3921704329034462	0.08263401281046273	-2.5346169287886533	0.732845084411769	0.08234552556137657	-4.815767996800749	1.247189095450133	0.07919169339822632	1.6397959963007527	-0.25379277258430005	0.07962488191927833	0.49025487256371814	0.5097451274362819	4.205117758123023	0.10001516188409312
9000	4.21091456780047	0.791	-5.768138757908669	1.48185725587474	0.08138212992690211	-1.4573133681022592	0.47194499855955496	0.08529571825449628	-0.5521046168778904	0.22406719725285734	0.07179868154949788	-2.5483505567926223	0.7487425383405011	0.07213479750341929	-2.845374301963138	0.7814164839993746	0.08050747584677037	5.614185918471139	-1.203051096738282	0.08153062929724739	1.7296290330551394	-0.31348625512712186	0.07618464281923852	3.563951473510924	-0.7054555697437322	0.07713470066284314	-2.2507695751441057	0.6290207839903783	0.07299175322401458	-3.3065486599766576	0.9285605780880741	0.07243793628444058	-1.9919150728428712	0.5891136313781581	0.08393977579940193	0.22554590660951213	0.06861528057191718	0.08281535488020007	0.5400521623696133	-0.011143236483337628	0.0843112355754299	2.0687213820651773	-0.3691380355496059	0.08361537495178215	-3.2083115599330103	0.8652034547226918	0.08017551460366575	0.8909363045624636	-0.07716124176935742	0.07770950932990904	-1.1988711119589526	0.39215700891706806	0.08251142450131715	-2.536639331985592	0.7323656671283386	0.08205353995542948	-4.815982905578887	1.2471380304748272	0.07911221344400848	1.6409853479415377	-0.25351085827982967	0.07917345397415837	0.4911150599733452	0.5088849400266549	4.21091456780047	0.1000150953685356
10000	4.201169189679685	0.815	-5.768750696177582	1.4817114867122352	0.08127851808475277	-1.4560933467040256	0.47223320857370454	0.08534374160492189	-0.5492635575204947	0.22478459582031102	0.07279041203440062	-2.5506062965319773	0.7481479342202597	0.07277442306202002	-2.844508726296494	0.7816206504254831	0.08038446807516159	5.6135601442450005	-1.2031982056430943	0.08121320324671905	1.7279897996680853	-0.31388220234910785	0.07552859577167313	3.564652660212583	-0.7052767311977878	0.0763952507364168	-2.249867198973828	0.629247605892641	0.07298778074972159	-3.3044849504038885	0.9290963043261111	0.07204357987081346	-1.9938593812943404	0.5886533483854811	0.08344824761490259	0.22484106959060704	0.06844852368093572	0.08233742758640077	0.5397778737742257	-0.011208099495527734	0.08359902965683255	2.0695907767831048	-0.3689321287666885	0.08345196440554932	-3.2071534406632876	0.8654767624088318	0.0801465850777486	0.8880403880994244	-0.07787888186538598	0.07852643914538751	-1.1993022354334135	0.39205476928034183	0.08252232518100143	-2.5373734839171247	0.7321914728367466	0.08207166769933738	-4.816947779268955	1.2469089714046373	0.07877072683281164	1.642263638189939	-0.2531989299890082	0.07948832777899194	0.49030387844862056	0.5096961215513794	4.201169189679685	0.10001513591577052
0.7027272727272728
