DAG
attr0 has 2 parent(s): {output, GlobalHidden_0}
attr1 has 2 parent(s): {output, GlobalHidden_0}
attr2 has 2 parent(s): {output, GlobalHidden_0}
attr3 has 2 parent(s): {output, GlobalHidden_0}
attr4 has 2 parent(s): {output, GlobalHidden_0}
attr5 has 2 parent(s): {output, GlobalHidden_0}
attr6 has 2 parent(s): {output, GlobalHidden_0}
attr7 has 2 parent(s): {output, GlobalHidden_0}
attr8 has 2 parent(s): {output, GlobalHidden_0}
attr9 has 2 parent(s): {output, GlobalHidden_0}
output has 0 parent(s): {}
GlobalHidden_0 has 0 parent(s): {}

Sample	GlobalHidden_0	 Accuracy
1000	4.21868979284621	0.473	-5.8187335769779835	1.4896794722171356	0.08408112420244496	-1.468060756619633	0.47490426542873815	0.08499738084564258	-0.4434523037701994	0.23062021690995918	0.08699710942417437	-2.5607975774033758	0.722492378737326	0.08220764979378851	-2.9092418567313643	0.8004541624897366	0.07509773395341052	5.580821081362426	-1.2012904882203421	0.08475294474631913	1.7329319190094	-0.3081105383940013	0.08191260989949067	3.486965739818213	-0.6938350749083617	0.08382782826655866	-2.267925332244711	0.6276861187637973	0.07764335955418476	-3.3497944315280797	0.9378121613949056	0.07647364707984977	-2.049130648347744	0.5859184322038378	0.08739574265214017	0.27905856743745416	0.07582835333234328	0.07936619370077112	0.525790724747358	-0.015198993240505557	0.08395341989985425	2.0505999129760086	-0.36257348437697756	0.08730816558483481	-3.1989556761704967	0.8662385191585313	0.08395402840333065	0.8576153923055309	-0.07624018687062269	0.08956039247112138	-1.2268478367591398	0.3894691530085488	0.08476236084600607	-2.5891499868546792	0.7538520357776193	0.07682229884692354	-4.791390153776951	1.2394426732661294	0.08455587183303792	1.6274726898100498	-0.25390509548480766	0.07653837973723006	0.47310756972111556	0.5268924302788844	4.21868979284621	0.10001579806128405
2000	4.216949621071029	0.722	-5.800321379511321	1.49402924032645	0.0836312070174212	-1.4859854325578077	0.47065460240071294	0.08515880078792039	-0.4388608860310838	0.2317058691972872	0.08434560530391982	-2.5736995522222883	0.719431460868624	0.08334819163388694	-2.9233428506641546	0.7971078204323768	0.07582453234013545	5.5948604349662565	-1.1979574471440884	0.08602338355408518	1.7630150966938833	-0.30098220724262603	0.08083081196585762	3.465196274495282	-0.6989890020338697	0.08264580759330262	-2.266009868837632	0.6281340667587456	0.07075674386825477	-3.342184875979166	0.9396093062997422	0.07255062019377331	-2.0442800970398967	0.5870621786881095	0.08185714377601808	0.27189156472864	0.07412982658369716	0.0794785804110775	0.5290702821129362	-0.014422093793237131	0.08051031377247508	2.0627150581967313	-0.3597008820569149	0.084326844664969	-3.1896652368005878	0.8684320435439138	0.08160011447895531	0.8636903128624358	-0.07480039229804304	0.08692106574879897	-1.2309917184532815	0.38848445858966973	0.08219924119902366	-2.592064623707552	0.7531570789793846	0.0750132038308222	-4.787453610675344	1.240365017831791	0.0821077088699487	1.622418186349918	-0.2551013539847915	0.07955531346672828	0.49800399201596807	0.501996007984032	4.216949621071029	0.10001525486769083
3000	4.222646620410075	0.759	-5.791017451524984	1.4962386456325008	0.0839332016896526	-1.4977039086184858	0.46787336965294046	0.08444915456810477	-0.42694002247441815	0.23453570609768037	0.08216765602992362	-2.577634491767095	0.7184978671374807	0.08147965158816854	-2.924862396774918	0.7967475833644749	0.07841368836073799	5.607253760176282	-1.195016425506182	0.08508753818105667	1.779373821035285	-0.2970993227109758	0.08188236554720653	3.4490319644106173	-0.7028261216494419	0.08348908446581732	-2.271501996968081	0.6268308676089971	0.06794796727538709	-3.3398610282522347	0.9401614925450754	0.06909748176714164	-2.0412869011003507	0.5877730778341952	0.081958601115649	0.2601848001647381	0.0713511720279887	0.08086967523718872	0.5301477436992919	-0.014166344152276291	0.0814481554359262	2.05435386686111	-0.36168570815633266	0.08346973455747904	-3.1884347080569957	0.8687246892405361	0.08201654613823392	0.8600490358521466	-0.07566473349965622	0.08582395177783947	-1.2204392718677932	0.39098956518943423	0.08128830671613896	-2.601301296707108	0.7509650666741534	0.07662478536046362	-4.78544777676758	1.2408419641427124	0.08138773238284103	1.6238554512040253	-0.25476034204876874	0.0789299474478728	0.5036617842876165	0.4963382157123835	4.222646620410076	0.10001521101212275
4000	4.226015201179532	0.795	-5.782210611204916	1.4983300864324334	0.08237778395954393	-1.5075532203102975	0.46553564344598536	0.08270529213714739	-0.4295463683188632	0.23391719704938235	0.08275356831561341	-2.5843586060404364	0.716902090844953	0.08082875424510322	-2.9307883234290624	0.7953414147508076	0.07641058171463948	5.613492618324669	-1.1935360426817683	0.08317908344623808	1.7823560721938696	-0.2963915998965715	0.08235566280794943	3.4432879821797786	-0.7041898912110965	0.08239306158278785	-2.27343005974937	0.6263736673043516	0.06706377786003859	-3.336511465253029	0.9409570300906177	0.06748922716925218	-2.046960619236408	0.5864267026377988	0.08071511326945949	0.25473687170394205	0.07005801189384228	0.07984749094397302	0.532399961149465	-0.013631742911773074	0.08122488500674206	2.051265921038974	-0.36241885159184895	0.08399956674857649	-3.1854957477283885	0.8694228385629151	0.0827831445112244	0.8570701045751067	-0.07637187435308335	0.08728077029998571	-1.2156191038707078	0.3921339800475424	0.07964553540596955	-2.6020337215977247	0.750791522120043	0.07694575149920131	-4.784366633543255	1.2410993825190115	0.08127719145785657	1.61747300100666	-0.25627544867976915	0.08107890204548845	0.5134865134865135	0.4865134865134865	4.226015201179532	0.10001488357421663
5000	4.226471803787834	0.812	-5.7803039628786115	1.4987826755780234	0.08188375502549461	-1.515390893289145	0.46367655696612076	0.08207983413873901	-0.434929399815145	0.23264044262602904	0.08276742594783443	-2.578342960922016	0.7183292657334966	0.08113723364693083	-2.9377401327539565	0.7936926317583387	0.07539634218517413	5.617956709726876	-1.192477420470996	0.08130982802718305	1.7867448606343155	-0.29535064532233396	0.08265211393130215	3.435827103192457	-0.7059599247706313	0.08053970394298558	-2.276582637049123	0.6256260989863782	0.06649583774950149	-3.33354235265881	0.9416615825449557	0.06571289690522142	-2.039919475510244	0.5880969323897955	0.08082474960482762	0.25109109893936	0.06919317977831363	0.07995982993378285	0.5338446645251257	-0.013289068109780929	0.08211036513929597	2.0510157351288614	-0.3624782904591106	0.08370335305552992	-3.187373896980189	0.8689775409599058	0.08185436881974106	0.855188609102572	-0.07681821568181549	0.08653860627538296	-1.2102405812867236	0.39340979857174424	0.08098436833423395	-2.6056390184315448	0.7499364436091819	0.07785402763104535	-4.782988227534384	1.2414266078919198	0.08151064150623191	1.6131276146690907	-0.2573063338309709	0.08109616937306445	0.5113908872901679	0.48860911270983215	4.226471803787834	0.10001495564276511
6000	4.2264799942105515	0.803	-5.778037891723167	1.499319573682756	0.08173153316417775	-1.5194831283078383	0.46270642864933353	0.08053294800521554	-0.4406422851109812	0.23128617087365302	0.08320976628415523	-2.573220425150523	0.7195434371934062	0.08147806018509895	-2.942024589788151	0.7926768439057336	0.07554611227371492	5.622154053617341	-1.1914822443094453	0.07985864159800687	1.793004172353134	-0.2938667881962524	0.08035106996788498	3.4314320220891426	-0.707001631062795	0.08027164143520002	-2.2775197113385164	0.6254038699817916	0.06618070732188283	-3.334982968473491	0.9413199346946488	0.06534611110961532	-2.0371862301999832	0.5887447278530759	0.08097871022371742	0.2493778751220429	0.06878702902068899	0.08141269283593093	0.535439319709909	-0.012911044494972136	0.08294348319166961	2.048819603373117	-0.362998817238203	0.08400140606775715	-3.1852318086947453	0.8694851741566768	0.08189084845450069	0.8545611919544659	-0.07696693138201362	0.08626411391281702	-1.2063977760400029	0.39432065491928	0.08133489091658297	-2.609074728946299	0.7491218199987352	0.0784608120750173	-4.780827737562946	1.241938528958033	0.08143873204330226	1.61188720604205	-0.257600345723518	0.08140918527867637	0.508327781479014	0.491672218520986	4.2264799942105515	0.10001495289337684
7000	4.232075223181075	0.784	-5.774689217192963	1.5001141325476026	0.08203174155163087	-1.5190537660868895	0.4628082824912202	0.080437580315168	-0.4455501818756716	0.23012143499566412	0.08352133078532972	-2.567550437006559	0.7208889887566867	0.08148565824058451	-2.944664225056988	0.7920503358230887	0.07488886844253097	5.627123130767649	-1.1903028900489703	0.07907112418588796	1.7958263544311057	-0.2931969991295736	0.07950497149297622	3.426667969319445	-0.708132178160051	0.07983969722137824	-2.27851521909222	0.6251675780398485	0.06561758723048892	-3.3385989832023966	0.9404617550087663	0.06552348078546665	-2.032220963293802	0.5899229969142066	0.08177652169276091	0.24761240695039996	0.06836802689106708	0.08134739184563444	0.5375230575557373	-0.01241652976509659	0.08307842812288442	2.0481390622098736	-0.3631602928346725	0.08399506690724817	-3.1836697253002897	0.8698558092259268	0.08265784937038997	0.8539082377419136	-0.07712188609603852	0.08616807012417861	-1.2061684729624838	0.3943750365848456	0.08076916501450124	-2.6145993958480145	0.747810579691024	0.07977553532754646	-4.779231668547643	1.2423171911982565	0.08141310043499504	1.6111915204899623	-0.25776543238631544	0.08156070512429466	0.5081382067390063	0.4918617932609937	4.232075223181075	0.10001488793916948
8000	4.225773115191407	0.787	-5.777012424749664	1.4995637817322889	0.08196609861589912	-1.5178004847713629	0.46310501585184166	0.08048757449768093	-0.4506193919849926	0.22892094324698095	0.08430394585572591	-2.5612641111818917	0.7223776293847688	0.08140755371941673	-2.9461422165060256	0.7917002254606718	0.07471913077278827	5.628405384678048	-1.1899990790103032	0.07773309486710984	1.7996250600315649	-0.2922973649224435	0.07934112563673998	3.422576963860911	-0.7091009016880957	0.07859072416495654	-2.2779009155888	0.625312965208693	0.06568727682108216	-3.3390823879552034	0.9403471590569031	0.0648636631937581	-2.033137584952556	0.5897058581096425	0.08178198085298156	0.24588174738655372	0.06795814929937904	0.08174584522294608	0.5370148326344127	-0.012536887029461999	0.08338766285515688	2.0499497222381082	-0.36273144444423555	0.08362373664355358	-3.184913534897658	0.8695611474852516	0.08282788719014479	0.850215033428501	-0.07799650445024235	0.08587243339775395	-1.205348884076007	0.3945690788655337	0.08143763615827614	-2.614607974620354	0.7478084557663783	0.07954925208014856	-4.777177003353231	1.24280361996145	0.08245328946504771	1.6103900417054624	-0.25795521699262075	0.08098730568106256	0.5063718140929535	0.4936281859070465	4.225773115191407	0.10001491090027984
9000	4.228987151759114	0.831	-5.777226379902641	1.4995129306286643	0.08197293920881678	-1.515763983646441	0.4635875561657898	0.08026863268954151	-0.4563266983910386	0.22756843680457026	0.0843503980765434	-2.5587851146957825	0.72296501837495	0.08138810092921149	-2.947753430831311	0.7913183265623953	0.07398248381688904	5.629151296038975	-1.1898221855328301	0.07715735529906145	1.8024557055577535	-0.291626541869823	0.0788141007414413	3.420410072303053	-0.7096143174718108	0.07818702186229347	-2.2793162898510366	0.6249572247610227	0.06541409495433859	-3.3365345637365036	0.9409709509362125	0.0644122156635018	-2.0342168144439037	0.5894500522680786	0.08181803738957753	0.24661827855764448	0.06813268883479869	0.0817221022862434	0.540019457293789	-0.011824848883312545	0.08357266867674897	2.0497779966433964	-0.36277209974844943	0.08314347421952935	-3.1843772193010778	0.8696881564863735	0.08231261615335375	0.8491246551212571	-0.07825489147711148	0.08504771730341122	-1.2048236082426662	0.39469351583543316	0.08146490889666744	-2.6181629491393505	0.746965886215307	0.08002431974605836	-4.776469958829916	1.2429710492346675	0.08226866428606125	1.6078497641843315	-0.2585572078799994	0.08102606364098121	0.5037760995113283	0.4962239004886717	4.228987151759114	0.10001491058478108
10000	4.2159215503617675	0.781	-5.781607023601951	1.498478138494664	0.08210399901247399	-1.5118213616134064	0.46451867717247236	0.07998409496529603	-0.4575299012411723	0.22728423344661697	0.08463314295179418	-2.555776797433278	0.7236754763699639	0.08141531354811272	-2.9484439580461017	0.7911436348929227	0.07352560440816543	5.629916795202772	-1.189641281589055	0.07635832204437178	1.8072165903260522	-0.2905008721961126	0.07815118435412378	3.418441067216973	-0.7100792915177242	0.07789356553027414	-2.279366507432229	0.6249430075146347	0.06489410365351472	-3.3360368032150824	0.9411092035807139	0.06416709105790143	-2.031217051287761	0.5901584979957536	0.0821053945558678	0.24662900252958392	0.06813521576164089	0.08172114803442218	0.5409601659254534	-0.011602658147886915	0.08342661760061619	2.049071430035232	-0.36293894767049095	0.08308092291311255	-3.183964137951063	0.8697856402807237	0.08232100594119095	0.8489570918203221	-0.07829446038042123	0.08557210101275227	-1.201919928340773	0.39537928770351355	0.0816710036821439	-2.6198451422109073	0.7465591974651204	0.08034994458410828	-4.775640879705867	1.243166751312465	0.08261404381609389	1.6048844826534685	-0.25925757526929616	0.08109246232084213	0.5051979208316674	0.4948020791683327	4.2159215503617675	0.10001473045902144
0.6860909090909091
