DAG
attr0 has 1 parent(s): {output}
attr1 has 1 parent(s): {output}
attr2 has 1 parent(s): {output}
attr3 has 1 parent(s): {output}
attr4 has 1 parent(s): {output}
attr5 has 1 parent(s): {output}
attr6 has 1 parent(s): {output}
attr7 has 1 parent(s): {output}
attr8 has 1 parent(s): {output}
attr9 has 1 parent(s): {output}
output has 0 parent(s): {}
GlobalHidden_0 has 0 parent(s): {}

Sample	GlobalHidden_0	 Accuracy
100	2.4659131695413303	0.5	0.42324043339181183	0.11490473634496476	0.5799724233682442	0.11202917409492465	0.47960223636156735	0.12076712227418153	0.5627197586927228	0.10033069657090943	0.4303806787754083	0.10402432878023736	0.584266092373313	0.1272046800328445	0.5030347106511841	0.12559862391806048	0.5737663580676506	0.10591610289270194	0.4759482933719217	0.11856189462126024	0.591066498454612	0.11975992118388938	0.380479493843209	0.10411942951091124	0.5839525521672619	0.12652464889949921	0.4975386333778648	0.13132313095606382	0.5237177005616108	0.1240171410089396	0.4157631668880901	0.12639324447330802	0.5447586686981392	0.1215594517317366	0.36947170479724983	0.1270645614479992	0.5893737166276862	0.10743975652328379	0.5095734399703967	0.1147194827964191	0.4456163781636739	0.11738817148481967	0.5	0.5	2.4659131695413303	3.0938859608204337
200	2.4659131695413303	0.8	0.3871028642647158	0.09327715992951312	0.579447250255226	0.08846876142917884	0.5244700900528134	0.10061849721649382	0.5699952712890932	0.09052006750292618	0.4337009828487478	0.08993910266315713	0.5546352607127439	0.0995712015011967	0.4426733695559774	0.10297196139369907	0.529648029920152	0.09820326287407682	0.5005667490804854	0.10427361149386356	0.5865511165478706	0.10344041191235653	0.4035400896857133	0.08271466811820953	0.5737943555026308	0.10048274178067515	0.4949905573779785	0.11116990119275857	0.5424500707040913	0.09178847855152848	0.44122908678014694	0.10363470582477073	0.5682850515832107	0.09302230251458829	0.37886420355196326	0.09787503005805719	0.5818279967187914	0.0949043820738097	0.4987932535483756	0.09494456602461288	0.45832289739243587	0.1063147013177372	0.4950980392156863	0.5049019607843137	2.4659131695413303	3.0938859608204337
300	2.4659131695413303	0.84	0.39535536445435165	0.0871464731229833	0.5811332718502069	0.08006839933285319	0.5234621724511312	0.09826339923543313	0.5445590218149879	0.09540995513147138	0.46822279579266224	0.08478295089988988	0.518080606404299	0.08962994622664203	0.43116896171833535	0.08689039524619636	0.5498247582971214	0.0871870804569385	0.483445483247613	0.09837133855318814	0.5490505254781461	0.10106554989984654	0.41737662716841134	0.08217842866913917	0.5849638836373904	0.09266908002341466	0.5059163661329511	0.10314159919670801	0.5485858725053013	0.09876867382261359	0.4336776974719556	0.09449098955937396	0.5564690365795875	0.08753585064057338	0.37680708971912175	0.08336618439837579	0.6204079965359075	0.07964377390042442	0.48674623392459043	0.0889850652045161	0.47272997655079846	0.10115365936959385	0.506578947368421	0.4934210526315789	2.4659131695413303	3.0938859608204337
400	2.4659131695413303	0.9	0.39294322555319605	0.08540531849743811	0.5969151068125144	0.07565223630673583	0.5058839493446918	0.09257116770896186	0.5411739547787615	0.09503919125039575	0.44563637704293974	0.08409120488226758	0.5440003210760679	0.08437081753061092	0.4363380194175473	0.08356377215406108	0.5561639887193729	0.08543011581997964	0.48503034208414425	0.09461595485291407	0.5223432675233536	0.09467528915664157	0.4185979314161671	0.08122261814564136	0.5644216877196038	0.08794557656684426	0.49466618059318723	0.09604197483171384	0.5361519078091269	0.09372339998999935	0.43032929366245787	0.09144584435608459	0.5800791789610782	0.08932396729757941	0.36408984463479327	0.07672755285959848	0.6106917322169612	0.07896518927038129	0.49516477030895	0.08543234186719505	0.4950311220216465	0.09663693760657682	0.5	0.5	2.4659131695413303	3.0938859608204337
500	2.4659131695413303	0.88	0.3884009313117829	0.0782406346228344	0.5942270663581503	0.07345216968403223	0.5089860345195804	0.08921007259211498	0.536769819311139	0.09198602734028115	0.4550928521983839	0.08098906887215994	0.5452499612943184	0.08260068040898513	0.440604904382266	0.08129513349869102	0.5588029153816773	0.08476342783727167	0.5000391542376652	0.09354956434806687	0.5205406833984082	0.09501601602234959	0.42415908879701725	0.08391557039667488	0.5747784548165895	0.08706840333861014	0.4880962207620899	0.09404213569301564	0.5242187706347178	0.09299096584755855	0.42202076575280684	0.08900199678799525	0.5914416081602191	0.08574408420201957	0.3637237514573021	0.07045890492333036	0.6126344549283624	0.07663288370535255	0.5064009241071177	0.0833037363978601	0.48779963367539436	0.0939583978378996	0.5257936507936508	0.4742063492063492	2.4659131695413303	3.0938859608204337
600	2.4659131695413303	0.92	0.38053603916910456	0.07498890754002357	0.6103195863230367	0.0706963574333245	0.5072347411895368	0.08475806093527692	0.5418061904859615	0.09099090157780414	0.4604714261702895	0.08267630620906383	0.5458270606313316	0.0839863199496262	0.44898456752664556	0.08149182458072562	0.5493471629920902	0.08395636779840074	0.49022909815855586	0.09547911627553791	0.5044728610880674	0.09508031410383247	0.430656973481634	0.08711476366425253	0.5648149496343728	0.08572067241287179	0.501789977393529	0.09378937583104185	0.5187579700546882	0.09163037892912584	0.4213355518006057	0.08921671902052275	0.5876689521834797	0.08545604206391041	0.3569119645508878	0.06645548279770257	0.6169282658134018	0.07258619011992205	0.5035149593188546	0.08353045079728008	0.48360949274625575	0.09428351413647293	0.5298013245033113	0.47019867549668876	2.4659131695413303	3.0938859608204337
700	2.4659131695413303	0.83	0.3878563616906068	0.07621085316615417	0.6225611376565067	0.06799311324422258	0.5066808911139782	0.08480608381662429	0.5416438912037663	0.0898488563338253	0.4642176039300086	0.08345790176124991	0.5610370291875629	0.07981389703820098	0.45302171423902504	0.08167315875649533	0.5517988022554758	0.08288337498935718	0.48859669787499016	0.09292296619435189	0.5096401864746519	0.09375687429697949	0.43083581302579727	0.08535672706644698	0.5722883637117454	0.08221113156748056	0.5071772525642754	0.09296598520673915	0.50997133421296	0.09130453265212281	0.41859231874255487	0.08722834002934048	0.5770474087761456	0.08481192636356913	0.3655983408561684	0.06744888536716925	0.6179377026158656	0.07254556808411329	0.49585328232768333	0.08456215773035236	0.4911433179384961	0.09234878443683632	0.5326704545454546	0.46732954545454547	2.4659131695413303	3.0938859608204337
800	2.4659131695413303	0.85	0.3939217994426797	0.07666974954652575	0.6159644239207371	0.0685558188670257	0.5057175687058435	0.0825544908771966	0.5380171741654536	0.08912041288791837	0.4531215671601985	0.08173396542327961	0.566987094600142	0.07874943730219577	0.4572478010426115	0.08159083842813954	0.5508503555802605	0.08377599489384956	0.48713366462722807	0.091896822843629	0.5130747936652635	0.09190337240696826	0.4361689010840134	0.08378337087008407	0.5851087705306921	0.07971513118011918	0.5045128999966919	0.09148829015336876	0.5139611734394107	0.09085222904084576	0.41296839386479606	0.08612570708202234	0.5722014711915135	0.08454135749827761	0.3724689638134765	0.06780261055844759	0.6185387275069645	0.07130688847103595	0.4929386520409176	0.08671720426245982	0.49957230136670305	0.09385123586288595	0.5223880597014925	0.47761194029850745	2.4659131695413303	3.0938859608204337
900	2.4659131695413303	0.87	0.39856008835763873	0.07559329290299391	0.6144348791488473	0.06835261299961967	0.5068706031053324	0.08347932430275666	0.5376303601909455	0.0898741444207291	0.45518264659485563	0.08075329050968005	0.573913687730318	0.07852781962074949	0.4528187163320434	0.08378384194368538	0.5485658731126184	0.0846978664605264	0.49208778647960927	0.09019394240194452	0.5065626787993383	0.09131728542026658	0.4341430054147508	0.08298093597596519	0.5873966656701387	0.07862221989453057	0.49695626160104023	0.08960587506790843	0.5127419427836153	0.09073609436800235	0.4125426933745629	0.08489185163326028	0.5648718087964048	0.08415851767432561	0.37241635335674644	0.06984055193552056	0.6137696695667267	0.07248969615152648	0.48842604970914955	0.08449954968422273	0.502535225970796	0.09106997532145295	0.5265486725663717	0.47345132743362833	2.4659131695413303	3.0938859608204337
1000	2.4659131695413303	0.89	0.40326563866481496	0.07506549288334695	0.608596855016778	0.07078887850970635	0.5049669324971633	0.08117943257125133	0.531136270758478	0.0883517035821975	0.44655967210756947	0.08033040670969549	0.5726674512899281	0.07722798357245153	0.4493234428026958	0.0834478776475846	0.5458123049908634	0.08505962947818935	0.4921128029552626	0.08991014972954997	0.505638095965489	0.09086776559520994	0.4370184834818124	0.08210020249945613	0.5796290346156315	0.07810993291081637	0.5054391227449693	0.0900141957309049	0.5093680725295949	0.08953095882223354	0.40873654285531946	0.08452384738510443	0.5655302253825585	0.08387324729022926	0.37421249783176436	0.06964716264910764	0.6166405881268402	0.07065489023930684	0.4856517481521561	0.08422434480908537	0.5063584139277502	0.09084948930820635	0.5258964143426295	0.47410358565737054	2.4659131695413303	3.0938859608204337
1100	2.4659131695413303	0.89	0.4033066150419022	0.0743497875025667	0.6082935315551291	0.07276017358319245	0.5048819938361374	0.08273935375815308	0.5384940642998437	0.08770220209374079	0.446438701043461	0.07937405740049683	0.5704843628421024	0.0782094973067141	0.453621417958175	0.08288258381081716	0.5469337797903902	0.08405787435861681	0.49624457625082347	0.0888248194268751	0.5062725794599128	0.09068847749984102	0.43269947587562163	0.08334819061358427	0.5798862648879545	0.08038477062885799	0.504276456012237	0.08832098849890058	0.512799506887983	0.08707040993916884	0.4113181531318621	0.08391579244738478	0.5696048043433801	0.08215415667289955	0.37338616005673186	0.06900366049397201	0.618257109876469	0.06867878583043001	0.4889590253113731	0.08396988402461238	0.5072339335184568	0.0902813403120207	0.5208333333333334	0.4791666666666667	2.4659131695413303	3.0938859608204337
1200	2.4659131695413303	0.9	0.4043249453781724	0.07390735696629977	0.6114736651613392	0.07235550840927758	0.5001769263294118	0.0825831720765268	0.5326537620095619	0.08811530671619916	0.4432980037057806	0.07871657843419896	0.5775548478364736	0.077595472882846	0.4515149051996445	0.08155972157317574	0.5465065727529083	0.08337369990735308	0.5009826493516469	0.089785979938712	0.5095118860044231	0.08901249797883214	0.4360697761227659	0.08400943536967144	0.5783793695343037	0.08072255585280325	0.500718986598657	0.08893909249016733	0.5148566505849002	0.08617424282062743	0.4140239208261506	0.08314588862504503	0.5722046791821294	0.08181348217395308	0.3737522016223781	0.06948646235402962	0.6187180616118806	0.07009199155706247	0.48983852819607626	0.0846346829335101	0.5086771120564803	0.08898001386328887	0.5182724252491694	0.48172757475083056	2.4659131695413303	3.0938859608204337
1300	2.4659131695413303	0.88	0.40564474480012824	0.07369856788154029	0.6118883132387187	0.07199735634845907	0.49839640688905346	0.08188021236668817	0.5387293054869983	0.08779033499007764	0.44157433327938306	0.07870624804978744	0.577349427255081	0.07743762271354936	0.4530674230397943	0.08041949816358245	0.5500498156752638	0.08341148945826245	0.5007798771966279	0.08929379171502047	0.506927891540696	0.0890235445122407	0.432782477630704	0.08379961675360159	0.5716840174853665	0.08215383715496571	0.5019899062828596	0.0881602929814673	0.5117214946292523	0.08755245263689877	0.41326019667495417	0.08239405959413486	0.5735166426012845	0.08074384164413154	0.377941392669857	0.07074075225748214	0.617529811876809	0.07006050254259245	0.4913619064391293	0.08493504790299773	0.5196028004525175	0.08959663879346334	0.5122699386503068	0.48773006134969327	2.4659131695413303	3.0938859608204337
1400	2.4659131695413303	0.88	0.4026075392179497	0.07226339588395941	0.6106504909858905	0.07242687506167657	0.49776996557398817	0.08245297801894703	0.5378542315447462	0.08739871831259768	0.43619683912536633	0.07846847111315212	0.5796463709785384	0.07759156441375575	0.45569392443708856	0.08062356707296753	0.5469106411611924	0.08304060525064064	0.4970773656689401	0.0887495426149199	0.5026311644986267	0.08729314902160326	0.43265114231415663	0.08450263386903689	0.5739125309767925	0.08031375548416766	0.5029326238388064	0.08895667695985228	0.5113500206151165	0.08811116256081053	0.4122073859018918	0.08086401082836728	0.5747176816294566	0.08076685792884529	0.382178838037188	0.07080262519291239	0.6146694992589276	0.07035953408351073	0.48745486963142626	0.08409755223633837	0.5188850293310308	0.08959168574466747	0.5106837606837606	0.4893162393162393	2.4659131695413303	3.0938859608204337
1500	2.4659131695413303	0.84	0.4036226755732555	0.07169215622892547	0.6094414972153035	0.07307538675850864	0.49796622934040835	0.08294991941260159	0.5319596928673289	0.08751879181045143	0.4369721585014042	0.07830185599663932	0.5816426247009013	0.07649367650970101	0.4569370263407395	0.08178885791004337	0.5488500131605345	0.08306970030557789	0.4971191526382485	0.08683913896074308	0.5008571180685103	0.08804390353929509	0.43021185203102397	0.08381517124164803	0.569009279402751	0.08039203928180252	0.49878267431587237	0.08835233973955023	0.5056278386043765	0.08752369844947268	0.41508795968086	0.08030606326218774	0.574770013136297	0.07990653424459884	0.3825962517398954	0.07064366299773316	0.6118978902537362	0.07153335476539208	0.4863904810059056	0.08442827691740423	0.519930346950746	0.08947856256427837	0.5086436170212766	0.4913563829787234	2.4659131695413303	3.0938859608204337
1600	2.4659131695413303	0.92	0.40062218841516084	0.07135253486834597	0.611199917320965	0.07223476803185595	0.49560140634186267	0.08347767372067902	0.5310527069468283	0.08780971429816903	0.42901908023193397	0.07738953246607848	0.5803428463800282	0.07700077607362645	0.4610050797945243	0.08133083994999003	0.5514773662655209	0.08306369334729287	0.49220822223366945	0.0864166743410077	0.5014443128289988	0.08748556980292768	0.4350577475476352	0.08390806054442289	0.5643774976835301	0.08021909281527585	0.4987084815187874	0.08676073538312562	0.5066216409858741	0.08687778337139548	0.4188295413036549	0.08056322747904443	0.5740255860419696	0.07988295365938426	0.3817885535928172	0.07023323555803823	0.6168795773073943	0.07106293618377114	0.49016408156101576	0.08559721321773155	0.5168908993645975	0.08834209177896672	0.5099750623441397	0.49002493765586036	2.4659131695413303	3.0938859608204337
1700	2.4659131695413303	0.94	0.4004485965487459	0.07131965461125074	0.6095542469416275	0.07243082762286557	0.49101887447342735	0.0833329232280836	0.5301801223198412	0.08826848387145382	0.4282702054388672	0.07789283475244288	0.581044733041385	0.07833218827557459	0.4608566415769111	0.08135279473826164	0.558155555014576	0.08308782476476957	0.4913838192070562	0.08724069416700529	0.4956247287182892	0.08782722689266903	0.4333471599174539	0.08357448739876361	0.5632220657566975	0.07868350318675076	0.49850389862574274	0.08661509851733977	0.5096779079829319	0.08681949507676107	0.4185683104437344	0.08103103940409796	0.5741565834152318	0.08024352436043106	0.3808489252464181	0.0703512586656977	0.6199828217708423	0.07058417898799028	0.4869399788569218	0.084768128040254	0.5152011175064326	0.0873912313156027	0.5082159624413145	0.49178403755868544	2.4659131695413303	3.0938859608204337
1800	2.4659131695413303	0.94	0.40080848465898666	0.07124927511517405	0.6114499082530765	0.07213662407461602	0.49170038790197496	0.08200766093182706	0.5314460056823541	0.08836867171688115	0.42999684236069186	0.07750412516200109	0.5818159575733867	0.07798060387672673	0.46234267591373923	0.08237971164927563	0.556724819956608	0.08156617640283069	0.48808795866583315	0.08692620875347475	0.49329146726198214	0.08906839398598765	0.43001339002172584	0.08321958698529079	0.5601467183058771	0.08033953082835933	0.4972009774191545	0.08580969904521105	0.5064973083624321	0.08552018525597396	0.41690418128721746	0.08155002811113395	0.5715200272945451	0.08008232929276772	0.37856168239578486	0.07018342838077578	0.620424218143084	0.06979463062548069	0.48736256730918287	0.08482245864775616	0.5141709877117233	0.08623835782872198	0.5049889135254989	0.4950110864745011	2.4659131695413303	3.0938859608204337
1900	2.4659131695413303	0.95	0.3979910677399909	0.0708835454251841	0.6116231642857484	0.0705255936133667	0.4900842899723245	0.08194562052040781	0.5305551828283763	0.08836778011663221	0.4305282420805024	0.07652272796798423	0.5811965905903258	0.07855939305109493	0.4609095427041864	0.08224378393206444	0.5557760376707215	0.08111465008032889	0.48718498459395665	0.08743727955421379	0.4948264023823351	0.08909142073199118	0.4295784075177251	0.08272043554875168	0.5604447589806558	0.08036430610722417	0.49859676893795446	0.08547556299737023	0.5091507188924198	0.08594455244286782	0.4156268083488357	0.08131812024452081	0.5724754643645792	0.07892576112037909	0.3791142284365683	0.07084139280363638	0.6211980552250284	0.0691261535564903	0.4876697472504078	0.08473066297753833	0.5154887140718393	0.08602452736277051	0.5042016806722689	0.4957983193277311	2.4659131695413303	3.0938859608204337
2000	2.4659131695413303	0.91	0.39507707604155023	0.07078868297810173	0.6100823444360323	0.0705729966523861	0.4904071593077131	0.08189617636326738	0.5286442670624296	0.08793160985080506	0.428411891978636	0.07674586594563267	0.5797994463289766	0.07896513926343261	0.4592857509406679	0.08228384097844103	0.5540712176225642	0.08208650984442	0.4872323964544709	0.08740071065277029	0.4968297544680982	0.0882160916116522	0.4298204990496133	0.08278586220540626	0.5588455235231627	0.0809964881789206	0.5004424969769063	0.08566171176248882	0.5072745838379942	0.08580657455951474	0.4158653937265317	0.0806905772142871	0.5738902363909978	0.07846014038467289	0.3793794846881651	0.06957229603099574	0.6207048659887032	0.06983159852047537	0.48643152783376037	0.08481530948567251	0.5154458537357189	0.08506108235671016	0.5069860279441117	0.4930139720558882	2.4659131695413303	3.0938859608204337
2100	2.4659131695413303	0.92	0.39424221199575005	0.07076336709702653	0.6130125665396857	0.07042919313502712	0.4951639588356765	0.08182703372142365	0.529799730157081	0.08737035454127745	0.42589668031751754	0.076226760988796	0.5797216758689866	0.07853502124183769	0.46189906254580654	0.08268033066333223	0.5526982821703781	0.0818330785149569	0.48552601194056944	0.08705909570313258	0.49896770357553916	0.08751317391659867	0.4305956079905674	0.08223848735999079	0.5599590493105653	0.08009139605529246	0.5026763257773329	0.08504905381179917	0.5101457681664939	0.08500156238193418	0.4164358086944279	0.08024931753835407	0.5737727658883799	0.0780022623516585	0.3798109792006991	0.06949409004394987	0.6216496781341483	0.06952500084719117	0.48509742520917243	0.08423903673158731	0.5125598680011225	0.08535163595527401	0.5095057034220533	0.49049429657794674	2.4659131695413303	3.0938859608204337
2200	2.4659131695413303	0.87	0.39594426664930904	0.07019087230659136	0.6160752571701433	0.0699936403472961	0.4957593285944561	0.0813297064968913	0.5287327136253195	0.08699286495951326	0.42656192221055256	0.0769388845571558	0.5792927887565849	0.0784464939073707	0.4606822715085929	0.08237813159820807	0.5484779647575515	0.08194596519804002	0.48103573695486473	0.08678119025363189	0.5012922531509671	0.087599295242712	0.4314559300419171	0.08151644971975182	0.5605064166073576	0.07977289565619106	0.4999126932924924	0.08464627108560532	0.509730422697661	0.08551897415577424	0.41705944331768635	0.08080847915658373	0.5715729556428731	0.07768221980387825	0.38090433203401125	0.06926522411487052	0.6218946609290315	0.06935749053684273	0.4852315203333283	0.08440631394018819	0.5133535865929055	0.08507840541056241	0.5081669691470054	0.49183303085299457	2.4659131695413303	3.0938859608204337
2300	2.4659131695413303	0.9	0.3943707619409129	0.06964575073455716	0.6148994052177322	0.07020684255601285	0.4970019829913917	0.08135443331985673	0.5283763638371216	0.08754726790302023	0.42722879688823723	0.07647046011822915	0.5787110002168866	0.07796170385175334	0.46031905823610897	0.08213733436942415	0.54674123117836	0.08149689073267893	0.48010926550417177	0.08670585004183823	0.5017438004391745	0.08760511941924247	0.4343472250275794	0.08112935373462586	0.5594579192485787	0.07969455525957521	0.49830626379357734	0.08490627180561257	0.5099203870031053	0.08522400681330461	0.4142689233565652	0.0805444604638601	0.571360443032939	0.07760188134446953	0.3834823010605934	0.06948357742930406	0.6213067245770918	0.06949906810644964	0.48278135189722904	0.08437195882602598	0.514696914262444	0.08465003958243932	0.5078125	0.4921875	2.4659131695413303	3.0938859608204337
2400	2.4659131695413303	0.91	0.39252269138404894	0.06946220947328696	0.6132708999222836	0.07025302966528633	0.4950738802247848	0.08103253299241638	0.5288958634230368	0.08733415212668431	0.4288723834287376	0.07646564338359026	0.579258359635833	0.07813547083002921	0.46098545830319465	0.08173082535067838	0.5446725109680794	0.08190958220065993	0.4768901730379144	0.08622488013441083	0.4996646938627163	0.08793137562758783	0.43424324072209025	0.08086241049279816	0.5584766670553034	0.08052783920287429	0.4977163192515908	0.08517204643579329	0.5100856724928794	0.0849801039044557	0.41167484557147943	0.08001061456247502	0.5730274081773941	0.07706473274459957	0.3827668935120266	0.0693652051025833	0.6198032933146068	0.06926335171191814	0.4861409674040416	0.08414068957776419	0.5141259180607501	0.08450553627297747	0.5087354409317804	0.49126455906821964	2.4659131695413303	3.0938859608204337
2500	2.4659131695413303	0.93	0.39136219259353006	0.06965953904833523	0.6152545078304227	0.0699642187544724	0.4963179564294095	0.08109705389571047	0.5304838206249239	0.0872065199396081	0.42782782490587606	0.07630046779964766	0.580093950113224	0.07749693032172249	0.4615278495077419	0.08152920796585406	0.5484663669414561	0.08212498490482553	0.4758643792771049	0.08612519712529898	0.5019520127889717	0.08661401257868413	0.4367594254049379	0.08083633153877139	0.5587777549741605	0.07939251102935316	0.49666363750031195	0.08457124481985778	0.5096932380993066	0.08620188069565266	0.41007460931762896	0.07997601848041691	0.5718600109037496	0.07699283536954189	0.38451936888184296	0.06915665466307329	0.6184506677673092	0.06874627147024039	0.4855280701137377	0.08306104683200254	0.5165604678412516	0.08493361864199765	0.5063897763578274	0.4936102236421725	2.4659131695413303	3.0938859608204337
2600	2.4659131695413303	0.8	0.39171446870140825	0.07025658150623397	0.6136169880858147	0.07053172707404255	0.49616139406182896	0.08107763878737095	0.5292876874788178	0.08655756588839897	0.4267968058628618	0.07621180564392352	0.5816412986896194	0.07769689167707648	0.4611136346045785	0.08129851012882446	0.5485993424205059	0.08236841541663577	0.4769448380758036	0.08589711147562312	0.5047458909906609	0.08747428723630203	0.43715560989226565	0.08132232201676586	0.5592341822443782	0.07817862463142984	0.49619674930759106	0.08479618528819885	0.512199397163484	0.08648779953943926	0.4088684664641661	0.07954917968620624	0.5728729992605487	0.07719444118618286	0.3885918519964027	0.07106462153259263	0.6169365308289128	0.06944541647476164	0.4867112254338552	0.08337197223309986	0.517074072049259	0.08515625511522204	0.5053763440860215	0.4946236559139785	2.4659131695413303	3.0938859608204337
2700	2.4659131695413303	0.88	0.39207116811910564	0.07007884096076625	0.6144545103682585	0.07005640004605904	0.4952372743267272	0.08152720708538012	0.5278337544377775	0.08553823077586065	0.42908144688187544	0.07683031848719124	0.5820623087222009	0.07719773033075818	0.4628745576105787	0.0815780605421279	0.5486568023667769	0.08192556530583164	0.4740408812148782	0.08585071495379354	0.5044542057810133	0.08670047648746598	0.43462853058926665	0.08110045193277965	0.559712468409887	0.0782738797861856	0.49734741488791345	0.08577118255791892	0.5134927791540125	0.08607291711875975	0.4080517292498808	0.07876467217088592	0.5741909531866399	0.07710780438176923	0.38866182395384563	0.0713502892524698	0.6169586088343312	0.06945889137698849	0.48724971447996707	0.08316336002210496	0.5168582643022777	0.08509969813177069	0.5051775147928994	0.4948224852071006	2.4659131695413303	3.0938859608204337
2800	2.4659131695413303	0.91	0.39207505026482165	0.07020041709397848	0.6144633083054389	0.07030737778821068	0.4964647156958061	0.08173683578248601	0.523806214609551	0.08499709541780315	0.4292420989880636	0.07734944015780125	0.5812259294337434	0.07716356043676505	0.4600053174136283	0.08154866522266437	0.5488665819198085	0.0813684981945292	0.47415828732716797	0.08550897484626449	0.5044575154793869	0.08651974319340976	0.43475162997977346	0.08070355183027669	0.5621222824885566	0.07783491750182468	0.49767750231732955	0.08622326285076812	0.5104944665204321	0.0858388592120046	0.4097239223645233	0.07899915282710566	0.5754204197296312	0.07697654298536015	0.38727593930730014	0.0715301490376577	0.6161268006019641	0.06982566218824407	0.48926453021229055	0.0830156007384254	0.5178968071400454	0.08473444141695217	0.5028530670470756	0.4971469329529244	2.4659131695413303	3.0938859608204337
2900	2.4659131695413303	0.86	0.3922859715480763	0.07014665723996083	0.6160816224069037	0.07012220726034712	0.4980088316748932	0.08111843123512687	0.5220017250188818	0.08558423473477497	0.42929684983063315	0.07749149965545374	0.5794908779999286	0.07731511885198816	0.4593920124169268	0.08148523674101982	0.5481585559641717	0.08107548521898045	0.47438720243055355	0.08547694215063896	0.5065817367174071	0.08662065176057114	0.4348769179717807	0.08054810915966618	0.564212245236528	0.07736926539818481	0.4952795482231645	0.08645924016880577	0.5097677103306716	0.0857208987642049	0.41097390963273517	0.07911249687517065	0.5767808269605813	0.07689390047518666	0.3889239064162939	0.07150100384010444	0.6135256922923715	0.07003652736550424	0.48979246885554195	0.0830951820866657	0.5195862078931182	0.08440199490337745	0.5027548209366391	0.4972451790633609	2.4659131695413303	3.0938859608204337
3000	2.4659131695413303	0.88	0.39202477329249197	0.07041811559990341	0.6147043226220469	0.07029401979546626	0.4986928180599133	0.08148054491308826	0.5197965962918615	0.08599864284667352	0.4306259159446491	0.07743045175434526	0.580223808241808	0.07701197309188446	0.4616572582510262	0.08164265311670221	0.5483106953524464	0.08148972035847171	0.4760465615280722	0.08558865260632964	0.5047308189337811	0.08667194699721426	0.4344894552069943	0.08018033211427318	0.5652541068215498	0.07681737828833911	0.4941155462419637	0.08574290555145796	0.5057805650964632	0.08614349321927318	0.4121642760669562	0.07947552965297623	0.5779582998510953	0.0768187341580528	0.388471217471236	0.0719693297086422	0.6133924903449234	0.07012602901971988	0.48886055338446327	0.0834534884450888	0.5192842042954883	0.08376086442425587	0.501664447403462	0.49833555259653795	2.4659131695413303	3.0938859608204337
3100	2.4659131695413303	0.92	0.38991018630091867	0.07028688127539351	0.6155668206778621	0.0706441804021226	0.49995110602400905	0.08170642628150082	0.519026437003726	0.08529035070151579	0.428833713334647	0.0769485344683773	0.5803679838666633	0.07716835730435125	0.4622137322516856	0.08126028472958859	0.5450181302600047	0.08225383338962461	0.47642886784699656	0.08537905643732102	0.5055251711120823	0.08675064083991545	0.43219359091346965	0.07975042312632127	0.5662009190127915	0.07716329552796279	0.49455384551037346	0.08616782966080339	0.5061299169493815	0.08551869984641984	0.41431627796066867	0.07960369899364039	0.5786375640815083	0.07653625547634371	0.3895476296297168	0.07217778092411199	0.614418166017846	0.07069854232461481	0.49148731634802073	0.08314148464798002	0.5182491548534328	0.08381258169879113	0.5012886597938144	0.49871134020618557	2.4659131695413303	3.0938859608204337
3200	2.4659131695413303	0.91	0.389519552208924	0.06988190592608841	0.6150352131940887	0.07049562993515276	0.49900569622040036	0.08176186581924998	0.5181693414237312	0.0855332567523345	0.4253921634202476	0.07658416793701887	0.5820288760430149	0.07699219563270103	0.46064187962166736	0.08127756899049206	0.5432005949617834	0.0821416179729651	0.47430379581076126	0.08500566826427813	0.5051514984991177	0.08666830193883698	0.43328988916373823	0.08028607131851455	0.5649168409000613	0.07704146673883236	0.4966777083796125	0.08562232990155344	0.5044290679920775	0.08539153433249487	0.41404174260488796	0.07862961035094414	0.5811524929035844	0.07613848467208285	0.39184880218073137	0.07238491181816194	0.6147171130392769	0.07059410500321035	0.4941104071328256	0.08422884453490218	0.5182796162791987	0.08394742252625377	0.5034332084893882	0.4965667915106117	2.4659131695413303	3.0938859608204337
3300	2.4659131695413303	0.9	0.38896771650022294	0.06930725125901911	0.6143678693770845	0.07049919177634863	0.4978287237566351	0.08163379207489369	0.5149330323347089	0.08632746510136406	0.42519041095956434	0.07612063765211534	0.5808325943823797	0.07715957136456769	0.4605339375577706	0.08125801593262891	0.544099038986608	0.08225652440259099	0.4758549964325689	0.08527374478703532	0.50486540939497	0.08626956374477827	0.43507589596673596	0.07999264633388463	0.5650511427048271	0.0769787864334153	0.4977213445704171	0.08592181119788762	0.5044500437031092	0.08552946509038764	0.4155093040469535	0.07870047112631152	0.5813016030797468	0.07598700140482181	0.38926248440937566	0.07215844992432932	0.6138568042958881	0.07017354723539948	0.49391476070954243	0.0844661031137285	0.5160078930916355	0.08396131049593916	0.5027239709443099	0.49727602905569007	2.4659131695413303	3.0938859608204337
3400	2.4659131695413303	0.91	0.38952529982806283	0.06930148720770261	0.6159679490163102	0.07048947120417061	0.4960318911119788	0.08224133949787138	0.5159563356736139	0.08651069355680002	0.42629080946130316	0.07618555433985592	0.578666044184662	0.07712226076860491	0.46091401533749604	0.08134073505009466	0.5433908321536063	0.08211609514358119	0.47744457726241024	0.08478202991169752	0.5057941384499981	0.0856496438414645	0.43497014162106123	0.07971833796910557	0.5667100750392893	0.07735762913061003	0.49897172248230703	0.08602352110292627	0.5034518430066214	0.08534810619374905	0.4139561620653163	0.07804052177369736	0.580384626140125	0.07596728559782434	0.388295096453093	0.07226200309882103	0.6140379915535915	0.07035207716519988	0.49411608590310735	0.08487701607371646	0.5178952607876159	0.08344095422397071	0.5017626321974148	0.4982373678025852	2.4659131695413303	3.0938859608204337
3500	2.4659131695413303	0.85	0.39029402223981047	0.06955577595265079	0.6158718257269727	0.07046508792533429	0.4951615374132513	0.08283622289748815	0.5122544124690277	0.08649842142406654	0.427254611925299	0.07601759246939341	0.5790163328215799	0.07700172045804335	0.46048092761761994	0.08141465307286508	0.5441922661233407	0.08174101078679566	0.4779357334565986	0.0847036154040896	0.505374894491054	0.08547179925805903	0.43537515760170037	0.08002289039103623	0.5639021465493252	0.07749249183142341	0.49867281525324614	0.08621101719909255	0.5030581862776993	0.08547854167911187	0.4145769689247178	0.07813250352197253	0.5818380993778842	0.07616828596957083	0.3886999851209407	0.07242299407932351	0.6137273559570162	0.07002707458905788	0.4913991596631567	0.08518597503785123	0.5193795065994228	0.08357201739379776	0.5017123287671232	0.4982876712328767	2.4659131695413303	3.0938859608204337
3600	2.4659131695413303	0.89	0.38924054312685785	0.06924954775889791	0.6144164974436642	0.07113523705242485	0.4967398120042915	0.08327234586849636	0.5101539731854292	0.0862912299769588	0.42537928047504675	0.07594372963025366	0.5784830427079786	0.07689963063632217	0.4587902352220069	0.08103220542476963	0.5464125314065424	0.08177693956627462	0.47895052401053456	0.08439659761128471	0.5058661910780184	0.08551951775589624	0.4349951520458435	0.08074963625255949	0.5638008210209386	0.07748543976145993	0.5007999108537295	0.08602177794853554	0.5036918204143247	0.08522393726273023	0.4145518785912161	0.07766448330311089	0.5819993245120167	0.07594109313414052	0.39090394543153806	0.072589742967769	0.613532256664781	0.06936351051992297	0.4909711277501689	0.08540974707093706	0.5188681038729007	0.08329670744646013	0.5016648168701443	0.4983351831298557	2.4659131695413303	3.0938859608204337
3700	2.4659131695413303	0.86	0.3888275410838564	0.06920924828029938	0.6129480179326859	0.07159463121670635	0.49603430046764463	0.08361203944803883	0.510619724201538	0.08615074648788908	0.4241571802255378	0.07522946492377494	0.5792243078432929	0.07696274727691642	0.45712579730497066	0.08093360645428492	0.5467135366566678	0.08138948523496428	0.47899052477528475	0.08444869352311196	0.5050363581719782	0.08517164499463482	0.43637374031941617	0.08087397690524381	0.5635403364981499	0.07725302157251282	0.5004762583159849	0.0860950817833647	0.5032458155615702	0.08522672241341782	0.41560568790333835	0.07814037292282343	0.5817407656413924	0.07582227446361392	0.39061774705797875	0.07273699225504655	0.6133686824558505	0.06953649051736915	0.49223965631455174	0.0849894321479125	0.5193712798342032	0.08301312533674166	0.5026997840172787	0.4973002159827214	2.4659131695413303	3.0938859608204337
3800	2.4659131695413303	0.89	0.38889799192344043	0.0693943469016872	0.613007309144279	0.07173697245277967	0.4959952201290567	0.08341514575136276	0.5116719765327327	0.08572716544539939	0.42296257025331535	0.07541097107380311	0.5802082772885822	0.07645727139612345	0.457953888147074	0.0814004423376582	0.5455278095859273	0.08131350262356715	0.47807281618424136	0.0845020403601026	0.5050985670051554	0.08510635404634012	0.43574675039053	0.08086020891977562	0.5650045350608681	0.07730789721274904	0.5013020854124353	0.08598952810193446	0.5011541830825575	0.08550185200300414	0.41611451970356267	0.07797115911203753	0.5819989954121899	0.07591200252812304	0.39098781552788914	0.07273078139020486	0.6119880852103532	0.06972186722213743	0.4914565826987636	0.08483718615044011	0.5192489842651383	0.08285794646100726	0.5010515247108307	0.4989484752891693	2.4659131695413303	3.0938859608204337
3900	2.4659131695413303	0.94	0.3896147548298099	0.06975529390367782	0.6133634646694907	0.07171969713029797	0.4969211973975011	0.08351715410207418	0.5107857915277381	0.08571741408732628	0.42307147553162094	0.07483745118685392	0.5800423760154484	0.07649772868546911	0.458927681064133	0.08117996603376812	0.5469821413907547	0.08117906247415506	0.47884874511896675	0.08437207274088916	0.5053343447099405	0.08531735878922346	0.43609476349839393	0.08061176302410739	0.5666737091356215	0.07727343335123976	0.5005685861181309	0.08585641869474551	0.49990543131558696	0.08582853113161444	0.4160518027627778	0.07789836517578312	0.5825490916033987	0.07624614270910438	0.39155091413703136	0.07264338527965672	0.6116759397576846	0.07001463099493882	0.4908984329784229	0.08490413220645225	0.5190679777815316	0.0827524961049833	0.5	0.5	2.4659131695413303	3.0938859608204337
4000	2.4659131695413303	0.91	0.38965601597365923	0.06968214737720425	0.6146396136020965	0.07127609868915996	0.49915920447337647	0.0832325180841879	0.509933789276182	0.08559757653094584	0.4218788742970886	0.07447060943697853	0.5783307516445306	0.07641564874693499	0.45800456681724394	0.08137285376288587	0.5466568222503392	0.08124182159719134	0.47862250067141987	0.08401773340809518	0.505408356078254	0.08482137749859592	0.43634740140303063	0.08046797646431605	0.5672528216510434	0.07775580230646731	0.5017952423482943	0.0853406030628989	0.4982887942373138	0.08576659191313336	0.41627465511099404	0.0782590868407907	0.5821611163883321	0.07699061419627175	0.3932074029968936	0.07319755981394437	0.610796375480662	0.06965728204700515	0.49056024777219953	0.08479122759470883	0.5183644506369284	0.08255523815008987	0.49975024975024973	0.5002497502497503	2.4659131695413303	3.0938859608204337
4100	2.4659131695413303	0.88	0.3875191081153179	0.06965420412485668	0.615238010514813	0.07101029248813359	0.4987294033648669	0.08328983876489639	0.5107020737608703	0.08567040543892321	0.42135632952313473	0.07448179325749497	0.5769061442367206	0.07666597583876911	0.4589012597345119	0.08167876265833078	0.5457370928949974	0.08129157001797392	0.48097237762165584	0.08405493922051376	0.5064741168692597	0.08477880070824359	0.4342910161841684	0.08024901540360402	0.5673612752812387	0.07763843444007285	0.5013818052917391	0.08531020783059957	0.4980901400082001	0.08561421994552587	0.4164741089121647	0.07829545926263558	0.5822745590568386	0.07748437913483544	0.39528774589564875	0.07287477073793155	0.611665124783058	0.06949597161167471	0.49053880302227737	0.08469417104270888	0.5200480647106944	0.08258915007619368	0.5021929824561403	0.49780701754385964	2.4659131695413303	3.0938859608204337
4200	2.4659131695413303	0.86	0.38775623608443155	0.07002052038003594	0.6167753534797208	0.0707167132573573	0.49596540688958385	0.08344978308559134	0.509682401662153	0.0856440319248719	0.4198854849577366	0.07433271599605383	0.5763439409701994	0.0769475404654069	0.45896390685848576	0.0819760115329947	0.5458721498715828	0.08110858989934698	0.480972019932865	0.08396980661198714	0.5049377467370004	0.08476618700618871	0.43352416302710356	0.07993092206957805	0.5676825707521574	0.07715450483409028	0.5029656656405612	0.08512664721560999	0.4967470733433635	0.08548412342675935	0.41618753869531	0.07880255323304396	0.5829612001880206	0.07750262475648896	0.3960324728870837	0.07309715340098727	0.6100782256446675	0.07046603980098866	0.4915424475423831	0.08426002884033806	0.5196457577334648	0.08283090236111153	0.5014272121788773	0.49857278782112274	2.4659131695413303	3.0938859608204337
4300	2.4659131695413303	0.84	0.38661559908830845	0.06986276494381137	0.6164110018593386	0.0707074000512097	0.49731386855600174	0.0837157326113746	0.5090526134070761	0.08567881497068164	0.4203672626303759	0.07398361968539773	0.5750077408657712	0.0771183387365805	0.45986055773440654	0.08238833233075893	0.5456000033880305	0.08108272296199273	0.4820101211995825	0.08359613144947003	0.5042940689342517	0.08460498298726529	0.43402584533038413	0.08014656652660423	0.5680304221784674	0.07752465823467354	0.5030442451745444	0.08516409374245745	0.4958973290456702	0.08536180177444969	0.41657987218903914	0.07848421040608553	0.5821130768105613	0.07764225042980433	0.39599554749446647	0.07361399240635655	0.6103486983906551	0.07030576819752442	0.49080261615215276	0.08410215464359155	0.5204985872539991	0.08329804958180385	0.5030204460966543	0.49697955390334575	2.4659131695413303	3.0938859608204337
4400	2.4659131695413303	0.73	0.3872897423042609	0.07021052060302306	0.6168314187982235	0.07045393479624035	0.4987339171001542	0.08371573292780501	0.5083700351707291	0.08557087942541813	0.4203775215707735	0.07428760317985383	0.5741590863298457	0.07702204847632575	0.4597012118884949	0.08203999692234384	0.5462328323174185	0.0812150096484248	0.48143934263686694	0.08403385859448788	0.5036623378139766	0.08459308222655733	0.43343451213187467	0.0805419236966227	0.5668390160788996	0.0775078811758416	0.5029463045170508	0.08477061912512981	0.4963487953241104	0.08524478037943557	0.4190852708718547	0.0786814914964132	0.5811138667443476	0.07754382972236636	0.39746955400648526	0.07395953035617836	0.6101255637004965	0.07075819777488312	0.49166051070992534	0.08384206753538707	0.5209963515437344	0.08334946308923454	0.5045413260672116	0.49545867393278836	2.4659131695413303	3.0938859608204337
4500	2.4659131695413303	0.89	0.3885313269658265	0.07030692591988301	0.616306039601204	0.07021985263385715	0.4983954798021094	0.08347285224854885	0.5074771923860977	0.08549823884553387	0.4215387943669978	0.07423907599808974	0.5745932470057052	0.07705618054027005	0.4589186344629433	0.0817633385954112	0.547336674863993	0.08144610172790445	0.4812215871579255	0.08381045591447205	0.5038394432165583	0.08414568373983974	0.4329179256560465	0.08024356143053336	0.5658281236907259	0.07751702924992385	0.5037071778919513	0.08436978152501794	0.497268139683484	0.08496755507016292	0.4179207277720109	0.07814409314176861	0.5820091549907046	0.07744789768862996	0.3979971725291306	0.07398566654015233	0.6093277093802593	0.07115523465082652	0.49148560489932147	0.08396411810764196	0.5210201152296953	0.08322804746283638	0.5064387211367674	0.4935612788632327	2.4659131695413303	3.0938859608204337
4600	2.4659131695413303	0.86	0.3873433678565775	0.07013609161070537	0.6161041755541834	0.07026724713463435	0.49968573587293885	0.08325407984330209	0.5067723312399772	0.08518383518418945	0.4203599968266666	0.07420896547687081	0.5755103231035851	0.0768465446818634	0.45908008128074074	0.08178743329507801	0.5476215564189014	0.08136339188560923	0.48369097087221835	0.08408500461622555	0.5037261810519477	0.08399092973369421	0.4332688348258592	0.08067046149854762	0.5645304671195159	0.07765556989878675	0.5038671160133497	0.08454748140445531	0.4965238547043059	0.08494151506048848	0.41823854497005497	0.07830298360963646	0.5809369169381381	0.0771066538606768	0.3981496098722131	0.07424328278470035	0.6095113291660937	0.07104363979319059	0.49287522793908467	0.08425445662322126	0.5200752317583807	0.08348775674623232	0.5078192875760209	0.49218071242397915	2.4659131695413303	3.0938859608204337
4700	2.4659131695413303	0.89	0.38782364864254015	0.07037428205429126	0.6160171410201746	0.0703543023076549	0.49975226991547966	0.08317882420904332	0.5071397678340832	0.08533515310535221	0.4198574907552401	0.07402134820257163	0.5745339301133348	0.07686027033100337	0.45984204540813006	0.08185348390196255	0.5485619978243097	0.08134182711016463	0.48348020336528164	0.08422240820083834	0.5035879270451613	0.08385177658963079	0.4341526255058744	0.08085968302651488	0.5654313877639319	0.0773685705199715	0.5044427667641372	0.0844356276971165	0.49548535554621415	0.08485455501498335	0.4174758878315741	0.07826345043963107	0.5805997844866821	0.0769796372490047	0.39951436880682323	0.07454133402424135	0.6086795940284334	0.07099548525594412	0.4925715691520776	0.08381625252775138	0.5191006206585456	0.08366132428248708	0.5089285714285714	0.49107142857142855	2.4659131695413303	3.0938859608204337
4800	2.4659131695413303	0.84	0.3870051731605708	0.07039761881429261	0.6169984934829051	0.07038102990495029	0.5002707691683884	0.08347238043730268	0.5058805461616154	0.08542813278149426	0.4206857799071819	0.07425142789216874	0.5742781744030799	0.07720639558477961	0.46073554890698903	0.08215386584769695	0.5477185765989915	0.08138738162483175	0.48425984316562865	0.08420608584138436	0.5027598723668617	0.08344314937847266	0.43467132451076196	0.08069239294792592	0.5659278028940437	0.07753582500006663	0.5068588798477294	0.08457668304416488	0.4959455106646676	0.08482082024451629	0.41638205155195424	0.07862952106153182	0.5813356010174269	0.07692270111773555	0.40139118866846085	0.07466998884649417	0.6074410538098303	0.07117308381770356	0.4918809959477306	0.08368471117540269	0.5199161256221797	0.08365268184579674	0.5093671940049959	0.49063280599500414	2.4659131695413303	3.0938859608204337
4900	2.4659131695413303	0.89	0.3871301328859724	0.0705546243629622	0.6176172066749442	0.07014042721505691	0.5019405864700285	0.08348608126989814	0.5053342966133192	0.0858094587305504	0.42158440099949923	0.07452853156303783	0.5749255033790208	0.07733738966592786	0.45990179984864094	0.0817156934301847	0.5474583353849217	0.08125375420157933	0.484057662478996	0.08425291024975848	0.5031993596174392	0.08369428248879177	0.43435165853085556	0.08059666180126192	0.5656372231801562	0.07754155507962773	0.5083488144872216	0.0845228636121307	0.4966041846665619	0.08468373700287941	0.4162167958925639	0.0786310335823896	0.5814167312289704	0.07700646361138178	0.40151651231437	0.0745032122637845	0.6077358777713482	0.0713017994710137	0.48979441888055447	0.08364605124258752	0.520057577737466	0.08375921408355264	0.5106035889070146	0.4893964110929853	2.4659131695413303	3.0938859608204337
5000	2.4659131695413303	0.9	0.3873008090848126	0.07072816015618345	0.6183166921429688	0.07039789982124464	0.5016760293924349	0.08335579762148827	0.5053475284029992	0.08590184152133226	0.42074621869326256	0.07463999241102133	0.5747811003086506	0.07782796915173913	0.45894821043419504	0.0820388809507245	0.5471824297920413	0.081365601054817	0.4836563377731126	0.08423561094345826	0.5026090472630632	0.0839613939117032	0.4338980201949229	0.08032532180310645	0.5674430344075905	0.07781225577630485	0.508097313914138	0.08442010029467802	0.49636892613602335	0.08480482247957832	0.4177868454027699	0.07890960361992506	0.5806328734778191	0.07717977788346314	0.4017097520905893	0.07446997901702049	0.6056044556672183	0.07182583480492515	0.490022736132879	0.08349251615484328	0.5200703864724796	0.08356812227532602	0.5099920063948841	0.49000799360511593	2.4659131695413303	3.0938859608204337
5100	2.4659131695413303	0.89	0.387211406977391	0.07093585676878718	0.6179181881117984	0.07051633495117444	0.5006907009042609	0.08327486956149313	0.5049020941963109	0.08595877574102966	0.4204284508004079	0.07426657913300944	0.5758598853215141	0.07803226954197184	0.4580869876543794	0.08209778382390802	0.5482438637291857	0.08119502748481688	0.4847963218006319	0.0843363448242924	0.5021365375350723	0.08385861112185536	0.43356439525724877	0.08021320659467239	0.5679577794688039	0.07776473479660764	0.5091251435605281	0.08437323242497212	0.49518070899604566	0.08448137936482285	0.417014129890763	0.07852325584247055	0.5808863191538396	0.0770784602764642	0.4015163677090403	0.07475093606265423	0.6048302537630019	0.0720647088874962	0.48980684909236016	0.08318342237643908	0.5198826802598719	0.0835530033447657	0.5086206896551724	0.49137931034482757	2.4659131695413303	3.0938859608204337
5200	2.4659131695413303	0.87	0.38706239910252244	0.07084838534509184	0.6181359531813725	0.07031378061727807	0.5005440478688252	0.0831659076516527	0.5046052656005522	0.08601452528475335	0.42001608669968643	0.07434509828818503	0.5763303219240251	0.07770462091417198	0.45687576540440583	0.08212312966271865	0.5475020910176984	0.08158186836767861	0.4863342899883724	0.08425009891374052	0.5016921730560852	0.08411355807877653	0.4327834725969978	0.07983138412746442	0.5690477135723543	0.07776102588128239	0.5088609809641212	0.08423555405089671	0.4943542956242163	0.08419257185887523	0.4172293833132812	0.07820652834193936	0.5808618691990394	0.07692586092770061	0.4012010260872839	0.07421896236491003	0.603221350510296	0.07215414031338352	0.4898681703510325	0.08317485681313662	0.5199655038179941	0.08341832509399923	0.5105687932359724	0.4894312067640277	2.4659131695413303	3.0938859608204337
5300	2.4659131695413303	0.91	0.38541858739642815	0.07104618246057556	0.6177180354563568	0.07042429186212988	0.5010144683791568	0.08321768830799818	0.5036481257355125	0.08571102634229207	0.4201315847028754	0.07468992070772186	0.5774913042382533	0.07795644335947596	0.4565194761155606	0.08228731577652983	0.5486962797515913	0.08154632039769454	0.4857822012910076	0.08440679124548163	0.5000771010348422	0.08430625954889591	0.4326215970120829	0.07980140965307303	0.5693979012325385	0.07767500469908137	0.5092878241954704	0.08395981781980501	0.4947502172496076	0.08408107141350678	0.4164611934823695	0.0781817218875986	0.5802912470150966	0.07673013559758132	0.4022304117479071	0.07425044414106147	0.6028356793509396	0.07206075439549148	0.4891928717940452	0.08316246773279197	0.5205180533477465	0.08317906065523674	0.5094268476621417	0.4905731523378582	2.4659131695413303	3.0938859608204337
5400	2.4659131695413303	0.81	0.38680133685668894	0.07126839545250144	0.6160463885309089	0.0708238828026575	0.5009161970182671	0.08385544227209028	0.5033318653548919	0.08561967485594524	0.41970303020777683	0.07440276769970618	0.5774836532437955	0.07826389754887236	0.4570880642274722	0.08206862822168509	0.5476586268008143	0.0816355008805119	0.4866040327593273	0.08471798077125131	0.4987727838294637	0.08450350370553186	0.43216997011888353	0.08015039487385124	0.5709649763766805	0.07779481268418975	0.50948877202495	0.08385493035061224	0.4929674679830253	0.0841775922396295	0.4163181251631471	0.07799105886888816	0.5796359566663892	0.07680896090051588	0.40236649575285083	0.07420678530522556	0.602479177617781	0.07208690589127692	0.48942505692620725	0.08343104499456788	0.5214885860127361	0.0828751455600753	0.5099925980754997	0.4900074019245004	2.4659131695413303	3.0938859608204337
5500	2.4659131695413303	0.89	0.38629526770690936	0.07112171651296918	0.614781151179021	0.07083386939486061	0.5013202355820261	0.08377119468349428	0.5018787180452523	0.08534212218401702	0.4199822711431646	0.07445113012451504	0.5777817495796553	0.07796975915852708	0.45700384887021195	0.0819048989148462	0.547995278663183	0.0813814540714699	0.4867533598262233	0.0844441628112223	0.49922741739309834	0.08455278457538183	0.43195000457895316	0.07989954738976832	0.571410049622637	0.07797312420126706	0.510031668879853	0.0835428335651928	0.49169397145406696	0.08369192307178948	0.41668067119413166	0.07819634782904	0.5799190952681997	0.07657018263070656	0.4025849489146934	0.07412276696963682	0.6017779727109017	0.07253488652339406	0.48853787325809883	0.08349744987400211	0.5220035511416605	0.08261383568835833	0.5090843023255814	0.4909156976744186	2.4659131695413303	3.0938859608204337
5600	2.4659131695413303	0.91	0.38648296728780207	0.07105307275958711	0.6162551462811426	0.0706638838532719	0.5028632391900207	0.08412306075745114	0.502866273875766	0.0855428580466332	0.42078034263692304	0.07467941385440342	0.5774855563573026	0.07780018528476115	0.45618505995855496	0.08201853148998205	0.5488770503310325	0.08128426464259758	0.4874150972399946	0.08475355228994505	0.49894834771464386	0.08435614043490838	0.4311399908006764	0.07965836817613053	0.5709726186952253	0.07828002128202523	0.5106817876213486	0.08348805331858353	0.4920291526962149	0.08388366201852011	0.4171953920135539	0.07825473011250958	0.5783849122983002	0.07671298077661562	0.40254864414059555	0.07408310070322509	0.6019446427745978	0.07279571893230113	0.48969029682724213	0.08381429667077207	0.5227019390148749	0.08280334545597227	0.5085653104925053	0.49143468950749464	2.4659131695413303	3.0938859608204337
5700	2.4659131695413303	0.83	0.3872305828633209	0.07076934692792337	0.615928453247246	0.07046925080316181	0.5042045853655723	0.08383063324694681	0.5022788665550102	0.08546748227027894	0.4206642509623427	0.07479908372964504	0.5780889243760937	0.07768524443530386	0.4560881479895534	0.08181940536293647	0.5506974256855407	0.08148017697431421	0.4879659960335233	0.0848625045264625	0.4966768074021775	0.08459583912239116	0.43062986368214623	0.0799311622722739	0.5719362176517303	0.0782129472432831	0.5106811413008078	0.08340164704526706	0.4909051525249907	0.08354519285431104	0.41707201424832674	0.07808699504878414	0.5773155543252294	0.07705705349991734	0.4026008252991725	0.07422981225695154	0.6000786356178983	0.07337826261115106	0.48933314890993906	0.08354788900885554	0.5230123354319148	0.08300404212796203	0.5077138849929874	0.49228611500701264	2.4659131695413303	3.0938859608204337
5800	2.4659131695413303	0.87	0.3875829772674785	0.07105946946701898	0.6153264719901982	0.07062400689111017	0.5052591175639066	0.08384567180137954	0.5029274307995413	0.08570561599505787	0.42128418908367476	0.07482132262161992	0.5788061322118839	0.07774394229136375	0.45545228533564175	0.08233381021299853	0.550941790278655	0.08127081293906292	0.488381781853511	0.08509894565459783	0.496116963885513	0.08440497672040213	0.42956116939241334	0.07962535302571619	0.572933668241872	0.07821059303944469	0.5107492627872884	0.08360942200148211	0.49053381115948014	0.0833860200655858	0.41694826503120497	0.077922855978123	0.5777949936956815	0.07721482104449609	0.40276699312082	0.07428101901505806	0.599804263205251	0.07354797748444615	0.4883812261485389	0.0834215875909741	0.5232033022176722	0.08316650471068184	0.5082701585113715	0.4917298414886285	2.4659131695413303	3.0938859608204337
5900	2.4659131695413303	0.89	0.3880344571431376	0.07109258422600481	0.6158140920448559	0.07039761972949682	0.5062123168361378	0.08391262304683543	0.502310891336183	0.08562773580203058	0.4210887417394773	0.07478322577233776	0.5794224582994445	0.07733411402416361	0.45609628562660093	0.08216994543608026	0.5503678598466503	0.08135106769546044	0.48957031340619833	0.08517183152072777	0.4955619356328656	0.08431280104752853	0.429205845262275	0.07994061444372919	0.5718006620167116	0.0784685960546397	0.512164027327288	0.08356090895902549	0.4892654279181982	0.08356925825295938	0.41708359774934584	0.07791459669823969	0.5775526831111704	0.07724590002062486	0.4023963294992987	0.07439058481669004	0.5990763474135185	0.07384078974879814	0.488168731324806	0.0832003104127192	0.5226735796899681	0.08324601487444913	0.5077913279132791	0.49220867208672087	2.4659131695413303	3.0938859608204337
6000	2.4659131695413303	0.92	0.3884001255331567	0.07100107003063981	0.6160888212983443	0.07054142957989697	0.5057232369980877	0.08395454647023148	0.5025843720468561	0.08543378165635805	0.42059223420302544	0.07477822880529743	0.5793877658079951	0.07728891597800144	0.4541569879817149	0.08181133499429481	0.5503549119604463	0.08154133298667524	0.48986600848094936	0.0851287735491714	0.49588256622947435	0.08430842622507458	0.4295396563297203	0.08028436935722977	0.5732883470105867	0.07820124980220688	0.5125319331159749	0.08348164094260639	0.49028305105036407	0.08329388556784076	0.4168157394574	0.07788970574134191	0.578457144943192	0.07696714590842303	0.40173895353311906	0.07429131287394798	0.5973050096067061	0.0743277822932591	0.48888199321222764	0.08330322475901675	0.5218375461351573	0.08305859031025346	0.5074950033311126	0.4925049966688874	2.4659131695413303	3.0938859608204337
6100	2.4659131695413303	0.89	0.38954465430024415	0.07146740045285505	0.6173167890898948	0.0704433473904386	0.5059885716019793	0.08383888004431846	0.5013474441700844	0.08550430242415526	0.42020219780750917	0.07467818869879593	0.5798452162808323	0.07742520621659199	0.4533758945056203	0.08193514033836057	0.5505593014028545	0.08141546338943922	0.49052087828711344	0.08523748906107237	0.49606537091846975	0.08463293389405514	0.42820207325573323	0.08040250637429837	0.5733247184443179	0.07830834120041856	0.512418836367854	0.08359120788869304	0.48926620667129966	0.08315808829285809	0.4166169462248809	0.07769202712408713	0.5771901171582645	0.07726082393192604	0.40179631124048715	0.07425851275641673	0.5968925098174779	0.07428247851121171	0.48847711647297193	0.08315544818843568	0.5234385885420962	0.08311237421014124	0.5068807339449541	0.49311926605504586	2.4659131695413303	3.0938859608204337
6200	2.4659131695413303	0.88	0.3896995772702162	0.0714518358844548	0.6170223911482043	0.07040850918917409	0.5059344472627435	0.08382639852575736	0.5017210837265839	0.0854582357157011	0.4204041198796846	0.07446109450616693	0.5800348113762104	0.07761278611707396	0.45247676433385386	0.08225823702894329	0.550878017335381	0.0815914476228674	0.49036352329833727	0.08530901074123248	0.4955180726769556	0.08446173168969595	0.4273990307788522	0.08036167366002842	0.5733016932744238	0.07819988603042545	0.5117650073718798	0.08372877260884612	0.48861021571203767	0.0830567329046074	0.41595065761896804	0.0777814418859603	0.5765864907722501	0.0773959120017332	0.4029208049772821	0.07455651931291607	0.5952660419791908	0.07441587830424228	0.4893242561232126	0.08318661033749028	0.5221623388557082	0.08352734388635215	0.5072533849129593	0.4927466150870406	2.4659131695413303	3.0938859608204337
6300	2.4659131695413303	0.92	0.3891021213459095	0.07136611574511985	0.617275934900009	0.07025887700658497	0.5060837463245034	0.08372825384875787	0.4999287739855029	0.0856329321480025	0.4205212931099563	0.07440770209314493	0.5806863396354677	0.07759467618290658	0.45318481832617685	0.08240454077445909	0.5517043615230962	0.08131124293239432	0.48888328268263076	0.08510945926925426	0.4953007960253769	0.0843755181556787	0.4271183068515535	0.08032854040690686	0.5733212689650964	0.07832656280027836	0.5119197814027223	0.08385392421200802	0.48857040828820314	0.08286375685939784	0.416189836383438	0.07796094859346203	0.5764214156352562	0.07778943144574979	0.4033693497419206	0.07487656365875929	0.594968148008131	0.074653534092692	0.4883258968073493	0.08307731838008349	0.5210700734743645	0.08351974861895568	0.506979695431472	0.4930203045685279	2.4659131695413303	3.0938859608204337
6400	2.4659131695413303	0.87	0.38879295370195277	0.07120607988446814	0.6172892432068247	0.07036036272362499	0.5069646203406448	0.08353976437820143	0.49911652901769665	0.08558497960807195	0.42036740664136646	0.07449905053158468	0.581927515084512	0.07732066212677817	0.45470784347924215	0.0824011688291454	0.5505388860633338	0.08132827549621666	0.48911435082287824	0.08526121962060668	0.49449517746769983	0.08452317969179447	0.4273019588372547	0.08032826811650251	0.5730986930432399	0.07814777021781856	0.5125752587026242	0.08382541548050212	0.48718038460472346	0.0828325325425666	0.4153813029634799	0.07792193239628159	0.5760116273542609	0.07782607819299138	0.40352614911514445	0.07511760864339272	0.5948461186109466	0.07426998016237164	0.48756842917821525	0.0830495113217455	0.521091908713756	0.08333631317379092	0.5065584009993754	0.4934415990006246	2.4659131695413303	3.0938859608204337
6500	2.4659131695413303	0.91	0.38800016028693	0.07143178113960347	0.6177467234554513	0.07009549286353041	0.5071952272644084	0.08335383836288338	0.4995984686933457	0.08590442053553589	0.4202480467514163	0.07447878188514188	0.5814115570847777	0.07741671875360041	0.4553466123058569	0.08234935548995664	0.5505231502649564	0.08132205775841164	0.4888819503260746	0.08541742991090859	0.4942457713874668	0.08428965987072914	0.42650076493612193	0.08030935689990666	0.5736803275174596	0.07814168675224066	0.5126879185305142	0.08388760961643862	0.4855086441861853	0.08298413834841399	0.41596847256350217	0.07780301892180423	0.5761607156938565	0.07761988931241882	0.40395703631119967	0.07534288680574548	0.5942130623072097	0.07425441500023619	0.4878641156242661	0.08319497606329893	0.5216873839560309	0.0833464943752004	0.5052275522755227	0.49477244772447726	2.4659131695413303	3.0938859608204337
6600	2.4659131695413303	0.86	0.3877270387680136	0.07116883377918536	0.6165820278724298	0.07036080407613407	0.5066471280314797	0.08352175027173857	0.4993644561481701	0.08574976250219556	0.41997290392205955	0.07453759936652679	0.5825572798191793	0.07748335271203519	0.4555602200945664	0.08271016651373538	0.5510477382007405	0.08108315023911611	0.4881826092614976	0.08550613775548432	0.4932562143682456	0.08418393917212669	0.42643746170779884	0.08027477389241786	0.5738032801760394	0.07819467957303902	0.5119433065114434	0.08409225878602461	0.4839517224306428	0.08298416348179512	0.4163004523806659	0.07770273322168983	0.576345404725774	0.07772551641003221	0.4041229381477644	0.0755047302915355	0.5926288212040107	0.07485663993463897	0.48799222577555273	0.08333970903503816	0.5214186201403285	0.08313624523776372	0.5051483949121744	0.49485160508782555	2.4659131695413303	3.0938859608204337
6700	2.4659131695413303	0.81	0.3881701274819265	0.07106703623867348	0.6153058262575807	0.07087212098456436	0.5064139917513951	0.08326995494831403	0.4977506781419288	0.08580874969391153	0.41963493725277023	0.07439849952180219	0.582563961371516	0.07748978561672988	0.4560086677632133	0.08292781996826347	0.5516800404297589	0.08075491426656235	0.49113268912500163	0.08562018527146677	0.49248285237951533	0.08417382272266852	0.4270807191090985	0.08013260475440338	0.5741735867047345	0.07791372089205507	0.5139187518602196	0.0839923649141839	0.4830783763080989	0.08273800275731334	0.4159523640064673	0.07745896748534832	0.5760157926040853	0.07754750348398469	0.40484679677472846	0.07553072630929837	0.592320769275116	0.07502926558736221	0.48872998595187345	0.08323623674748991	0.5211491272102202	0.08326462747760009	0.5056682577565632	0.49433174224343673	2.4659131695413303	3.0938859608204337
6800	2.4659131695413303	0.82	0.3890878980147653	0.07127322486073727	0.6150072813713507	0.07091325221940782	0.5078728660685536	0.08324675458330318	0.49705951570870854	0.08573103024766596	0.4197301359196667	0.0743907513095057	0.5817714942536115	0.07774837205249953	0.4555818970716813	0.08289300800319077	0.5510100675842029	0.08077435908879241	0.49234593279126265	0.08548794133794761	0.49231909108274524	0.08408146633960172	0.4267822759189447	0.08006275329853467	0.5746611701650393	0.07801923670962882	0.5141416755442485	0.08404942855498586	0.48203838946177946	0.08269377023752905	0.41612350357299	0.0775896766775203	0.576383840981354	0.07732266643646953	0.40493863948936826	0.07530504687068099	0.5918605323735052	0.07515557519707038	0.4881115088292656	0.08319583803741361	0.5217158624390948	0.0830907174209275	0.5061728395061729	0.49382716049382713	2.4659131695413303	3.0938859608204337
6900	2.4659131695413303	0.93	0.38867589498651073	0.07124166949094311	0.6142961558533304	0.07096199556577706	0.508560676298505	0.08335330092071155	0.4969513174755831	0.08571974311636905	0.419029844416734	0.0745885488876438	0.5825076786468396	0.0778713512105777	0.4565364812969869	0.0829361815733326	0.5505693870951387	0.08086360739713454	0.49314234135756885	0.08550392316388658	0.4919478292066498	0.08421674255204337	0.4276074234786143	0.08025318401836766	0.5744571683232775	0.07792254340201027	0.5159654266968214	0.08411724469310404	0.4822116191331251	0.08275575070593247	0.41599089722911986	0.0776414742136482	0.5769927180147784	0.07718172978794349	0.4052783476999324	0.07558141614300759	0.5917758964549542	0.07526652896834164	0.48712473429886755	0.08345939832075851	0.5213543968621177	0.08320755139368351	0.5066628041714948	0.4933371958285052	2.4659131695413303	3.0938859608204337
7000	2.4659131695413303	0.87	0.38996349653590945	0.07146171427789251	0.614755755827728	0.07078826090221299	0.5086514805748149	0.08336043160120747	0.4972967815549868	0.08564757920323775	0.41832818283965184	0.07439060084840735	0.5824492059614584	0.07771221989338062	0.4554508793795418	0.08280572050040302	0.550455675042757	0.08074661674800408	0.49363680475442073	0.08543894166500325	0.49313441447283896	0.08422022601186577	0.4272695306195105	0.0801820150570606	0.5742802403462174	0.07791037741109595	0.5162021810120969	0.08371808715179264	0.48187111147591677	0.08258630198087659	0.41566242020639893	0.07751866899204125	0.5768621152810751	0.07709699833650578	0.40523862148854345	0.07568765778289734	0.5915650961911302	0.07518191454283002	0.48721100539672174	0.08327600416694762	0.5213100379145909	0.08329471288300926	0.5075671045117076	0.4924328954882924	2.4659131695413303	3.0938859608204337
7100	2.4659131695413303	0.85	0.3897254251048165	0.07153876770518519	0.6148544002617721	0.07060422814196848	0.5075111947937849	0.08357323949107595	0.49655722639602273	0.08563645532970496	0.4176940142626672	0.07444837517322014	0.5822932879155189	0.0778604047057518	0.45613093265726273	0.08294257005933897	0.5509634460061059	0.0807161621274809	0.49451866454651167	0.0852978942730037	0.4941863322248494	0.08413712639077368	0.4273172449119108	0.0800994770811592	0.5744629443163718	0.07785218048329803	0.5173108244067002	0.08379245519884793	0.4817175035703281	0.08256230093232043	0.4154377784322204	0.07735188262310477	0.5755334789125301	0.07747232176230155	0.40520881425815464	0.07581714449729342	0.5910120771218934	0.07538811937438017	0.48676812858615487	0.08319641532035842	0.5208547244412504	0.08314540093655885	0.5081644144144144	0.4918355855855856	2.4659131695413303	3.0938859608204337
7200	2.4659131695413303	0.85	0.38858210920573966	0.07151469807977284	0.6135459012543175	0.07061830814983906	0.5082314236609454	0.08363067868397359	0.49654516479395633	0.08555912675858807	0.41805190369433515	0.07464681785331094	0.5827661356000429	0.07791226669655446	0.45495923721317794	0.08285524464632145	0.5508595484615818	0.08085169291770553	0.49553101443258724	0.0853886032534081	0.49425672536021986	0.0840625304137631	0.4273435081849586	0.07995292630493114	0.5742632253521714	0.07810803394317677	0.5184916697955676	0.08394232054009163	0.4813805533602836	0.08243224898847391	0.41561326964656986	0.07754588010962199	0.5753815567285352	0.07749438010387653	0.4058365433389449	0.07564879373727816	0.5899161179489828	0.07577269007850101	0.486178727260634	0.08304288273346648	0.5213927679147823	0.08310192890419296	0.5087451415880067	0.49125485841199334	2.4659131695413303	3.0938859608204337
7300	2.4659131695413303	0.81	0.389054062032325	0.0716017571935475	0.6131837457927211	0.07073938450660879	0.5080462130740163	0.08342492541613071	0.4966047350151904	0.08551864256882397	0.4183181815469261	0.07465169520634049	0.5823369033186513	0.07806837776859016	0.454979400152936	0.08284461225418144	0.5512287169429092	0.0809791765226595	0.49605768756678625	0.08559783956537353	0.49407788473897124	0.08429481683626563	0.42700232522502257	0.07988558044657638	0.5746617431902035	0.07806846180289984	0.5196064182485497	0.08397539372328224	0.48144912231452586	0.08250572810222419	0.4149273002255619	0.07758736640428199	0.5750393917984882	0.07756494353481748	0.4073801851699988	0.0755878201493216	0.5893537023580868	0.0760359504946539	0.48633490900519555	0.08310209435391487	0.520899263730715	0.08314608522808392	0.5088992332968236	0.4911007667031763	2.4659131695413303	3.0938859608204337
7400	2.4659131695413303	0.9	0.3885747646923182	0.07135927994137634	0.6123791451383628	0.07078921387565427	0.508346078744628	0.0832978489385816	0.49634185464175845	0.0858127576370799	0.4178891726883926	0.0745845424792559	0.5828284424060958	0.07786487991993113	0.45531497962633416	0.08250839044545456	0.5526137317173555	0.08079231959758126	0.4960630441236953	0.08553920388765532	0.4941281240953755	0.08413366057935855	0.42776504659676856	0.07993235751165784	0.5740932440394848	0.0778908151276221	0.51922914552872	0.08405853980557505	0.4810020556900888	0.08249070272939361	0.4144983954770162	0.0774182902715536	0.5739500978198235	0.07781497795618686	0.40722912826723373	0.07549511239746899	0.5898068262581586	0.07581067623084108	0.4864968556856962	0.08326986933419296	0.5209317821353345	0.08313392428101077	0.5097244732576985	0.49027552674230146	2.4659131695413303	3.0938859608204337
7500	2.4659131695413303	0.9	0.3885632215054553	0.07131387969757425	0.6129095201451118	0.07076575893980938	0.5075437871422391	0.08347530508794442	0.4952172557700394	0.08562758071069618	0.4178378803059534	0.07434415498057244	0.5830018271289388	0.0778280054443066	0.4545859068541951	0.08246430244211692	0.5526359516374042	0.0804749198881649	0.4967536457433902	0.08543426288070138	0.4943767665929853	0.08398745106159328	0.4281615459451145	0.07998986599285468	0.57418352574165	0.07820433684911192	0.5188076487980886	0.08393872905070204	0.4804808333463732	0.0825725815428574	0.4146517445324655	0.0774444997208531	0.5740527225028125	0.07769842411339013	0.4077813411771032	0.07569740983399591	0.5891536145241681	0.07586859176826506	0.48578151065717445	0.08325247800743521	0.5198952515356646	0.0833590452199058	0.5090618336886994	0.49093816631130066	2.4659131695413303	3.0938859608204337
7600	2.4659131695413303	0.87	0.3887717536272087	0.07133138892399504	0.6127520280690437	0.07077153462662149	0.5074318984360685	0.08350959375319494	0.494349759406623	0.08559553619913507	0.4175281692963462	0.07419478328770451	0.5831474266791905	0.07776920167000032	0.45415416419278987	0.08241162731739266	0.5519962685879705	0.08065712850151417	0.49645951132498445	0.08538885160213591	0.49406149361667856	0.08411718354123944	0.42749432167069157	0.07995511540413008	0.5743286330073314	0.07797931600635705	0.5200202617994599	0.08404639990101169	0.4794901120315209	0.08261820229757053	0.41542688451878124	0.07730970310016126	0.5738452785238313	0.0776224291567633	0.4083722065375568	0.07613799178058192	0.5886904119691674	0.07585718964073491	0.48523261685147784	0.08316246524307236	0.5192803726461084	0.08345791349727931	0.5081536033666492	0.4918463966333509	2.4659131695413303	3.0938859608204337
7700	2.4659131695413303	0.91	0.38881814273043636	0.07143068035133818	0.6129770511710987	0.07086071972518194	0.5084161154763767	0.08355136972397284	0.49373978190853857	0.08529676159925807	0.4168393685213141	0.07422293648566448	0.583625802901012	0.07773278819911933	0.45392109165027755	0.08245475585975344	0.5523188927857047	0.08071258150168993	0.4972037720864804	0.08550712361670948	0.4931998412198106	0.08396456096368031	0.4272709762159213	0.07992359302746982	0.5743271321064743	0.0781477058128755	0.5199478854183054	0.08408436422411811	0.4795219144480409	0.08265823884314312	0.41548054252264655	0.07748667831373493	0.573844607378965	0.07749710191625174	0.4099136095698064	0.07621789758741501	0.5888141426902258	0.07591905900560696	0.4862656551016176	0.08326283349290879	0.519123216801757	0.08350094889288702	0.5076583592938733	0.4923416407061267	2.4659131695413303	3.0938859608204337
7800	2.4659131695413303	0.86	0.38876179514317943	0.07139888547511238	0.612727202258513	0.07076418871952929	0.5085847901282111	0.08356708816378126	0.49365640558631557	0.08550176470561498	0.4163017763112935	0.07432042713128492	0.5837869107899922	0.07768193133779021	0.45353658459012675	0.08240262040422375	0.5521951733409006	0.0804622166749909	0.49727902122268935	0.08554171317014278	0.49145708750440514	0.08405324904418428	0.4269846236757782	0.07983813413469314	0.5745614060469033	0.07817520651255062	0.5197296977999718	0.08421810484525072	0.47952708760928064	0.08238007411357955	0.415238152546079	0.07746521403533915	0.5742067509119708	0.0772196448824343	0.41031160772301073	0.07638434705991831	0.5882985496000073	0.07582138472979462	0.4865215736152599	0.08342598510791138	0.5181974475890223	0.08324280360612483	0.5058944131214762	0.49410558687852385	2.4659131695413303	3.0938859608204337
7900	2.4659131695413303	0.87	0.3884033267324883	0.0714309661605495	0.6133532504097008	0.07068649784806033	0.508697737279917	0.0832635237652847	0.49396771588141747	0.085718935485674	0.4172900248376138	0.07441569005971523	0.5831394544992405	0.07762456649743465	0.4524293871713838	0.0820896329781522	0.5519262691938018	0.08029616323997833	0.49750677161071394	0.08558294026377146	0.49105553513499733	0.08404873103717954	0.4266488204903667	0.07953692761776418	0.5748902308270191	0.07829037492039889	0.5195197183665141	0.08433977609373113	0.48012693263932005	0.08226090270512357	0.41550614140332065	0.07762904499827585	0.5738992824847508	0.07704912125905419	0.4111876065147768	0.07650737269787876	0.5881426834883067	0.07585443472918686	0.4879992242900107	0.0835613004195776	0.5175272010569145	0.0831911180297828	0.5061993927125507	0.4938006072874494	2.4659131695413303	3.0938859608204337
8000	2.4659131695413303	0.9	0.3885904490076258	0.07133540099935962	0.6132190612372933	0.07060738954365234	0.5079887759382103	0.08302976336978318	0.4934755545137491	0.08589267896434537	0.4170398525372465	0.0742925029670431	0.5831171017375931	0.07759495519421837	0.4520933447744288	0.08207497841545838	0.5525278991927811	0.08034385673982593	0.4984093952064801	0.08542592291924589	0.49097692850626745	0.08398721540373963	0.4267388510830614	0.07971147866373138	0.5752213963714651	0.07822165776083369	0.5202607497992666	0.08438705168049747	0.4794344692597622	0.08226493712424394	0.4155950603672584	0.07773030258032577	0.5745731032050985	0.07687131621039581	0.41109582991688737	0.0766504076045362	0.5881186256245126	0.07581884778503165	0.48857410348112135	0.08340990424217075	0.5184209401151301	0.08336033702692096	0.5062468765617192	0.49375312343828087	2.4659131695413303	3.0938859608204337
8100	2.4659131695413303	0.87	0.3883521939179868	0.07118004011342252	0.612626768657125	0.07069271592537543	0.5089645606877037	0.08283690704124559	0.4942003762510328	0.08579643239715949	0.4169733399594884	0.0742952590538241	0.5832202379341632	0.07771460377681222	0.4516230758698514	0.08206218462155938	0.5524846847516334	0.08007519386809374	0.49895535246034395	0.08539770001372093	0.49085205790969283	0.08406398988946293	0.4253873990992348	0.07946324796097169	0.575818220368213	0.07829571875601077	0.519815716919764	0.08423207361635154	0.4797221360191873	0.0822139087648745	0.4163303729268557	0.07780978532151234	0.574416394937383	0.07705683492517328	0.41156871862404965	0.07673278716994103	0.5875313065732148	0.07611271446377971	0.48908928816788516	0.08354452677775431	0.518394181777177	0.08332456299614967	0.5065399802566634	0.49346001974333664	2.4659131695413303	3.0938859608204337
8200	2.4659131695413303	0.87	0.3885995593685113	0.07110964698392416	0.6117466546760535	0.07099411469015161	0.5089437250270634	0.08307857617192098	0.4948893511226239	0.08577355976242723	0.4166578437685879	0.07451021383974772	0.5827197677574827	0.07776838625500172	0.4514908247330514	0.08206680140930546	0.552475796028662	0.08018521259145799	0.4997956658102743	0.0853736219729576	0.4905636820958163	0.08396855329355221	0.4252568145774316	0.07965018054857693	0.5765683775811133	0.07825924102659396	0.5197824404147853	0.08421907063118515	0.4794417721872124	0.08222914335405429	0.4171916087309008	0.07817019330782063	0.575045304527349	0.07708713316361793	0.4120081918925878	0.07677660968619658	0.5875112029799896	0.07595891157395768	0.4887717004570414	0.08334803070827042	0.5189422849389809	0.08325077897042991	0.5056070209653828	0.49439297903461726	2.4659131695413303	3.0938859608204337
8300	2.4659131695413303	0.8	0.38890223053036055	0.07111041948688995	0.6109915690421043	0.07107212083501499	0.5088966006556622	0.08322730957397101	0.4956573279113165	0.08550448853342324	0.41682043547963854	0.07463371091110732	0.5826107913121494	0.07797521251898201	0.4515923690413376	0.08210002848181773	0.5525110711908078	0.08033655535808883	0.5004359730618855	0.08543441807687473	0.49034468970290934	0.08389707490160572	0.42482281498774593	0.0796535584653671	0.5768544945426777	0.07807463628582677	0.5201835306576501	0.08422336913937221	0.4792186718273721	0.08217431556362526	0.4176051147602547	0.07808034806260593	0.5750481437017784	0.07697817745844185	0.4133428176620471	0.07692643657986875	0.5878574788127519	0.07606194339318054	0.4889460455818399	0.08335269974058132	0.5194999006148089	0.08316458436805074	0.5049373795761078	0.4950626204238921	2.4659131695413303	3.0938859608204337
8400	2.4659131695413303	0.88	0.3889140559715794	0.07095812221995172	0.6106565422924285	0.0710442901524942	0.5086907062307309	0.08314968441191366	0.49642661388206805	0.08557462690707585	0.41668185692254733	0.07471519554872533	0.5825213957477531	0.07777330898501271	0.451582572669196	0.08203667935691755	0.552594850164024	0.08052774524990265	0.50112329066334	0.08533524700177436	0.4896966035977172	0.08372604642298803	0.4248097327599704	0.07976476914388275	0.5779444034640254	0.07800656855826586	0.5207402782602417	0.08417530741234547	0.47913493255236117	0.081989659854248	0.4174551197631249	0.07801206438019338	0.5746880326767859	0.07693376862228177	0.4135154701532134	0.07698448290855225	0.5878545153005159	0.07622681688610947	0.48850626272609726	0.08335930487392014	0.5191587447629932	0.08316690414834989	0.5046406473108044	0.4953593526891956	2.4659131695413303	3.0938859608204337
8500	2.4659131695413303	0.9	0.3887415052709796	0.07102892683989662	0.6114918432230553	0.07083867658130136	0.5088214746033299	0.08300736001495265	0.49724519580443316	0.0856162163878707	0.4162021555867039	0.07486252881934093	0.5815210053926771	0.07767898458650559	0.4517631932757891	0.08214981877691856	0.5523259735722332	0.08038102262016818	0.5012838487862523	0.08531082995192532	0.4897670363844697	0.0837388229968434	0.4247168476680223	0.07999191983777391	0.5777189061576855	0.07785463130999298	0.520360714580229	0.08410496709950793	0.4786275223261191	0.08203361913394963	0.41723170281300354	0.07780966285666051	0.5753439960311899	0.07689195774489879	0.41386309227573725	0.07706368193416582	0.588243998870862	0.07635207237534426	0.48798607499994906	0.08332567519687896	0.5186178671041753	0.08320461010000586	0.5039981185324554	0.4960018814675447	2.4659131695413303	3.0938859608204337
8600	2.4659131695413303	0.87	0.38902664339186893	0.07133379937883676	0.6116904395722592	0.07090132259183106	0.5083227999980412	0.08291524450561796	0.4976480164107282	0.08538259783930893	0.41612420396429967	0.07472438693234296	0.5813881655444023	0.07742177892612893	0.4518007802281567	0.08195579114566853	0.5532747818347948	0.08039042277426182	0.5009277123794388	0.08525834748148953	0.48949853013066125	0.08385914257634594	0.42416572929344604	0.0797792842087648	0.5779418350366294	0.07791167370843492	0.5207292251663018	0.08420241330862646	0.47871301638689506	0.08208412833045906	0.41744854873012455	0.07784705925331678	0.5747379490139327	0.07727789151183288	0.41412813965811196	0.07688331334259688	0.5886315709769284	0.07631111279620079	0.48830750037912757	0.08337121557807844	0.5185097176185735	0.08318433004324928	0.504881450488145	0.49511854951185497	2.4659131695413303	3.0938859608204337
8700	2.4659131695413303	0.83	0.39003965074684427	0.07162971550173669	0.6117866740406627	0.07082709857465415	0.507330759917933	0.08289688937960077	0.4974505307339467	0.0855611536461114	0.41590583743954707	0.07467171275888243	0.5813406704331625	0.07748715298008335	0.45033490864251796	0.08203267229039725	0.5533323137296875	0.0803003308775947	0.5016669587662398	0.08503477472177765	0.48930349539479173	0.08385820811151708	0.4255157609027507	0.0800869486411122	0.5769890016015151	0.0781404973070481	0.520265793952761	0.08424870319941107	0.47841297700239027	0.08208764880886987	0.4169767406326427	0.07770584418124593	0.5754494175655459	0.0772128117769013	0.4146019500840306	0.07693549660724637	0.5886182355115079	0.0762979764844241	0.4898907691441531	0.08365485274710613	0.5174781401233769	0.08318993413704108	0.5063189338235294	0.49368106617647056	2.4659131695413303	3.0938859608204337
8800	2.4659131695413303	0.84	0.39032580080011375	0.07181504434098253	0.6125409879112834	0.07080223555070485	0.5072272229623775	0.08310656142526235	0.4973309971396801	0.08573257001745385	0.41534272399024047	0.07481978608322064	0.5811988268390924	0.07759720508075808	0.44983303759706195	0.08163724452870262	0.5529404163579296	0.08028938534232427	0.5025231059472489	0.08481548503168998	0.48939016150539666	0.08383452410788987	0.4259816097355011	0.0801311694729942	0.5774475301961791	0.07829693841910278	0.5208458000934476	0.08428134492989725	0.4777633498234485	0.08206014855531814	0.4166042938030016	0.07769899795315334	0.5755777897480108	0.07733695131290695	0.41522155503079783	0.07691344344781935	0.5874728122676962	0.07650446102710574	0.489387620964202	0.08352634839791616	0.5170296061804894	0.08320127205368728	0.5068150840527034	0.4931849159472967	2.4659131695413303	3.0938859608204337
8900	2.4659131695413303	0.85	0.39087844984054376	0.07206683612393194	0.6126398926860314	0.07093977845291036	0.5066466159082806	0.08300103143643695	0.4968847259412778	0.08564188720015498	0.4146742529812799	0.07484773167596329	0.5809860228016153	0.07753439206691486	0.4495160830084667	0.08164030717701565	0.5533573566043578	0.08016367408032532	0.502608724361598	0.08473779974906807	0.4886341513033308	0.08376043004407	0.42607733107076035	0.08009062034656551	0.5775093052287564	0.07827528869611054	0.5209122193152923	0.08417135385120025	0.4776084606313419	0.08191200159888881	0.41664135260047125	0.07776658931774402	0.5756534834045337	0.0772428182119484	0.4153272589821451	0.07693668947360285	0.5867804419572843	0.07660962903993236	0.4898307379826608	0.08351454199828882	0.5166230717597166	0.08329020236148123	0.5074123989218329	0.4925876010781671	2.4659131695413303	3.0938859608204337
9000	2.4659131695413303	0.9	0.39094132475276416	0.07206995743924552	0.6124273029721589	0.07094642961969196	0.505943879006021	0.08285446045386868	0.4973706408802794	0.0855352428159762	0.413972275120659	0.07482151171593268	0.5814188214021409	0.07752233539579464	0.4486275088207462	0.08166644218843147	0.5542994327585379	0.08009234792931016	0.5023585226927523	0.08486634546076136	0.48840835307262725	0.08363120317679332	0.4259887866382445	0.08015420920180126	0.5780391602584362	0.07831074219825315	0.5214448007088925	0.08418775235994184	0.4768848689244069	0.08192456020196624	0.4160291108728692	0.07766596214449345	0.5758872041602453	0.07713978518698554	0.41628129271833647	0.07681689638295987	0.5857912255677376	0.07670487481957135	0.490078173512195	0.08360201827459501	0.5176206643837046	0.083204772541046	0.5076632607729897	0.4923367392270102	2.4659131695413303	3.0938859608204337
9100	2.4659131695413303	0.81	0.3910782715644561	0.07195967212162899	0.6127258724719604	0.07098031049688766	0.5060779545403854	0.08270777259235905	0.49688075319837094	0.08564841012183043	0.4138618707908335	0.0746981952996961	0.5812767202556935	0.0775433605928166	0.4486859156510362	0.08163840773044446	0.5529014860918102	0.079985699418663	0.5027986867596342	0.08487491948790361	0.4887422519033615	0.08364569280176475	0.42627036262041346	0.08000373328438333	0.5785931474766481	0.07828153547562416	0.5218543253374311	0.08416134656133474	0.4771042945532371	0.08203826533901175	0.41659160854014876	0.07761458632147648	0.5751488024838625	0.0772569836977617	0.4168021209190772	0.07673668180732111	0.5857986842899606	0.07680594798179764	0.49010032758570404	0.0836741731771465	0.5170856582146832	0.0832714153181376	0.507359402460457	0.49264059753954303	2.4659131695413303	3.0938859608204337
9200	2.4659131695413303	0.93	0.3909921434675486	0.07194398815222137	0.6128819678084387	0.07102915005870407	0.5061217090098243	0.08273889883543295	0.4974044346936145	0.08554890564519556	0.41394760044958373	0.07492673402979298	0.5815134504624937	0.07747296820265895	0.44842999079998197	0.08163644866034535	0.5530766749253206	0.08014929921233527	0.5024260391729125	0.08475527064540725	0.48877143228740194	0.08378491513989651	0.425748276604547	0.0799619779576667	0.5784535472830331	0.07853209308437818	0.5211601522841369	0.08409899130672831	0.4768319388270324	0.08193416870362438	0.41608444301757874	0.07760950001043848	0.575249060066259	0.07731433492209461	0.41736455067399647	0.07683375464726774	0.5868251089857975	0.0767243861732665	0.48961318753678307	0.0836030242587427	0.5166880010610138	0.0832929290238066	0.5064102564102564	0.4935897435897436	2.4659131695413303	3.0938859608204337
9300	2.4659131695413303	0.82	0.39098476894416434	0.07194160200130688	0.6124455651863211	0.07103805077455272	0.5056801176694143	0.0829761662312095	0.4968078688805334	0.08541904936138144	0.41453904941824254	0.0751242661692402	0.5819218854704538	0.07745830044249474	0.4484221869710511	0.08153391877358442	0.5539811333325764	0.08009163483353748	0.5026609242253502	0.08482610009946602	0.4880283753361988	0.08367257952386847	0.4252878872785965	0.0799238119038528	0.5781790420384945	0.07846061031115388	0.5210646862874687	0.08391719970480686	0.4768421894551714	0.08186821186717395	0.41612539846222907	0.07776581238483529	0.5751179544948182	0.07718357297366336	0.41800015223616455	0.07673949311758495	0.5864990892920303	0.07682669450194014	0.48900923375005717	0.08349015469049033	0.5159135555909188	0.08299938649512537	0.5062338779019776	0.49376612209802234	2.4659131695413303	3.0938859608204337
9400	2.4659131695413303	0.9	0.3912366865119274	0.07191819912573094	0.6117885220358916	0.07100749416892771	0.5048367462776492	0.08301490966633367	0.4976283672236377	0.08529177713955896	0.41494403152394765	0.07502802538708571	0.5822956988638467	0.0774400628605626	0.4472571471432388	0.08168352703280034	0.5541374686278132	0.0800106181560257	0.503411865024998	0.08482193913040184	0.48775266955243257	0.08369094962882194	0.42560422667781456	0.07985454740790196	0.5781723325789481	0.07840270512637094	0.5214464975830926	0.08417303548911043	0.47565501194542503	0.08182864656843501	0.4160982313219189	0.07775795577127116	0.5757869703906051	0.0771390735225213	0.4175982247746045	0.07685651715273904	0.58579929133935	0.07689497582581466	0.4894471659384593	0.08348251625939447	0.5151418104756708	0.08289785253472069	0.5058485750744364	0.4941514249255636	2.4659131695413303	3.0938859608204337
9500	2.4659131695413303	0.87	0.3912889799795442	0.07196832750155233	0.6117620031973238	0.0710567064676699	0.5036582154452175	0.0831148617064507	0.49760360259303926	0.08524570623289467	0.41440649696684767	0.0749794646536898	0.5824454724266604	0.07726188647968699	0.4474050003500772	0.08180887696172966	0.5542045774841927	0.08007729142914541	0.5035889230578292	0.0847850420158812	0.4869589716090974	0.08374270122678092	0.4260495211398249	0.07994893332436413	0.578348463667349	0.07840056591337487	0.5219382945835588	0.08417069281532498	0.4752656491941153	0.0816162475907088	0.4159867904244941	0.07783880550528068	0.5756864350919564	0.07724749247714227	0.41784597278170055	0.0771068883873613	0.585073856549511	0.07687986372223482	0.49040255468718785	0.08351018133090149	0.5160650843105038	0.08286333947335509	0.5063131313131313	0.4936868686868687	2.4659131695413303	3.0938859608204337
9600	2.4659131695413303	0.88	0.39069806371375015	0.07184847802098002	0.611235730205511	0.07132464304431446	0.5033909618094397	0.08303727074886404	0.4979858031544147	0.08507238541179256	0.4146843702847505	0.07498698291057711	0.5819892566545912	0.07719828067746864	0.4474033705129727	0.08172282004972027	0.5544284850333003	0.0800640192955516	0.5037345609493676	0.08487049964460743	0.48604409816489924	0.08381392842171197	0.4259015363378922	0.0798605625096127	0.5780531127732215	0.0785674599297323	0.5231539070939076	0.08415308819553818	0.47498528883138635	0.08161044762338528	0.4157679905185369	0.07762861966860972	0.5757607277263544	0.07747103858965886	0.4180972046340679	0.07734723129148627	0.5853819307960771	0.0767794228600961	0.48991394053229814	0.08357393855373228	0.5161077595093105	0.0830602246191406	0.506143273635985	0.493856726364015	2.4659131695413303	3.0938859608204337
9700	2.4659131695413303	0.89	0.3912788882040692	0.07199752933883473	0.6110187147978036	0.07151588419593025	0.5038871049668859	0.08306164806669858	0.49778596699672295	0.08502594210647423	0.4149782809963704	0.07493353402452912	0.583022352932395	0.07704824978456949	0.4471957853562458	0.08172074567011378	0.554879455304929	0.07997951781203358	0.5049343561553278	0.08483277563515675	0.48572886554313804	0.08388598980165797	0.4252459174409512	0.07986533683011943	0.5782185014363224	0.07859360894073569	0.5243990515845658	0.08416606443314982	0.4742070958897204	0.08146395331599811	0.41523730076181475	0.07744802312231942	0.5755895258802284	0.07741056679458994	0.41856871275182883	0.07730369151832345	0.5854475064490728	0.07661899906299861	0.4897069692204759	0.08365727545782527	0.5157467030293742	0.08317493028976936	0.5062860676009893	0.49371393239901074	2.4659131695413303	3.0938859608204337
9800	2.4659131695413303	0.86	0.39129472069504034	0.0722517921285315	0.610771010003485	0.07170272238687596	0.5037341711109857	0.08326403587368125	0.49808962640554916	0.08502647183854026	0.4148419105674917	0.07500266851808021	0.5825697994799977	0.07690780738521416	0.4468619241740513	0.08163599886812876	0.5552132935875521	0.07987543443394532	0.5059211549782047	0.08496663622958404	0.48494397531940997	0.08390275516154273	0.42529288161445733	0.0797985561526755	0.5782822600960851	0.07846913716269928	0.5252056329196796	0.08426723743329474	0.47349308722641464	0.08157739887821568	0.41517216615697944	0.07731878056515065	0.5763524567994349	0.07736566100035466	0.4181415127648784	0.07732655998048044	0.5853290615174022	0.07663620164319432	0.4890254689565191	0.0836681304569246	0.5157009722450419	0.08311939200476537	0.5057119543043656	0.49428804569563445	2.4659131695413303	3.0938859608204337
9900	2.4659131695413303	0.88	0.3913332421868595	0.07231096111138625	0.6105002648449948	0.07180763709605237	0.5039835479854093	0.0833446256949118	0.49853545839577545	0.08498915311844432	0.4147327233878606	0.07513151156489524	0.5830701884165316	0.07686899722800794	0.4469477393423098	0.08144340406414206	0.5551228690956931	0.07984346171691582	0.5056698862438641	0.08486343108071534	0.48447696541233215	0.08387975613112458	0.4253984338903453	0.07983702145452325	0.5786595484606109	0.07854708377715511	0.5260961573081477	0.0844208918870277	0.4730197491112627	0.08151131366470006	0.41526273840995803	0.07745683712252281	0.5763004287262317	0.07728928739100435	0.41814544520493396	0.07710801412688133	0.5847946675338465	0.07659284785335087	0.48895413831966106	0.08361445618131454	0.516176752661749	0.08314928881766155	0.5064620355411955	0.49353796445880455	2.4659131695413303	3.0938859608204337
10000	2.4659131695413303	0.81	0.3915612203601546	0.07238724169962701	0.6105357527102621	0.07186824870908515	0.5041053190483283	0.0832508144234676	0.49911449995435436	0.0848842041776836	0.4149866634062054	0.07498757825991519	0.5828291120968742	0.07689575698147806	0.4468968591129271	0.08135674402318767	0.5548225713680762	0.07994532171220194	0.5054572208451044	0.08496335098736618	0.48382808134644645	0.08416150491087322	0.42456687141483856	0.07974991412020252	0.5786796268450017	0.07855120926207018	0.5267116692062036	0.08435888080723088	0.4727150704706897	0.08150234669588097	0.41433509099604826	0.07733135592938163	0.5756194733002761	0.07732844212646675	0.41862481471320684	0.07730607064882401	0.5842572497526581	0.07665213639002383	0.4887417355160562	0.0836063062855097	0.5154107420587964	0.08332085026883795	0.5068972411035586	0.49310275889644145	2.4659131695413303	3.0938859608204337
0.8641584158415846
