DAG
attr0 has 2 parent(s): {output, GlobalHidden_0}
attr1 has 2 parent(s): {output, GlobalHidden_0}
attr2 has 2 parent(s): {output, GlobalHidden_0}
attr3 has 2 parent(s): {output, GlobalHidden_0}
attr4 has 2 parent(s): {output, GlobalHidden_0}
attr5 has 2 parent(s): {output, GlobalHidden_0}
attr6 has 2 parent(s): {output, GlobalHidden_0}
attr7 has 2 parent(s): {output, GlobalHidden_0}
attr8 has 2 parent(s): {output, GlobalHidden_0}
attr9 has 2 parent(s): {output, GlobalHidden_0}
output has 0 parent(s): {}
GlobalHidden_0 has 0 parent(s): {}

Sample	GlobalHidden_0	 Accuracy
1000	4.220209813727848	0.477	-5.885236305188004	1.498330316204753	0.08324550235331662	-1.4472235437695722	0.4735624577092791	0.08666927721206888	-0.5322238335919253	0.22641132655217996	0.08273714941195422	-2.50519756937864	0.7286980077513089	0.08173013316935444	-2.9744147079660963	0.8009949853312611	0.07300320259054247	5.629081740830696	-1.1958635981576917	0.07904805298857516	1.766977512374658	-0.3113528545724702	0.08037376683463392	3.446165681999962	-0.6830626237752352	0.08568220386568953	-2.2657160122607087	0.6340241237936437	0.08133918954839625	-3.2906930596844055	0.9105744794303744	0.0834974594428827	-2.0867087134356757	0.5936603238001156	0.08506018693566719	0.2632920678505959	0.07416170805658673	0.08218975629092479	0.506296924399489	-0.022012711428105448	0.07661310693161828	2.1171542622025448	-0.3591914489909042	0.0751474889362056	-3.202193968648525	0.8670443079080046	0.08815200226754719	0.8619662346106629	-0.07772994443195172	0.08387658763624316	-1.2030438307504867	0.4003457935665335	0.0886556731248215	-2.5479019905345353	0.7252726182463697	0.08562051428259494	-4.800549208469646	1.249494394593124	0.08587932048135909	1.5480904892306409	-0.2488433023913657	0.0880300307351675	0.4770916334661355	0.5229083665338645	4.220209813727848	0.10001595579033874
2000	4.228176665985108	0.794	-5.891911929518203	1.4967520978360498	0.0814526503664103	-1.442553684732189	0.4746728970972443	0.081892663826076	-0.5329804973408769	0.2262327314494186	0.0793825439984858	-2.4986337668075422	0.7302587951792913	0.08089348233678285	-2.9788021245403615	0.7999568098544968	0.07276667236877842	5.632687432504522	-1.195011506103423	0.07955462374607278	1.7647356956223508	-0.31188634800095394	0.08263577382708245	3.4440368598090996	-0.6835705950812727	0.08049512202646994	-2.2606166720222647	0.63523765229459	0.0787621597998563	-3.2881918500943867	0.9111714551629654	0.08168414675661476	-2.085753203296386	0.5938898984076232	0.08195876190441023	0.256249518827668	0.07248998317942915	0.08171922919270232	0.505016797968241	-0.02231671520305412	0.07931122685058485	2.110655796583079	-0.360735503999147	0.07277226801982355	-3.2097811349760983	0.8652473272953205	0.08133610766049408	0.8678308876750124	-0.07633788368751938	0.0815763260067501	-1.2060154756450214	0.39964212887200096	0.08504640638019184	-2.541561023529227	0.726780499721055	0.08477030686815917	-4.795594470481071	1.2506760479605583	0.08591541601157815	1.548626555615301	-0.24871694562656652	0.08371676081790566	0.4930139720558882	0.5069860279441117	4.228176665985108	0.1000154505489114
3000	4.230908341439673	0.774	-5.898186112283317	1.4952686254132055	0.07857884655580334	-1.4442984528417053	0.47426037309286195	0.08207582459762454	-0.5331959408280113	0.2261822548440441	0.0782455361591143	-2.4997655198250506	0.7299922814497339	0.07846566934492664	-2.9713595871483305	0.8017233330681771	0.07382752049416207	5.629522404858921	-1.1957650370790838	0.07647515684220994	1.7631081135642677	-0.31227304028928826	0.0808752277735375	3.4470085872755987	-0.6828676699169185	0.08088380292339697	-2.256030697889683	0.6363264764592197	0.08114830760896088	-3.282959964838759	0.9124144163573488	0.07829859909769225	-2.089227070376558	0.5930678817918087	0.08025963288347233	0.2585136197945472	0.07302704033041302	0.07764242317427196	0.5099362855660636	-0.02115034363649141	0.0796832701196932	2.109240422915635	-0.36107193194360265	0.07545665921731416	-3.2090661255788486	0.865419058962027	0.08327133314641193	0.8655352224304876	-0.0768824123277378	0.0814436208369887	-1.201784112506566	0.4006463991284717	0.0836877378400918	-2.543877187659922	0.7262330062097868	0.0851540702009664	-4.797680508504773	1.2501844740790036	0.08735741270728105	1.5555834357105525	-0.24706799988464684	0.08335295006040053	0.49533954727030627	0.5046604527296937	4.230908341439673	0.10001531115903929
4000	4.241247270170009	0.79	-5.904796411839545	1.4936998067031475	0.0801606822501214	-1.443969301886062	0.4743387151737929	0.08127515614650972	-0.538359240322974	0.2249564942641984	0.07711563632565868	-2.4966687512934773	0.7307278955006034	0.07667769983211	-2.96247402276481	0.8038332965728971	0.07662252698627693	5.624950978600829	-1.1968509284289954	0.07970531500769364	1.754061878316197	-0.3144210306083325	0.07846597056863597	3.4508673138772394	-0.6819517196000076	0.08163074218959232	-2.2624750178822457	0.634796679027251	0.07902032454379188	-3.2806853084960754	0.9129548800458286	0.07829077560326957	-2.0931449964582405	0.5921379607527079	0.07764620763148261	0.2607132134483378	0.07354934510801876	0.07744500297739211	0.5115467153230463	-0.020767976514352696	0.07821012354909972	2.106340026678957	-0.36176075246540584	0.07679341578337362	-3.2045644589257805	0.8664881470990351	0.0846921681916114	0.8585279187226421	-0.07854629085126025	0.082105213887016	-1.2005607385192123	0.40093700966119017	0.08413042548382856	-2.5526727053356186	0.7241447871535815	0.0836695436593988	-4.798345023676099	1.2500271758820127	0.08619629390856871	1.5531772360253469	-0.24763942689517743	0.08242966317958873	0.49600399600399603	0.503996003996004	4.241247270170009	0.10001544153157696
5000	4.24315751407064	0.741	-5.908967591492699	1.4927104891628251	0.07953705513758914	-1.4408426638270468	0.4750800245044865	0.08090877379202141	-0.5377212437887169	0.22510771839892035	0.07645150896649042	-2.499867250737539	0.7299693301779054	0.07747870988629084	-2.953699383725906	0.8059139209105451	0.07869699660320512	5.618164352002836	-1.198460109269062	0.08067158514195003	1.7511890758817623	-0.3151021413159647	0.07750753562981261	3.453023031328029	-0.6814404126447658	0.08112938172486875	-2.2625599578572007	0.6347764144100242	0.07897438462234062	-3.283497880431519	0.9122877918489527	0.07864247225649776	-2.096243096658419	0.5914033032490487	0.07816023065920698	0.2660006126710271	0.0748030856603855	0.07716745693365142	0.5177237451026937	-0.019303243986209067	0.07992207129628323	2.1046552016057825	-0.36216024175829636	0.07680971491208675	-3.2026047930965484	0.8669526416801977	0.08471378830102565	0.8530693366174296	-0.07984069827832085	0.08241265947499501	-1.2008885387847477	0.4008592087334648	0.08550455426846312	-2.5555118793350533	0.7234713872431403	0.0833861665030283	-4.802624602347652	1.2490121486114343	0.08563873618658795	1.5511747584843198	-0.24811421309393766	0.08284010232743297	0.49940047961630696	0.500599520383693	4.24315751407064	0.10001537930327445
6000	4.24994043378177	0.746	-5.91035485730939	1.4923820572042703	0.07928478341431854	-1.4385241172099514	0.4756302919775912	0.08045116251409752	-0.5411803447672103	0.2242874056194145	0.07605371874670434	-2.4989894221690943	0.7301779973260538	0.07679249947579207	-2.9493272089522646	0.8069513835641237	0.07965220914500389	5.61353202755548	-1.1995597022363815	0.08151484334738887	1.7472362143050038	-0.31603982337092906	0.07705751350801238	3.460228787932167	-0.6797314967718966	0.07912757876499726	-2.260668464498376	0.6352253087132943	0.0795400013013767	-3.289144145127394	0.9109489675259343	0.07956758391396247	-2.1013775622649447	0.5901858264324858	0.07704204532102495	0.2658998428662588	0.07477922779795329	0.07655906437625776	0.5231248437925635	-0.018022074531271148	0.08051873797190545	2.1006119323373222	-0.36311967166552067	0.07699697931402533	-3.1939928536808107	0.8689956859952757	0.08371232605616681	0.8484196232693775	-0.08094377793874027	0.08311585530413637	-1.2061703248708016	0.39960658996208914	0.08535340576023091	-2.557731899639347	0.7229451627529357	0.08414420314048839	-4.804409499952485	1.2485892781539036	0.08520180981833886	1.5542569794294192	-0.24738321855074263	0.08301459502773467	0.4926715522984677	0.5073284477015323	4.24994043378177	0.10001568744902868
7000	4.2565041382527875	0.743	-5.9167480772420555	1.4908655779607494	0.07828953451067033	-1.4349751543645743	0.47647228589294366	0.07952647429096348	-0.5416580006363184	0.22417413867630417	0.0754311340538647	-2.502668822520387	0.7293052775152704	0.0760247832020776	-2.9424153366602375	0.8085917479309351	0.08047896763241068	5.6081528903178395	-1.2008361604287536	0.0821429747899556	1.7459444116143708	-0.31634636939693667	0.07647576987234446	3.4660133616370845	-0.6783593374501488	0.07856338715737361	-2.2568303860476124	0.6361360615711679	0.079894959432357	-3.2944375618195343	0.9096933470028444	0.07921750998227181	-2.10304388582822	0.5897906553372454	0.07747704692669663	0.26641537823562544	0.07490153726464059	0.07650068899279593	0.5255114074788058	-0.01745579378368315	0.08005118692638093	2.0939938041408617	-0.3646899878616156	0.07858996331196957	-3.1916609923252373	0.869549130320154	0.08403736526594696	0.8418785561049577	-0.08249566436485233	0.08336969064023379	-1.2020203858079554	0.4005912839475207	0.08522973556210446	-2.5613116429623894	0.7220960081872191	0.08470925436878766	-4.803151131772986	1.2488881173797381	0.08448902126933387	1.554633422993996	-0.24729395313247432	0.08391101251506068	0.4964306110793832	0.5035693889206168	4.2565041382527875	0.10001529294312873
8000	4.259798571888033	0.763	-5.921362893071581	1.48977129729715	0.07751505184750727	-1.4369380425312932	0.4760068536857964	0.07921860730374797	-0.545360205970284	0.22329644553067904	0.0744159662664473	-2.500475030559575	0.7298253068376908	0.07559487055294961	-2.938413831140377	0.8095406108971377	0.08141086716309727	5.607052583412368	-1.2010969515170824	0.08172521532857585	1.744825697425925	-0.31661154041545886	0.07560167232152763	3.471586890108584	-0.677037833603671	0.07738770073704132	-2.25396130299376	0.6368162248131635	0.08104365285415714	-3.3008718727000703	0.9081676826911254	0.08004200686749632	-2.100114237694735	0.5904850832787689	0.07817163364798266	0.265073600104689	0.07458341390178647	0.0775144595092113	0.5321393346834644	-0.015884209028007957	0.08077257864986881	2.089036436333172	-0.36586554311525954	0.07967894396519683	-3.185728171646038	0.8709556608968397	0.08326472497229158	0.8382959518954309	-0.0833451608462421	0.08321691622275164	-1.201910309869252	0.40061733033048086	0.08427790423949601	-2.561394760587758	0.7220762180499343	0.08475467963595236	-4.802308466069929	1.2490877442186572	0.08401130178887056	1.5528757124582335	-0.24771067910949068	0.08399263138485369	0.5	0.5	4.259798571888033	0.10001520939299838
9000	4.267484226127128	0.745	-5.921254559323449	1.4897968372737433	0.07754927264017812	-1.4410593820477795	0.4750291076664641	0.07952051940415172	-0.5481452768587698	0.22263587543774127	0.07362219806546348	-2.4981269312447947	0.7303822499136159	0.07436219053168987	-2.936463569347997	0.8100032873817409	0.08197754194818042	5.6051949180121765	-1.2015376212508204	0.0821368788927655	1.7420916668304263	-0.31725995925689987	0.07487339867715115	3.4755358792939637	-0.6761009579724363	0.07698649512873791	-2.250372927487348	0.6376673800982149	0.08130732091982006	-3.3080535540468503	0.9064637696848442	0.0810844422589107	-2.094719768779942	0.5917644709554761	0.0792196935658053	0.2625044631181536	0.07397393055891244	0.07808318635709775	0.5355012615426605	-0.01508664046046113	0.08110378989882927	2.0882838728838773	-0.3660440836385561	0.08010595201504103	-3.1813118153451923	0.8720031709309036	0.08250644397140977	0.833511682946057	-0.08448029299499402	0.08286102010285504	-1.2033342447887114	0.4002795217244337	0.08421755327144882	-2.560498961728082	0.7222886727852428	0.08425629917400224	-4.805819699531477	1.2482547341904955	0.08372296746243484	1.5541047763956957	-0.24741906055945145	0.08393868567687454	0.49811195024433585	0.5018880497556641	4.267484226127128	0.10001546283150234
10000	4.2687261831087255	0.759	-5.921534653609546	1.4897300063486207	0.07776201579331557	-1.444563494127937	0.47419782208384054	0.07914723384340794	-0.5494760604631773	0.2223049910303757	0.07257470925836969	-2.4981924501403	0.7303663166093387	0.07322657750465257	-2.9333975019071494	0.8107610288163641	0.08198821929520178	5.602219335015534	-1.2022527109014902	0.0817700760410172	1.7416110759064407	-0.31737782360726713	0.0740713611527748	3.4804098848277243	-0.6749288547444072	0.07628252260419574	-2.247211039425245	0.6384230842093381	0.08130577850714603	-3.314748760335717	0.9048508809552882	0.08213652647255548	-2.0925232886520213	0.5922944120837974	0.07947682350694897	0.2573692174003037	0.07270896285591891	0.0793377772673761	0.5390069447392412	-0.014243473546195127	0.08153797156566688	2.086752150257868	-0.3664285172496709	0.08024283650726992	-3.1789238234512123	0.8725693688913896	0.08245853687088266	0.830416083414285	-0.08521395402320281	0.08228498540270753	-1.2028750697052688	0.40038848689188994	0.08377308006962245	-2.5608425454916484	0.7222075473941958	0.0835677008802194	-4.805455833007674	1.2483414634333785	0.08350362649099495	1.5555334099712104	-0.24708061350522892	0.08345559456316848	0.49780087964814074	0.5021991203518592	4.2687261831087255	0.10001536946475867
0.6665454545454547
