DAG
attr0 has 2 parent(s): {output, GlobalHidden_0}
attr1 has 2 parent(s): {output, GlobalHidden_0}
attr2 has 2 parent(s): {output, GlobalHidden_0}
attr3 has 2 parent(s): {output, GlobalHidden_0}
attr4 has 2 parent(s): {output, GlobalHidden_0}
attr5 has 2 parent(s): {output, GlobalHidden_0}
attr6 has 2 parent(s): {output, GlobalHidden_0}
attr7 has 2 parent(s): {output, GlobalHidden_0}
attr8 has 2 parent(s): {output, GlobalHidden_0}
attr9 has 2 parent(s): {output, GlobalHidden_0}
output has 0 parent(s): {}
GlobalHidden_0 has 0 parent(s): {}

Sample	GlobalHidden_0	 Accuracy
1000	4.276212809284826	0.495	-6.091938476610296	1.5432016420712709	0.08759823978815681	-1.4738444177562202	0.45965814809826727	0.08858307559375438	-0.536877057312657	0.22873124269789366	0.0833487192447543	-2.426196081126255	0.7009543169075414	0.08042753471567411	-3.033052911727171	0.8166663483607977	0.08893390765832075	5.45159865445908	-1.151460121418811	0.08441833143576745	1.8511277011817042	-0.32850114944089825	0.08519016608833095	3.3710071028915753	-0.6589568516065266	0.08189110581366152	-2.342372683738674	0.6732493436315947	0.0883517447948283	-3.202700084026168	0.8605740288697722	0.08664166579249143	-2.2260731876229576	0.625797357946586	0.08396011439050421	0.2195985306016047	0.06910126229636222	0.08588156478308842	0.5106809837254898	-0.024455612282891014	0.07866333463046217	2.0530791704612223	-0.3409852001536321	0.0730508575527065	-3.500669283650831	0.9126934616111134	0.07687824232173189	0.9234380155276711	-0.07132352553027185	0.06964433397141016	-1.3615528457238963	0.4170773564240749	0.0821555804704871	-2.513893927295121	0.7296733576268922	0.07399982237011549	-5.109299354285008	1.2995417555495912	0.07913902071032086	1.5205494559095125	-0.2285493914180115	0.08636170290278211	0.4950199203187251	0.5049800796812749	4.276212809284826	0.10001563510807045
2000	4.274318750646006	0.791	-6.088897912924845	1.5439029893247476	0.08587196319956869	-1.4793909047574398	0.458359153817576	0.08830870405556449	-0.5418135602433244	0.22757592374292776	0.0804320237517014	-2.41713654230044	0.703067981430174	0.07686590664537096	-3.020888873757754	0.8195046116293688	0.08598538262431708	5.448674827000671	-1.1521374406383935	0.08433973949851117	1.8666568432634145	-0.3248691919910338	0.08198804676031952	3.366386901734161	-0.6600332497295373	0.0807028672404655	-2.3364754944056787	0.6746237474415114	0.08690561727575104	-3.211129410387467	0.8585988337480998	0.08416839425908977	-2.2265817119687443	0.6256747562548197	0.08331089736735046	0.23600635133807463	0.07293623208477013	0.08136752066712996	0.5070745509025708	-0.02529845734593491	0.07732028166768395	2.062317485786419	-0.33882380609375723	0.06955209509119244	-3.507559233805938	0.9110772637369312	0.07400054368674945	0.9217099762156307	-0.07172708359285922	0.07061237432659813	-1.3580246575631512	0.4178994562772008	0.07927636670342235	-2.5283009904291514	0.7263019218405028	0.07581160259878396	-5.105980318550392	1.300309951121921	0.07934729140379097	1.5103120085868116	-0.23094109515936936	0.08178950740618976	0.5029940119760479	0.49700598802395207	4.274318750646006	0.10001526382432714
3000	4.293229117282115	0.787	-6.083618036269663	1.5451468153366092	0.08621445943886201	-1.4900046834514142	0.4558675549684693	0.08407056875333015	-0.5467125295941347	0.2264257450485629	0.08024960442503776	-2.4137782682399656	0.7038589919176	0.0752375427817346	-3.0162048875152583	0.8206068452307074	0.08526581834952214	5.439384830816574	-1.1543228588385501	0.08397310334039894	1.884589382926658	-0.3206577545663633	0.08215465514610965	3.3492397393559545	-0.6640628022600934	0.08079232086637571	-2.3372841857224844	0.6744355517322103	0.08261143885533098	-3.2158766953620495	0.8574863679995077	0.08263807671591188	-2.2376576580570164	0.6230746532797393	0.08137609991340769	0.2432892228295521	0.07464712868149946	0.08032283010016822	0.5071139588879732	-0.0252892615120251	0.07668030056523761	2.0567960681665354	-0.3401216698929309	0.07168814696224216	-3.5092993467457134	0.9106709036999001	0.07108837225685682	0.9217109394152564	-0.0717270630271564	0.06995210199020754	-1.3515819758609824	0.4194137501207304	0.08101284513545594	-2.545017595274141	0.7223773337032986	0.07896908777244994	-5.107481834640461	1.2999601092671953	0.08161434624782625	1.5128918184808626	-0.23033580000824894	0.08299824935578866	0.494340878828229	0.5056591211717709	4.293229117282115	0.1000155003499529
4000	4.295250312307485	0.801	-6.082611354615359	1.5453846987197917	0.0834809703876786	-1.4997879075334761	0.4535758967214768	0.08375481267668802	-0.5501252801536805	0.225626226156674	0.07916651656041657	-2.4145336998979015	0.7036827764069524	0.07428812564773117	-3.010181771302497	0.8220193861791698	0.08551925174665159	5.4328866602954555	-1.155846675971421	0.08349153640202567	1.8928534795984913	-0.3187213859615956	0.08162438362175783	3.3446359456366492	-0.6651422219808408	0.08068595547410219	-2.3364768843436376	0.674625625970377	0.08106862718594443	-3.217562370153132	0.8570922888389503	0.08415901759613033	-2.2398377550974464	0.6225645028481432	0.08138829653359338	0.2457653956544593	0.07522737738082459	0.08085643662479435	0.5058541032089399	-0.025584548793210652	0.07450470697879423	2.0549438060596836	-0.3405560227447637	0.07305488032123866	-3.50961755686335	0.9105974564991671	0.07228022208278943	0.9122447466736477	-0.07394519237374506	0.0707230472196984	-1.3474643912530146	0.4203792465192337	0.08278664278656127	-2.549810053670492	0.7212549424780188	0.08014067031365557	-5.111396531419982	1.2990440438741042	0.08224748122082483	1.512039641499119	-0.23053571606658715	0.08287541575541552	0.49875124875124877	0.5012487512487512	4.295250312307485	0.10001515808935793
5000	4.305110059561393	0.8	-6.0813208478953245	1.5456869706347243	0.08184796848722044	-1.5028729700895507	0.45285247280929886	0.08238027699349186	-0.5521386888330323	0.2251540493955142	0.07870228084828093	-2.4223029097459743	0.7018610386905184	0.07510883442036839	-3.0071114882930328	0.8227391739141472	0.08529020957269516	5.428236587090426	-1.1569368263251154	0.08275718231344269	1.8944341692826294	-0.31835065305356935	0.08223217117170492	3.3435674889995823	-0.6653926331774539	0.08136146289952098	-2.339544240863743	0.6739062718297848	0.07985326159185607	-3.2231155354757246	0.8557900223906032	0.08286029472565117	-2.242361812773553	0.6219724994983538	0.08134902743664979	0.24707997971327353	0.07553559600811637	0.07926878603450069	0.5031659131659677	-0.026214890719779255	0.07461551345772408	2.0600578119651063	-0.3393567348488928	0.07291784383923655	-3.5029029484941394	0.9121717031074981	0.07373936465596241	0.9089364819678708	-0.07472093251348684	0.07284857321068791	-1.345848201391351	0.4207581787263896	0.08263332530334527	-2.5504643885616423	0.721101356415756	0.08119751523775835	-5.110922075374282	1.299155043862695	0.08212977528620677	1.5100212140207718	-0.23100896090809236	0.08250146702252899	0.503796962430056	0.49620303756994405	4.305110059561393	0.1000149923483832
6000	4.306231184269666	0.799	-6.079650796046615	1.5460787037197876	0.08036430152175585	-1.5033215719821158	0.4527476389496821	0.08242029029996582	-0.5493363121154908	0.2258101306207886	0.07924583992815364	-2.427186085609681	0.7007181687802919	0.07658113127856651	-3.000665313193377	0.8242485325902147	0.08382278503714735	5.42775569812068	-1.1570498374201879	0.0829007215373081	1.8958829907357246	-0.3180116570377002	0.08168550895515547	3.3444187006814294	-0.6651935891001091	0.08094763027105015	-2.3371169292755205	0.6744747280263105	0.08004079906572836	-3.229624334446114	0.8542665959488335	0.08216068925128794	-2.2463237820887807	0.6210453877262021	0.08052321223607242	0.24974743716769351	0.07616006508820108	0.07883026245985505	0.5021263585683544	-0.026458235218707958	0.07382248971239841	2.060367612867251	-0.33928432229915445	0.07220772412391169	-3.4971926511607285	0.9135087638174029	0.07600138869920856	0.902569255624377	-0.07621174299205316	0.0741804041938008	-1.3441720924094658	0.42115076532037665	0.08312145164957911	-2.555628584831179	0.719892333475942	0.0804960894171377	-5.1119574110689525	1.2989132657174602	0.08114272170265246	1.5067747456953164	-0.2317690850967675	0.08343157049618523	0.5089940039973351	0.49100599600266487	4.306231184269666	0.100014830378813
7000	4.298405736085074	0.785	-6.082444412470798	1.545426701706194	0.08075146722385679	-1.5074656868705596	0.45178050553224136	0.08155015841559907	-0.5461073833205615	0.22656348572248428	0.0797229252624263	-2.435308883668333	0.6988224064363234	0.07758061601467052	-2.995749934995894	0.8253952977334296	0.08344901268084134	5.4263164230168695	-1.1573855618733873	0.0826007237964675	1.89810973543172	-0.3174920367766296	0.08108396293664621	3.341407626913953	-0.6658962561577727	0.08137296928345389	-2.3323445836598578	0.6755879792051086	0.07974731297482257	-3.2335060741839787	0.8533605442629637	0.08183273037698068	-2.2466253433543915	0.6209749350751973	0.08000250418178917	0.2529644367993524	0.07691079370133375	0.07865121069488182	0.5048749341869263	-0.025816945580791142	0.0734165483496176	2.062265532346687	-0.33884128024532034	0.07172231979062291	-3.489625261966635	0.9152743954560126	0.07717352759151275	0.8957875478980779	-0.07779471408976635	0.07499972439698363	-1.3439784919383695	0.4211958848930159	0.082909749112956	-2.5572850275273273	0.7195055446909874	0.0812687637406077	-5.112852947733123	1.298704095693468	0.08070634625327466	1.509455102058657	-0.23114347975537602	0.08365142551995634	0.5058537978298115	0.49414620217018845	4.298405736085074	0.10001523599066288
8000	4.30698992394409	0.767	-6.084690329217747	1.5449020518075962	0.08029300249888999	-1.508466159498488	0.4515467326712227	0.08159014877446091	-0.5411944174740817	0.2277116433904459	0.08034336311336429	-2.441431593766088	0.6973913975264143	0.07781697385778615	-2.991929664250902	0.8262881634439462	0.08297962686885164	5.423218807240749	-1.1581097256468302	0.081289830578909	1.899123731160249	-0.317255096771751	0.08083034048619588	3.3397367120274377	-0.6662868986663685	0.08080478627279901	-2.3299351318217894	0.6761510596582105	0.07858991123446965	-3.2382473822366356	0.8522524418255076	0.08109549321138064	-2.2478929774942937	0.6206787617442174	0.07967261240916777	0.2534090825586726	0.0770147254718693	0.07820015622177497	0.5026899444358802	-0.02632754848916875	0.07291673324564393	2.0622361631649646	-0.33884818054334276	0.0713504784307353	-3.4861738592946283	0.9160811027355064	0.07768581826573442	0.8894706506123475	-0.0792714480692969	0.0769427937762828	-1.3422871741754268	0.42159123353820294	0.08262530224977843	-2.559603693194043	0.7189635261957509	0.08195056718444409	-5.113117951184101	1.298642279535114	0.08197601351680907	1.5075834593271675	-0.2315809896613887	0.08337591958055941	0.5056221889055472	0.4943778110944528	4.30698992394409	0.10001506765469372
9000	4.308890922754282	0.759	-6.088780802648093	1.5439464147462256	0.0806072581221443	-1.5117607792182493	0.45077700469528675	0.08070958728453387	-0.5374522023999426	0.2285858391323133	0.08066636315143515	-2.4477927058149738	0.6959050981202234	0.07923267007613098	-2.990631841292564	0.8265912574756253	0.08221318599300773	5.42071260746913	-1.15869516073171	0.08051599615820577	1.9007929244758146	-0.31686512141686946	0.08061292514009584	3.335777700948595	-0.6672118715188169	0.08034532503368276	-2.326144332099522	0.6770364253742265	0.0777943764189258	-3.240066830992739	0.8518272650029988	0.07978691416343893	-2.2474642281300827	0.6207788580325904	0.07946904440871035	0.2538028786267697	0.07710671829289593	0.0775380247016969	0.5031294206225623	-0.02622488648033	0.07243050346242616	2.063860785797814	-0.3384631845627491	0.07136332401647694	-3.4805933691150552	0.9173847864102607	0.0788401671532318	0.8819252331349219	-0.08104801226604619	0.07822569055297111	-1.341479547962652	0.4217798863009484	0.08285178062396827	-2.5615779906890443	0.7185020653816128	0.08146546553959001	-5.113212573294679	1.2986200480261156	0.0821582393807975	1.5079865832942339	-0.23148677573810567	0.08292586275746006	0.5044424700133274	0.4955575299866726	4.308890922754282	0.10001512700347916
10000	4.308632404502953	0.782	-6.089513520934576	1.5437733144071957	0.08014768942332767	-1.5085138658971924	0.4515348519094427	0.08036937935647868	-0.536974939517515	0.22870226884219036	0.08104548376089096	-2.4510218633104706	0.6950990005432965	0.07973867936120972	-2.9891278507743952	0.8269422247254995	0.08165230809914364	5.420787623817582	-1.1586775127344884	0.080399987215922	1.9035418545663731	-0.3162086080287922	0.08018485007585928	3.3326921868355925	-0.667943930717392	0.07975881955090476	-2.325041924129998	0.6773009252384513	0.0773376908367424	-3.243650915953306	0.8509905038328903	0.07889517673385588	-2.2439317469679505	0.6216297532331929	0.08019915165231709	0.2511867206693903	0.07647863738081861	0.07810398102951609	0.5028489247818569	-0.0262981753371239	0.07232770381019808	2.0660976993204505	-0.3378649214913957	0.0709672770776335	-3.4784220148735616	0.9179493930173088	0.07953732686539372	0.877619675749599	-0.08218144728566523	0.07915623458649702	-1.3436624363966532	0.4212600093130433	0.0827613886970077	-2.562973460794172	0.7181641351577159	0.08189349860130436	-5.11268502790451	1.298747075859189	0.08278317449415659	1.5098535425463098	-0.23105089404884765	0.08301928498235486	0.5027988804478208	0.4972011195521791	4.308632404502953	0.10001517314276356
0.687818181818182
