DAG
at1 has 2 parent(s): {cl, GlobalHidden_0}
at2 has 2 parent(s): {cl, GlobalHidden_0}
at3 has 2 parent(s): {cl, GlobalHidden_0}
cl has 0 parent(s): {}
GlobalHidden_0 has 0 parent(s): {}

Sample	GlobalHidden_0	 Accuracy
100	9.239107159295376	0.37
200	9.198975455236589	0.89
300	9.048574913792041	0.86
400	8.987580161520484	0.9
500	8.893836016861787	0.88
600	9.228254308271971	0.89
700	9.108111366199457	0.89
800	9.211525431335287	0.88
900	9.058466609625688	0.89
1000	9.571188002477106	0.92
1100	9.263958144088546	0.88
1200	9.352685947950555	0.96
1300	9.116918496209525	0.85
1400	8.970727056836786	0.87
1500	9.161500553974168	0.81
1600	9.00906154495219	0.86
1700	8.731667664768102	0.84
1800	9.160691072365669	0.85
1900	9.34037818851307	0.89
2000	9.041101908737723	0.84
2100	9.238517063906437	0.86
2200	8.927665691418834	0.82
2300	9.001831029185915	0.83
2400	8.802619999119312	0.9
2500	8.803361999831042	0.9
2600	9.021778450383529	0.86
2700	9.582659872538395	0.93
2800	9.49967120044597	0.87
2900	9.28930122909977	0.92
3000	9.173708274038523	0.86
3100	8.932243573504795	0.94
3200	8.997413983862309	0.89
3300	9.331287236664462	0.88
3400	9.203295622693638	0.85
3500	8.856848864045984	0.81
3600	9.165202641459892	0.88
3700	8.944818692920549	0.86
3800	8.99985478715826	0.9
3900	9.169793372931593	0.82
4000	9.194064652860174	0.87
4100	9.155760417644574	0.88
4200	9.27525019324863	0.9
4300	9.501694279746483	0.89
4400	9.256368983385997	0.86
4500	9.315796678286528	0.89
4600	9.154683929073483	0.83
4700	9.348489092296564	0.91
4800	9.046469719325156	0.82
4900	9.136193111651902	0.88
5000	9.190742510451333	0.86
5100	9.443625892873401	0.83
5200	8.996203989420252	0.81
5300	9.396055999506409	0.87
5400	9.449665029324116	0.91
5500	9.222607090292374	0.87
5600	8.952365445963718	0.89
5700	9.578177604773161	0.83
5800	9.65062807936358	0.91
5900	9.186034495299372	0.91
6000	9.189866170161784	0.9
6100	9.092236382925702	0.91
6200	9.798561468947025	0.83
6300	9.075895315854513	0.84
6400	9.0095094670644	0.93
6500	9.32677690560904	0.88
6600	9.598159250050125	0.87
6700	9.122846641508342	0.87
6800	9.399993882082898	0.86
6900	9.285887506874495	0.89
7000	9.55246997591336	0.87
7100	9.072283596495973	0.9
7200	9.148806759482422	0.82
7300	9.746781427644725	0.82
7400	9.269151273604395	0.84
7500	9.33405629891171	0.84
7600	9.343807471089873	0.9
7700	9.251497213525182	0.89
7800	9.03494645551517	0.91
7900	9.267299470356681	0.84
8000	9.19448455455705	0.85
8100	9.768553681743413	0.87
8200	9.351764665714404	0.91
8300	9.235260822747696	0.86
8400	9.000710203503292	0.9
8500	9.315087159418153	0.8
8600	9.584665727887726	0.89
8700	9.766670756429365	0.86
8800	8.952815525248354	0.88
8900	9.376854065628113	0.82
9000	8.854340214100066	0.97
9100	9.420548154671861	0.88
9200	9.211345528452677	0.92
9300	9.165205407872483	0.83
9400	9.008356441196348	0.88
9500	9.368173443447336	0.88
9600	9.144691867783388	0.9
9700	9.386573509978936	0.89
9800	9.108918196836836	0.88
9900	9.546359330288292	0.79
10000	8.908016028902065	0.85
10100	9.604370625943575	0.82
10200	9.160915084442374	0.92
10300	9.465232325297498	0.88
10400	8.823655565533416	0.77
10500	9.547765193627203	0.88
10600	9.316826988939619	0.9
10700	9.558884273935433	0.84
10800	9.671446903384568	0.91
10900	9.618382194026582	0.9
11000	9.189637828659373	0.87
11100	9.015446371457926	0.94
11200	9.024745188075064	0.83
11300	8.998657832505426	0.84
11400	9.420717739087781	0.86
11500	8.883554844804612	0.89
11600	8.94928880720166	0.91
11700	9.407271920070004	0.87
11800	8.940890063429606	0.89
11900	9.481822401688264	0.77
12000	9.678418725936892	0.86
12100	9.211590544728931	0.84
12200	8.940511112470709	0.89
12300	9.05586399604009	0.92
12400	9.479377375928498	0.86
12500	9.344909512552903	0.87
12600	9.354414692522585	0.86
12700	9.426916265842966	0.85
12800	9.183625265562904	0.86
12900	8.990846300398733	0.85
13000	9.05225696879243	0.84
13100	8.819126110717875	0.85
13200	8.564335772868526	0.85
13300	8.932634725712484	0.86
13400	9.579843935241248	0.85
13500	9.341916697194378	0.87
13600	9.426411594843415	0.87
13700	8.981780594880409	0.9
13800	9.324198634423125	0.85
13900	9.255394156489865	0.87
14000	9.469462832833072	0.82
14100	9.274883457311878	0.89
14200	9.429367430007337	0.92
14300	9.234029917600186	0.9
14400	9.544003178620125	0.88
14500	9.186122588384698	0.87
14600	9.21211900446126	0.9
14700	9.05409359636807	0.83
14800	9.441056721074274	0.84
14900	9.458862040195598	0.85
15000	9.438015352610657	0.88
15100	9.550324533513873	0.82
15200	9.303237512464278	0.87
15300	9.503504055258857	0.85
15400	9.825313616580047	0.78
15500	9.298373641079626	0.85
15600	9.857204444526154	0.8
15700	9.018474429117141	0.89
15800	9.306784869791537	0.79
15900	9.477655407231989	0.83
16000	9.23039565766539	0.86
16100	9.657464439888392	0.84
16200	9.610264208184354	0.8
16300	9.457694069249843	0.8
16400	9.112908179421071	0.81
16500	9.677560943276463	0.75
16600	9.647248034298185	0.79
16700	10.031024987262986	0.89
16800	9.62565642274751	0.83
16900	9.010874457557975	0.85
17000	9.08477347476415	0.83
17100	9.753393355700183	0.78
17200	9.769785282472219	0.87
17300	9.58638102676278	0.94
17400	9.394654859973766	0.88
17500	10.019906092005703	0.84
17600	9.226948585674986	0.93
17700	9.591646568910756	0.84
17800	9.320718403908273	0.9
17900	8.958515048309946	0.83
18000	9.891328951369523	0.77
18100	9.699087143492887	0.91
18200	9.556331210645975	0.85
18300	9.54376612443663	0.86
18400	9.284712987173592	0.79
18500	9.215143767135997	0.82
18600	9.460747016104747	0.81
18700	9.189227616832701	0.82
18800	9.527765593085256	0.81
18900	9.254992824795762	0.85
19000	9.661888487836933	0.86
19100	9.288776192192106	0.85
19200	8.931809994194769	0.88
19300	9.75999602669415	0.77
19400	9.460661515024594	0.83
19500	9.632180905702379	0.84
19600	9.748098061821684	0.88
19700	9.142414879406813	0.82
19800	9.736904669785762	0.84
19900	9.760267968202596	0.8
20000	9.788426507049662	0.79
20100	9.619952671314126	0.85
20200	9.424631242303837	0.91
20300	10.070784302170761	0.82
20400	9.510700148259877	0.9
20500	9.13401915564826	0.86
20600	9.40741322710839	0.82
20700	9.379193035023672	0.8
20800	9.186315645843472	0.87
20900	9.437844633151117	0.78
21000	9.992012415094075	0.83
21100	9.588676724115679	0.89
21200	9.415845624882623	0.9
21300	8.977187426857048	0.88
21400	9.664889952174025	0.8
21500	9.617451113336152	0.82
21600	8.980976145695058	0.91
21700	9.486104577125502	0.84
21800	9.619772293642804	0.76
21900	9.446500650246323	0.85
22000	9.856059309352942	0.86
22100	9.782204218819832	0.91
22200	9.249017966120155	0.88
22300	9.7134122336446	0.89
22400	9.684306661357148	0.83
22500	9.757275031183623	0.87
22600	9.69579877637161	0.86
22700	9.452227071433358	0.84
22800	9.35514662965038	0.82
22900	9.358344388859528	0.89
23000	9.532110707297441	0.82
23100	10.03709496020178	0.84
23200	9.516399468529551	0.92
23300	9.607323572854042	0.84
23400	9.34083874369506	0.9
23500	9.149226193687008	0.88
23600	9.506809758074382	0.81
23700	9.456459541667655	0.87
23800	9.026025517583506	0.87
23900	9.4425718394717	0.74
24000	9.13029080198207	0.83
24100	9.477013133100002	0.79
24200	9.479954512051743	0.81
24300	9.70656251288638	0.84
24400	10.016019175070715	0.87
24500	9.452596770858587	0.87
24600	9.624220392083835	0.86
24700	9.467543311298284	0.88
24800	9.773599178539929	0.84
24900	9.635763362788966	0.88
25000	9.79361256365992	0.82
25100	9.6896270824157	0.83
25200	9.39183834309986	0.86
25300	9.300831229085142	0.86
25400	9.451140399765146	0.81
25500	9.631674336852374	0.85
25600	9.609453557693	0.9
25700	9.65732478363905	0.92
25800	9.532335921845055	0.89
25900	9.415482366818454	0.87
26000	9.929834251153057	0.85
26100	9.067165406763747	0.85
26200	9.97735934886295	0.82
26300	9.53705630219692	0.91
26400	9.76966995380728	0.85
26500	9.39020979634052	0.87
26600	9.516961761484314	0.83
26700	9.48647465949561	0.84
26800	9.580395870319133	0.75
26900	9.78455618912903	0.83
27000	9.579104567035092	0.85
27100	9.298605249746062	0.79
27200	9.151509484752026	0.87
27300	9.627160005457812	0.82
27400	9.72614525237788	0.86
27500	9.678239642681328	0.86
27600	9.52833562710375	0.85
27700	9.555835850938413	0.91
27800	9.667812128218506	0.81
27900	10.047409051232783	0.91
28000	9.289775480694484	0.85
28100	9.175085116267068	0.8
28200	9.134692355695114	0.83
28300	9.303655241715918	0.83
28400	9.895403236138744	0.83
28500	9.946789395406709	0.85
28600	9.301416366530928	0.83
28700	9.637023111559147	0.9
28800	9.693879691341973	0.82
28900	9.034646815164246	0.81
29000	9.471665514672518	0.81
29100	9.318493685912724	0.89
29200	9.711708880661906	0.79
29300	9.46487673680167	0.92
29400	9.997969579822426	0.91
29500	9.604936626153307	0.84
29600	9.615594165044122	0.87
29700	9.916524780493722	0.83
29800	9.488765217519095	0.86
29900	9.511625455969144	0.92
30000	9.4136270962045	0.8
30100	8.533016380922067	0.82
30200	9.060704227444367	0.79
30300	8.933712115459718	0.77
30400	8.969887357156516	0.87
30500	9.24673277466835	0.87
30600	9.000412742052696	0.88
30700	8.989770872395585	0.79
30800	9.366289047998448	0.87
30900	9.026339946653826	0.86
31000	9.031643323961172	0.85
31100	9.038678571209593	0.84
31200	8.656240003600054	0.91
31300	9.027022879039775	0.87
31400	9.386417957238313	0.86
31500	9.002799471315543	0.85
31600	8.886575050133724	0.84
31700	8.909455709172077	0.84
31800	9.276231702469724	0.87
31900	9.308031855922493	0.81
32000	9.214504378069613	0.82
32100	8.86723707014066	0.86
32200	9.454622863163767	0.88
32300	8.989451871166608	0.84
32400	9.255597000323442	0.93
32500	9.568178681087968	0.85
32600	8.856127004776935	0.83
32700	9.534073266376442	0.79
32800	9.13472613319177	0.9
32900	9.488044996826238	0.83
33000	9.447778047292115	0.92
33100	9.279030083487845	0.86
33200	9.094441452469713	0.81
33300	9.331538314085508	0.84
33400	9.278032366233548	0.85
33500	8.879806655507222	0.83
33600	9.047795001526953	0.83
33700	8.758165594858175	0.84
33800	8.656071568365029	0.79
33900	9.248226369249396	0.87
34000	9.304325419596504	0.91
34100	9.097888389919945	0.75
34200	8.878623546507336	0.82
34300	8.57507896850278	0.82
34400	8.878654352643872	0.87
34500	9.209898388787154	0.88
34600	9.330016041932025	0.85
34700	9.030176392736477	0.83
34800	9.40347516854966	0.85
34900	9.37541210082687	0.85
35000	9.088049943950143	0.82
35100	9.217539066023257	0.87
35200	9.560509849968666	0.86
35300	9.167890527140077	0.84
35400	9.430178644240632	0.88
35500	8.812903439366412	0.8
35600	8.967331631297363	0.94
35700	9.066881329679843	0.79
35800	8.663835764253712	0.86
35900	8.544166947112982	0.87
36000	9.796782721465627	0.89
36100	9.343073795938903	0.84
36200	9.141347247920239	0.82
36300	9.39029621872759	0.89
36400	9.230931758380535	0.8
36500	9.1934463619173	0.86
36600	9.044105150840812	0.78
36700	9.583722445449618	0.86
36800	9.3050941069738	0.85
36900	9.07306340257424	0.86
37000	9.05159018902407	0.92
37100	8.790455999513593	0.9
37200	9.72092129542109	0.9
37300	8.757027655386404	0.77
37400	9.283021904475845	0.9
37500	9.367641962326216	0.84
37600	9.059603393119737	0.82
37700	9.330479964532469	0.91
37800	8.941005036424372	0.83
37900	9.023137060595454	0.85
38000	9.047315781276952	0.86
38100	9.325513218959948	0.91
38200	9.40299782410727	0.9
38300	9.011398393772563	0.81
38400	8.82680171284406	0.86
38500	9.05371669805843	0.88
38600	9.561351923707075	0.84
38700	8.87954475910441	0.76
38800	9.080548455523461	0.87
38900	9.055130565958853	0.85
39000	9.241792575586139	0.83
39100	9.590062183092071	0.83
39200	9.256074786103213	0.81
39300	9.327512413469535	0.81
39400	8.96692344980582	0.87
39500	8.77837904243663	0.87
39600	8.908953581071067	0.85
39700	9.621097870588638	0.86
39800	9.047717469559407	0.87
39900	9.251108577436474	0.88
40000	8.995389323889233	0.79
40100	9.868248810364836	0.81
40200	8.90755593411238	0.77
40300	8.935971486617092	0.89
40400	9.016925555742079	0.81
40500	9.019550297178643	0.86
40600	9.311227503884407	0.86
40700	9.238057781695861	0.86
40800	9.45300964796388	0.89
40900	8.983969352805484	0.85
41000	9.017143673922671	0.9
41100	8.99877563455363	0.88
41200	8.89601403865895	0.87
41300	8.902723121271993	0.93
41400	8.876425693490466	0.85
41500	9.06253539712208	0.84
41600	9.316907313306368	0.9
41700	8.801674068322368	0.89
41800	9.098843980596023	0.91
41900	9.157219044665235	0.88
42000	9.093654249498885	0.92
42100	9.383992729391755	0.88
42200	9.347561173283216	0.87
42300	9.016201354919104	0.78
42400	9.187346468406655	0.85
42500	8.92688244760837	0.82
42600	9.003471162937213	0.91
42700	9.299628618463883	0.9
42800	9.449476998111738	0.81
42900	8.774361191503358	0.85
43000	9.511495925471255	0.89
43100	9.4902538153405	0.84
43200	9.373458302319234	0.84
43300	8.93597781449613	0.88
43400	8.87740930381091	0.82
43500	8.922592223179034	0.83
43600	9.536654891466197	0.87
43700	9.181065067376812	0.87
43800	8.510298349236157	0.87
43900	9.202448031348904	0.91
44000	9.562400639875534	0.86
44100	9.022041469027666	0.88
44200	9.102773974644961	0.91
44300	8.910322763117891	0.87
44400	9.511937411504249	0.94
44500	8.856162044519568	0.88
44600	9.107503800202501	0.87
44700	9.229243095776146	0.81
44800	9.579681100475915	0.83
44900	9.35734821131351	0.87
45000	9.236730479926223	0.86
45100	9.47826807935409	0.83
45200	9.439568691246269	0.81
45300	9.558670254297303	0.76
45400	9.237862630006449	0.85
45500	9.069053811268311	0.87
45600	9.472751910995509	0.8
45700	9.27381958878341	0.85
45800	9.145813713283621	0.82
45900	9.666207722054107	0.74
46000	9.5238350036437	0.88
46100	9.46342703749777	0.8
46200	9.378146912557268	0.77
46300	9.714077691231633	0.8
46400	9.547884813056385	0.86
46500	9.244476044998235	0.84
46600	9.522441356968876	0.79
46700	9.691937297486934	0.82
46800	9.646621970202727	0.84
46900	9.917321927004286	0.81
47000	9.297367057310494	0.93
47100	9.316824487105277	0.82
47200	9.428497954954297	0.79
47300	9.875907082298157	0.85
47400	9.211793526568531	0.89
47500	9.640674853918458	0.84
47600	9.245466158480562	0.82
47700	9.312299417318064	0.82
47800	9.581659540199146	0.8
47900	9.605791229754558	0.84
48000	9.519789869401327	0.9
48100	9.487627221483917	0.83
48200	10.035151966703442	0.8
48300	9.45052273254861	0.83
48400	9.225936868736303	0.82
48500	9.520941759407899	0.82
48600	9.74128365928424	0.88
48700	9.304367180061586	0.84
48800	9.493808946267052	0.73
48900	9.764451131189885	0.88
49000	10.166427853671262	0.83
49100	9.316775309137883	0.87
49200	9.47269833997359	0.89
49300	9.430628788872035	0.83
49400	9.641308398068675	0.86
49500	9.469291732128195	0.89
49600	9.863351804886642	0.85
49700	9.43554906922492	0.82
49800	9.985661416944476	0.81
49900	9.690694155551345	0.95
50000	9.902202812516816	0.81
50100	9.441977989098413	0.9
50200	9.744035118572146	0.83
50300	9.40893077319574	0.87
50400	9.933645900586567	0.88
50500	9.25813199288559	0.89
50600	9.182799896881741	0.84
50700	9.712018239319132	0.81
50800	9.29331488344878	0.86
50900	9.631087597106758	0.86
51000	9.125005609200244	0.81
51100	9.502608941271358	0.86
51200	9.273720813960228	0.87
51300	9.68931816047062	0.82
51400	9.396539481396493	0.9
51500	9.641879547252234	0.85
51600	9.762488682474745	0.76
51700	9.919937032745645	0.87
51800	9.541419724741228	0.91
51900	9.57578031789603	0.84
52000	9.525089939162191	0.83
52100	9.203725692370119	0.86
52200	9.86044718843802	0.88
52300	9.682877324430697	0.88
52400	9.198678210934208	0.83
52500	9.573256616088814	0.87
52600	9.06183498148426	0.84
52700	9.505936264114112	0.79
52800	9.619718618281622	0.82
52900	9.760814244647024	0.87
53000	9.668192229370659	0.82
53100	9.236882211754349	0.85
53200	9.565542029052143	0.71
53300	10.07257134853064	0.83
53400	10.22293879584318	0.85
53500	9.054490894328085	0.89
53600	9.673632275509787	0.81
53700	9.060215104737885	0.93
53800	9.544022130441805	0.82
53900	9.700111153597183	0.84
54000	9.445200505083232	0.92
54100	9.359771917845352	0.81
54200	9.566398389030253	0.87
54300	9.833944144333044	0.85
54400	9.49583814007239	0.91
54500	9.686405200031421	0.87
54600	8.943284679648947	0.88
54700	10.044302595687386	0.76
54800	9.653316568874814	0.89
54900	9.918090297315295	0.86
55000	9.695891141399505	0.88
55100	9.847341723501309	0.87
55200	9.309143245903497	0.82
55300	9.690838474501422	0.77
55400	9.821207080852616	0.88
55500	9.89119063597274	0.88
55600	9.632685476461926	0.86
55700	9.470161655410868	0.78
55800	9.596157814929512	0.82
55900	9.502913288769623	0.88
56000	8.962471872437431	0.91
56100	9.942297602847146	0.84
56200	9.39756784344919	0.82
56300	9.74472906267543	0.85
56400	9.372783445715342	0.89
56500	9.187854870912233	0.87
56600	9.119800215783515	0.79
56700	9.279800021464808	0.83
56800	9.621618917446654	0.81
56900	9.377211707356027	0.88
57000	9.182847856619397	0.8
57100	9.413313132065102	0.81
57200	9.420110040394999	0.86
57300	9.795303793735217	0.82
57400	9.381807966906118	0.86
57500	9.220194975808088	0.86
57600	9.429465648585897	0.84
57700	9.464504963658188	0.82
57800	9.81959106571395	0.81
57900	9.5572706091203	0.88
58000	9.695290986458533	0.82
58100	9.638096023024449	0.92
58200	9.757187222538743	0.82
58300	9.794170502200323	0.84
58400	9.73607250513274	0.9
58500	9.642767946793803	0.84
58600	9.710455345803423	0.85
58700	9.293809774606308	0.88
58800	8.97896699183126	0.86
58900	9.418510709337099	0.78
59000	9.132172187108152	0.81
59100	9.601247555086353	0.82
59200	9.819533759365706	0.86
59300	9.452538742677193	0.9
59400	9.9085360710432	0.89
59500	9.886021592290074	0.84
59600	9.614468031888576	0.85
59700	9.741856793259915	0.79
59800	9.359817294718122	0.81
59900	9.546936304173798	0.86
60000	9.571973996556231	0.87
0.8510482529118136
