DAG
attr0 has 1 parent(s): {output}
attr1 has 1 parent(s): {output}
attr2 has 1 parent(s): {output}
attr3 has 1 parent(s): {output}
attr4 has 1 parent(s): {output}
attr5 has 1 parent(s): {output}
attr6 has 1 parent(s): {output}
attr7 has 1 parent(s): {output}
attr8 has 1 parent(s): {output}
attr9 has 1 parent(s): {output}
output has 0 parent(s): {}
GlobalHidden_0 has 0 parent(s): {}

Sample	GlobalHidden_0	 Accuracy
100	2.4659131695413303	0.47	0.43590767367591826	0.11758760014387844	0.6084116704536804	0.09719153794475732	0.41333385775383624	0.10091282092489884	0.5952326008275848	0.1238526855476756	0.42102017168226225	0.11166431942168015	0.46766636324612537	0.12304658294415208	0.4731364869982713	0.117598436413631	0.5035897799779806	0.1261734524672032	0.4926791260780816	0.12655919650289182	0.6056878433429859	0.12352947750900364	0.4923723371244336	0.11901390621136342	0.5368078467049267	0.11073818127620592	0.5183410144296308	0.12761544999506796	0.49401408757507526	0.11788805215432696	0.42489642044727327	0.12455091742704837	0.6103333791967428	0.1112849221223883	0.4327568064184163	0.10600433697182259	0.596456151155771	0.09869290245411379	0.43509830118263665	0.1263113284209117	0.5485434815561325	0.12248888152746573	0.47115384615384615	0.5288461538461539	2.4659131695413303	3.0938859608204337
200	2.4659131695413303	0.86	0.41536377498737004	0.08539563669510564	0.5769268188915275	0.08560959547339972	0.40134207852424886	0.08186585072062987	0.6139676001498763	0.09847424572728741	0.48462793162494516	0.09394860408894469	0.5056319095218382	0.10138664231277399	0.4560194761661475	0.09518221902247379	0.5099215384199429	0.1093994640556092	0.483757088822866	0.10406942189939106	0.6076995572079565	0.09714034970924286	0.45437787410829794	0.09447987136174614	0.5401197198012105	0.1082850293684557	0.48493659708992204	0.10603605526737382	0.5310923634890562	0.09427559253193563	0.42133079982268756	0.08476309066091246	0.6146251389621359	0.08282103658790085	0.4026879705690048	0.08746650519294526	0.587406142888636	0.08722014901578377	0.4378863780996304	0.09376111051585699	0.5805319777262022	0.10290398852641866	0.4950980392156863	0.5049019607843137	2.4659131695413303	3.0938859608204337
300	2.4659131695413303	0.83	0.41999741706867993	0.08597372048410698	0.585772603775785	0.07979758178689776	0.4158756620824105	0.0816700669027224	0.6099138637381762	0.0911648819755449	0.49488867033853406	0.09558286097864925	0.48758421986244727	0.09560151700568076	0.45183019722605644	0.09076759786568862	0.5598064176984673	0.09931192977948171	0.4442514326094917	0.09701421331266229	0.6148980874031168	0.09177517726899646	0.4767913612454354	0.09328033228011769	0.5560666163038251	0.1042130688076115	0.48261810757345475	0.09926927177966346	0.5345578408719649	0.08623784615065963	0.40398559196559847	0.08183387131830358	0.5980118656156154	0.08007347710049237	0.4309874018489306	0.0825469932870488	0.5847177751518419	0.08618580948193207	0.43629496720100147	0.08372304228641328	0.5447284849229644	0.10282374276314524	0.5	0.5	2.4659131695413303	3.0938859608204337
400	2.4659131695413303	0.86	0.42226936961520717	0.08238886615959821	0.5851753192948749	0.08214954564006362	0.4029863715330282	0.07645834147087155	0.6150132035344809	0.0864159965152168	0.5041732557056002	0.09122252810353025	0.48911228781082217	0.09464695487006318	0.4326632943667221	0.08829210435096517	0.5631544755904669	0.09344051916875146	0.42546749428691766	0.09565949802370516	0.6098362825841657	0.08562350749483578	0.481321298545006	0.09500691404497608	0.5527337522947083	0.0989164839185556	0.5055070952500801	0.09795603105761777	0.5554638895608044	0.08761707701315254	0.40536161514095315	0.08393907831722458	0.6031076065988273	0.07438247126418208	0.4598913044683119	0.08551286267621078	0.5811941202217584	0.08112876599648279	0.436288054324789	0.08319099703665457	0.542649352058084	0.09629940873032819	0.504950495049505	0.49504950495049505	2.4659131695413303	3.0938859608204337
500	2.4659131695413303	0.86	0.42307980163962766	0.08276142261309995	0.5834127848851959	0.07886775250023048	0.4055337603683516	0.07773006342759954	0.6308123751694312	0.0843767492787183	0.5137503689917784	0.08762835787307424	0.4957963975685698	0.09395416336250448	0.45048975480919945	0.08633057888388715	0.5683205559878755	0.09142531587117524	0.4250145208064787	0.09360973416940697	0.603389136016658	0.08687047713225896	0.4751807978455801	0.09168530585838901	0.5471318409486774	0.0895783659182709	0.49544735304219434	0.09630506832345682	0.5371147171511323	0.08647388092363406	0.3973338875228547	0.08068595095456893	0.5877657023098313	0.07964196601087513	0.4476177106646849	0.0855591431603156	0.5739201799711388	0.08306342882609201	0.4461906291923769	0.0860354117868837	0.5468866786133603	0.09232349305549686	0.498015873015873	0.501984126984127	2.4659131695413303	3.0938859608204337
600	2.4659131695413303	0.84	0.44013719695480996	0.0834681667774717	0.5644369785969556	0.08119029528217912	0.40302077738474745	0.07527325086373268	0.6455881744375068	0.07883942733951706	0.518643280323919	0.08571021201692183	0.48645410653351645	0.09155404630974917	0.4457170599022772	0.08124468045232787	0.5507282027168635	0.09266010714274227	0.42801257413564725	0.09234411925732623	0.5967751108265211	0.08521045903153017	0.4692934912606251	0.09209135283641448	0.5545885907098804	0.08607987002075544	0.4933608012369682	0.09443858468269238	0.5274454530959941	0.085055199268823	0.4035259320262125	0.0829781257310557	0.5908582767102263	0.07620601003395461	0.43917023743628414	0.08423814908778031	0.5639090605963071	0.08057174315900807	0.44621722358513183	0.08523415359871873	0.5482392436231981	0.09079214041939948	0.49834437086092714	0.5016556291390728	2.4659131695413303	3.0938859608204337
700	2.4659131695413303	0.87	0.44889281651182644	0.0825789637444477	0.5602922024460579	0.08086449367745298	0.3957947402274661	0.07168516968686524	0.6492316102941956	0.07572146497548657	0.516322533834936	0.08630194368781194	0.4881395337651763	0.0921900195603272	0.4480511175238202	0.07960193520537136	0.5326340545775122	0.09073335496186041	0.413594201069359	0.08814557113528967	0.5872532467940969	0.08591559801998833	0.46583880349886375	0.08994754600697145	0.5632126953775182	0.08694251957850183	0.494909827938245	0.09478131301848101	0.516101234677589	0.08425295932959148	0.4075251672071344	0.08251876903353197	0.5979490813174576	0.07646030261352527	0.4329325268576301	0.08457019513917029	0.5598805215115865	0.08104812451800532	0.455086808117413	0.08190369353630071	0.5433733138752304	0.09040297026069577	0.4971590909090909	0.5028409090909091	2.4659131695413303	3.0938859608204337
800	2.4659131695413303	0.84	0.44679521507885256	0.083079294165523	0.5520615032373968	0.08047109736824458	0.39569699253178736	0.07289903381116404	0.6458023458768889	0.07561478624584861	0.5245018493176276	0.08466640122074522	0.48226807045503417	0.09212566013910817	0.45388404169206964	0.07866700416089953	0.5288680506246433	0.08991881220813809	0.4182761840970462	0.08835363852186569	0.5860781360793382	0.08355635683641548	0.46655669402568783	0.08835394798819847	0.5538736701353199	0.08581273185828385	0.4944076752232123	0.0917650621390247	0.5134395673663918	0.08482692280579285	0.409625781376096	0.08417245048826322	0.5958354966841181	0.07923292292204472	0.44257378578404444	0.08540684287292842	0.5638281191300129	0.07929694673469112	0.45887776903152216	0.08141956400523834	0.541459993544985	0.088602889014747	0.4925373134328358	0.5074626865671642	2.4659131695413303	3.0938859608204337
900	2.4659131695413303	0.85	0.45133510352077527	0.08262280607594993	0.5544942382518431	0.08058713958237963	0.39215041414373963	0.07257591679163795	0.6443194776879834	0.07382176751618771	0.524978815528044	0.08433339195894746	0.48031764627067663	0.09198392323153173	0.46984400765243595	0.08154352038331261	0.5231558567791974	0.09100421769988644	0.41079060626620373	0.08734133401533933	0.5866419975556657	0.08257446578079247	0.4595666542019337	0.08809126982645434	0.5499798192491265	0.08597882502399372	0.5004566045395996	0.08944806175677532	0.506770481855401	0.08300178964645696	0.4102796894994745	0.0830948850498111	0.5985274434966621	0.07832903478871923	0.4458694624964198	0.08336787659566532	0.5574275970261354	0.07876995014985125	0.46369273089845897	0.08043898842654847	0.5352204518963968	0.08954744879330076	0.49336283185840707	0.5066371681415929	2.4659131695413303	3.0938859608204337
1000	2.4659131695413303	0.83	0.45526707118977616	0.08408174425014146	0.5447574972644152	0.08039295004901051	0.3863386903506783	0.07044388380542156	0.6391990164589476	0.0727414927054504	0.5279504350909314	0.08243140240675162	0.47820039505089185	0.08945712732157883	0.469748635379766	0.08091378321336998	0.5161409135261111	0.09211515889754811	0.4092796516513042	0.08603391559918763	0.5892995784039181	0.08188217328736869	0.4597605006413392	0.08816297194130902	0.5452645259797154	0.08616063391208705	0.49829368267108737	0.08999450254841947	0.5064105808918882	0.08444433833539246	0.41327003040748406	0.08359616770394725	0.6030945511245672	0.07761770090505793	0.4493000489607824	0.08307580589814453	0.5671287246229888	0.07639161495081391	0.4598882737412536	0.08169360788745128	0.5345840281004025	0.09036540279168688	0.48904382470119523	0.5109561752988048	2.4659131695413303	3.0938859608204337
1100	2.4659131695413303	0.86	0.4667780858267465	0.08325869150211371	0.5401552021952241	0.08241411194427846	0.3818054284075601	0.07015238429828748	0.6421985706072195	0.07092821913725214	0.5286749078069569	0.082814459231232	0.47912360158318656	0.08979472372904154	0.4739274273096906	0.08106740039017404	0.5145725743291403	0.0912113595889476	0.40921386937793136	0.08518153538040316	0.5896809311502532	0.08085112272843684	0.45641635562592864	0.08624135389755676	0.5351587007270994	0.08590338657509469	0.4979633824934388	0.0896071830227461	0.5017261105136944	0.08383136626999485	0.40954620594583924	0.08132805877230415	0.6020807648562533	0.07886184793480891	0.4458416211145608	0.08105043609826307	0.5651879715158761	0.07614467599261397	0.4641902950243959	0.08292023601922316	0.533398110483746	0.08957722821658856	0.49728260869565216	0.5027173913043478	2.4659131695413303	3.0938859608204337
1200	2.4659131695413303	0.82	0.4719417098806937	0.08507567159192507	0.5361583731529832	0.08323703915631542	0.3825160771515537	0.07069602333557971	0.6405585877455923	0.0707395712637885	0.5319438971863644	0.08211557926835794	0.4794030954206548	0.08864449925280608	0.4735971967973989	0.0803263886547645	0.5037247522972739	0.09065935371642378	0.40912967714878234	0.08461726128102136	0.5937111857142116	0.07922342490833578	0.4548058714449893	0.08697095787538107	0.5405429450773498	0.0852740544538554	0.4985693881824598	0.09119372374913087	0.5032783517128029	0.08253039943931341	0.40963144145402697	0.08138816643724049	0.5923999197585306	0.08039063963766097	0.4441541065692239	0.08252328568331385	0.5643305219666488	0.07753328870570675	0.46027124872110836	0.08237338346837428	0.53253146864969	0.08802606663488509	0.5016611295681063	0.4983388704318937	2.4659131695413303	3.0938859608204337
1300	2.4659131695413303	0.85	0.4778095361777111	0.08601177432651295	0.5330662749075692	0.08541302926303185	0.37857754306256497	0.06976249737231255	0.6468204896468356	0.0693903534194093	0.5339767462236967	0.08194036617792777	0.47618169064901444	0.08836041692509898	0.4728238879870246	0.07983434861619298	0.5052799552761422	0.091181893042404	0.408255258175716	0.08332808096568471	0.5990638161115904	0.07869966833785325	0.4563024749531352	0.08677424041308818	0.5357816697074788	0.08540826809652363	0.5007946193992353	0.09105535583720897	0.5013113855072575	0.08339313016556363	0.4072010208171895	0.08132875133737787	0.5896344707894176	0.07965806660300835	0.44521232239353875	0.08297553417781105	0.5632101312888564	0.07994242220308989	0.45941489077287306	0.08272077993058063	0.5259097918249885	0.08760583511325212	0.4946319018404908	0.5053680981595092	2.4659131695413303	3.0938859608204337
1400	2.4659131695413303	0.85	0.4834928383312735	0.08609137371526494	0.5290908622598067	0.08554332006956414	0.37727168949407225	0.0705644874464902	0.6462057074410642	0.06942223971671288	0.5356657640467432	0.08079447766389498	0.472996068412467	0.08797200284441577	0.4735554219235497	0.078787439451075	0.5075003765707284	0.09084375995719343	0.4020376563058776	0.08267097272565647	0.6081051750318645	0.07855677968304432	0.4575579974704167	0.08625521126709979	0.5346585128430896	0.08365955146473518	0.5035834649947301	0.08991806682252552	0.4990175917228083	0.08342298345921834	0.41812956662095274	0.08287732791076824	0.5926206313357028	0.07911118323366245	0.4453760814820654	0.08297521782876216	0.5577575375167111	0.08019380518280335	0.4618725971282025	0.0825947920774454	0.5214114926056506	0.0879497547450949	0.49145299145299143	0.5085470085470085	2.4659131695413303	3.0938859608204337
1500	2.4659131695413303	0.86	0.48972100485032427	0.08730364197427017	0.5230458856232678	0.08621886721934646	0.37788201117707865	0.06988486091788604	0.6466864655655842	0.06901691712295667	0.5367307497296714	0.08057059627018529	0.47253120255660264	0.08811931445326925	0.4784701043442628	0.07804451551331416	0.5119271430629625	0.09017751446225525	0.3973570376575502	0.08194509820135466	0.6053860811570594	0.0784182062024636	0.4597115263004995	0.08581128788722682	0.5337432671645713	0.0840274492288896	0.5037853122140566	0.08810893367158325	0.49751021764171555	0.0830653020434078	0.4181175623706202	0.08229231046689874	0.5909571596599846	0.07795858684243313	0.44428250953177706	0.08231490387239486	0.5573042910115329	0.07954800076162111	0.4607930461464166	0.0831290168206249	0.5210361706852455	0.0866211286427766	0.48736702127659576	0.5126329787234043	2.4659131695413303	3.0938859608204337
1600	2.4659131695413303	0.87	0.4991804607749522	0.08748534725087487	0.5217563980952813	0.0866430971562769	0.3768148880736639	0.06954172802883564	0.645096525014873	0.06951990833084049	0.5367273724897889	0.08116981179935957	0.47316933238848696	0.08816389162086753	0.47159397425998006	0.07802198447883829	0.5089311305886887	0.08892023464027791	0.39777006615353055	0.08228391266557929	0.6097136445006707	0.07785058132972882	0.46281429485830466	0.08660078096800283	0.5335390330849465	0.08536280354781624	0.5042112254940257	0.08670146962000698	0.49986772928609025	0.08226260525819154	0.42115269273902944	0.0827482730844871	0.5908645026911166	0.0786796833122382	0.44414283968980806	0.0813873151582964	0.5588510978261463	0.07860081981405884	0.4649448583134557	0.08253748675937739	0.5203612148716289	0.08655861242671466	0.48940149625935164	0.5105985037406484	2.4659131695413303	3.0938859608204337
1700	2.4659131695413303	0.84	0.49649951494461225	0.08699511082388203	0.5147583095482551	0.08624006106634996	0.37473187380341133	0.06878364818045947	0.6425870463897507	0.06980846920381764	0.5337519747800425	0.08201593351532994	0.47248331483820183	0.08806687002794575	0.47482904180925267	0.07827435388934285	0.5126060942562218	0.08804270418602188	0.3939228013770536	0.08109883310152954	0.6104123853994338	0.07692763863177188	0.46455642578506756	0.08556030930641437	0.5365045636308843	0.08496906177221326	0.5000090304130139	0.0851364770074893	0.49873918629314906	0.08169158360189217	0.42176200541889325	0.08172639570425165	0.5849412186074255	0.07936549070255751	0.4483546112772832	0.08135867724790473	0.5596026463415833	0.07872650516660501	0.4672610346240129	0.08255031505333901	0.5211819430347563	0.08572628006568644	0.49061032863849763	0.5093896713615024	2.4659131695413303	3.0938859608204337
1800	2.4659131695413303	0.82	0.49819449774114927	0.08590952117774842	0.508781576443101	0.08623754691560255	0.37239610337305057	0.06881722384539588	0.6396409218126103	0.06929728410586118	0.5321275772988572	0.08164667114463592	0.4702521029511087	0.08822716837241291	0.4736601926289836	0.07734746710623083	0.514207757872177	0.08776123802528227	0.3873968377905559	0.08114383548449369	0.6110787100492646	0.07732866540488396	0.46318283523044607	0.08504686934368874	0.5345494543919638	0.08460860497865097	0.5029219954224349	0.08440690863619887	0.499887339139218	0.08256104906419594	0.42851026799597947	0.08196947726743319	0.5799831499966344	0.0804622650230507	0.4505739128453267	0.08188828852097305	0.5566971534575557	0.07900673660901326	0.4715444202729557	0.0825097513235175	0.5208440022605638	0.08449599306744045	0.49002217294900224	0.5099778270509978	2.4659131695413303	3.0938859608204337
1900	2.4659131695413303	0.86	0.5000988184278593	0.08640660995512471	0.507483300488369	0.08534862691222823	0.36968734211363563	0.06914440429901089	0.6385781707789292	0.0698381549538781	0.5299731847473188	0.08187659754671217	0.46965563296828494	0.0873123327635811	0.4736886457018966	0.07690360780356395	0.510203993534384	0.08800931692326466	0.38688048899969135	0.08021010716450488	0.6128117568945043	0.07628923142588476	0.4608997881076494	0.08462989686072553	0.533961407837974	0.08427277215864927	0.5003633952174569	0.08438721904341136	0.49840182923931214	0.08198104348482155	0.4297962937262296	0.08185657559053522	0.5813002824359808	0.07944637809990915	0.45515477517085695	0.08174841214959543	0.5572563502257633	0.07846461711339231	0.4715057098091714	0.08245967264641202	0.5177107721200269	0.0849887526428086	0.49264705882352944	0.5073529411764706	2.4659131695413303	3.0938859608204337
2000	2.4659131695413303	0.82	0.5010014358673247	0.08625260296337345	0.5031979169634601	0.08568239737365856	0.3722615521037036	0.06927177679891254	0.6404807271257914	0.06946157589850416	0.53286189659071	0.08155109637223061	0.4681202920189768	0.08667982846694351	0.47621768814259235	0.07701179103054882	0.5139038929900039	0.0880757462252934	0.38752195707175097	0.08041102263698292	0.6116570545711283	0.0756794217088248	0.4621404739960368	0.08469049301628019	0.5326741652749518	0.08345952076287524	0.5030041092666734	0.08532116687225873	0.5004745573371402	0.08145130886103182	0.42943486296370703	0.0812737157509733	0.580126675239596	0.08037349082290904	0.4509797268323314	0.08144688458497815	0.552863002848285	0.07865772448506393	0.4750985121600253	0.08290813425177689	0.5177270900254439	0.0852649608477172	0.49001996007984033	0.5099800399201597	2.4659131695413303	3.0938859608204337
2100	2.4659131695413303	0.74	0.5018338249543739	0.08617623970640687	0.5019483427311006	0.08583379351454667	0.37587880307455424	0.06912717640421104	0.6383425804012455	0.06948122032268861	0.5375973347170707	0.08204264794029699	0.4646134542371465	0.08698675159446062	0.4763871924505556	0.07744877909880181	0.5159514381587763	0.08757163264861297	0.3866853867981359	0.0801923211389543	0.6110860322068365	0.07620790751897046	0.46733511809962663	0.08496004425326675	0.5347851196051856	0.08340935488545946	0.5016607152930935	0.0851004658893616	0.49871981001422033	0.08210932323715774	0.4321695367816577	0.08237425009958692	0.5793094836087591	0.0792383247903743	0.44702044614108666	0.08091898275897055	0.5505077115925986	0.07913015278405534	0.47448847632003016	0.08214573421569189	0.5158294346054585	0.0846761089744885	0.49334600760456276	0.5066539923954373	2.4659131695413303	3.0938859608204337
2200	2.4659131695413303	0.8	0.5039311801479719	0.08552034585310589	0.5000735595044068	0.08495875013243748	0.375883693934512	0.06856268506614341	0.6350831145926285	0.07021553531311708	0.541341519532079	0.08181483462909493	0.46157446978219446	0.08669793220490148	0.4754415840456751	0.07858635122224439	0.5143909963981568	0.08768563965717868	0.3909115114631626	0.08031817732863145	0.6133147074857525	0.07592111378484913	0.4690859250942283	0.08540257496771013	0.5373631638741612	0.0838178005855761	0.5000023297027925	0.08516361433896999	0.4985888548247039	0.08159385722337993	0.4316764590958183	0.08209641427242617	0.5770797374906516	0.07916068573760882	0.44824120223847325	0.08115044542657518	0.5494440382169965	0.07872685209500296	0.47431755105436113	0.08266589191633412	0.5176590805308334	0.08484154940207288	0.4927404718693285	0.5072595281306715	2.4659131695413303	3.0938859608204337
2300	2.4659131695413303	0.84	0.5053158997399224	0.08513132774690003	0.49776739884734034	0.08474393493455765	0.3761209512054386	0.06851585970988797	0.6359208865063867	0.06919405416306411	0.542229858621337	0.08145432168419287	0.4589960691004243	0.08645882186082514	0.4738901424420619	0.0783426446687677	0.5148429643588568	0.08692551379854536	0.38938674100208576	0.07973693117172946	0.6118435280472928	0.0760163103399403	0.47197092964890186	0.08421474790116641	0.5366103646061194	0.08423919009268305	0.5006365566800945	0.08519935656644739	0.4983086754759572	0.08184533219014223	0.42936132168229446	0.08231406240903191	0.5734506546815163	0.07939112128253915	0.44920083635242963	0.08122114212807006	0.5469882704889788	0.07916369890913098	0.47701908175623425	0.08323342306210701	0.5150301989770666	0.08458864924059363	0.4913194444444444	0.5086805555555556	2.4659131695413303	3.0938859608204337
2400	2.4659131695413303	0.83	0.5091409221191384	0.08433282064074102	0.4956658998614805	0.08481727896118614	0.3761267163515583	0.06820927331139362	0.6347164716284386	0.06944559658044368	0.5410352569555269	0.08100443571495303	0.45779517775858347	0.08636784992722843	0.47196359213497835	0.07840852615324082	0.5116271222205163	0.08754774622560793	0.3901011871676979	0.07910960659476667	0.61172751152294	0.07537513798131878	0.4708880374592026	0.08455959018140664	0.5336446111668802	0.08392596861030764	0.5006625886258727	0.0850200180174981	0.4991820853590624	0.08221796072552717	0.4336153426527403	0.08296238295943334	0.5738141139829732	0.07929716077252913	0.45061004665852433	0.08135340610128457	0.5473495491304061	0.07962970479565493	0.4770091904698572	0.08314676757096846	0.51420109879414	0.0844606569792148	0.49417637271214643	0.5058236272878536	2.4659131695413303	3.0938859608204337
2500	2.4659131695413303	0.84	0.5109522051478181	0.08431603813479846	0.4941000702201073	0.08487305479788122	0.37639852648757444	0.06806840841411468	0.6344206536606585	0.06878543894016968	0.5432781221876769	0.08048453626122462	0.45390268111865445	0.08555448726681689	0.471062061998555	0.07857990990604997	0.5144313746888748	0.08829348655242748	0.3894120296215531	0.07928311983194898	0.6091396808749854	0.07597064424778815	0.4735129152237687	0.08426345957272127	0.5330117195967689	0.0858941930512636	0.5029520650467328	0.08529071081453979	0.501828836684173	0.08299567984957237	0.4342822057393009	0.08309826527764813	0.5707990207021649	0.07888590913021673	0.45384515906709927	0.08147778273828406	0.5472657186420585	0.07986835230199783	0.47848418052177116	0.08265500585325956	0.5126102912746922	0.08418585363924166	0.4928115015974441	0.5071884984025559	2.4659131695413303	3.0938859608204337
2600	2.4659131695413303	0.82	0.515195524046731	0.08372004499250983	0.49259442724460345	0.0847488023148624	0.3782137927773701	0.06873845865062896	0.635813234910653	0.06888830427003141	0.5454113832308451	0.08050687039028794	0.4522044104420451	0.0845567213272684	0.4697272108726104	0.07879502656997964	0.5155131486723064	0.08785805175276215	0.38871499480584837	0.07925892552154577	0.6075231917934423	0.07598047004216359	0.47165668266691035	0.0842549134246257	0.5337473364311524	0.08545776780036365	0.5026571212401054	0.08517372722476715	0.5011781902530222	0.0828695726548942	0.4377282873103357	0.08298140461887694	0.5717868262848886	0.07869851444611455	0.4565854359265364	0.08132334244267946	0.5439337234695505	0.08043948604906982	0.4777967336083287	0.08259307340540706	0.5097849087767043	0.08391384418829921	0.4946236559139785	0.5053763440860215	2.4659131695413303	3.0938859608204337
2700	2.4659131695413303	0.85	0.5178845660557333	0.08408480829326281	0.490672802539586	0.08453223076964263	0.3785629656338169	0.068532886328154	0.6356677183711591	0.06812746575072806	0.5481507395246746	0.08096503185697845	0.4516818526306156	0.08476650742119776	0.47010740453470967	0.0792571497337218	0.5167884523156926	0.08812663486767457	0.3892074904874046	0.0788964908690616	0.60859920621424	0.07563789500977743	0.4704253605901409	0.08406052735492611	0.5333330459231274	0.08452352350330566	0.502175308931354	0.08575268757333583	0.503245274335066	0.08256063296395587	0.43965331479187986	0.08335056767854816	0.5676838547438517	0.07893223639171545	0.45857326912398405	0.08149823776494716	0.54290725187745	0.08043400677926595	0.47809751143134277	0.0822722237654686	0.5095806263781122	0.08318409487933356	0.4911242603550296	0.5088757396449705	2.4659131695413303	3.0938859608204337
2800	2.4659131695413303	0.88	0.5176288184912186	0.08439078528549689	0.48772887319190117	0.08435409135519166	0.37930113017244194	0.06868125819096793	0.6375185689739098	0.06782654003264826	0.5482918579019096	0.08120092195168026	0.45003543145776853	0.08376959752720696	0.46790792483444166	0.07983755929803496	0.5178247231346595	0.08788850738030755	0.38751083076271836	0.07904513605717516	0.6077131856689867	0.07589639178279199	0.46957824829137434	0.08327772912942163	0.5360385455183195	0.08505862875960345	0.5036368147957144	0.08577153870446812	0.5029593950337906	0.0828400995344785	0.44020165526904476	0.08344460485932871	0.5662711917956569	0.07898608968216549	0.4596754822504083	0.08197031779989705	0.5433464844344934	0.08130298430418821	0.4798172683938195	0.08243854637800553	0.5078098200421575	0.083659531318451	0.4893009985734665	0.5106990014265336	2.4659131695413303	3.0938859608204337
2900	2.4659131695413303	0.83	0.5172138787646204	0.08451190075792364	0.4843002737370362	0.08432624843571379	0.3777225445410065	0.06855943792761553	0.6365236447645759	0.06751078279017364	0.5503167669967014	0.08112492534257	0.44912353398258237	0.083208146472211	0.46785225915829715	0.0798986331419158	0.5173925417362162	0.08753780226949681	0.38849568593636924	0.07854550501399302	0.6083802026952219	0.07556281410138893	0.47229662580220183	0.08379264791688402	0.5331978361908072	0.08520549175448108	0.5039750510965911	0.08526223185424188	0.5043750530301038	0.08252961183144106	0.44232940002937354	0.08378033133594999	0.5616225055548209	0.07934252926533855	0.46065484507207755	0.08219280145949416	0.5436243885788274	0.0810585265854966	0.481065059857944	0.08274127875704056	0.5080955572759437	0.08395834092100918	0.4889807162534435	0.5110192837465565	2.4659131695413303	3.0938859608204337
3000	2.4659131695413303	0.81	0.5163123615623932	0.0838580398043039	0.48064661216247395	0.08422725598305045	0.3761406735829932	0.06814567371003812	0.6366351465445702	0.0676984467426769	0.5535635018257657	0.08078876288062277	0.4493589946316734	0.083014716497791	0.4661833570056286	0.07952099659885807	0.5183009535472262	0.0874631029267455	0.3897859917460612	0.07850611825989391	0.6096982220860475	0.07492774937693934	0.4755359816574847	0.08462907099332741	0.533838532076466	0.0848121714196769	0.5014347257011051	0.08547966784274989	0.5033942055415137	0.08224590373536356	0.4432163147578218	0.08352320788850491	0.5632874185896211	0.07911099955150923	0.46217365002443317	0.08237001403233973	0.5427954721575863	0.08097219833855111	0.4810634556787375	0.08262854563674864	0.5060688272078382	0.08430867313919958	0.4910119840213049	0.508988015978695	2.4659131695413303	3.0938859608204337
3100	2.4659131695413303	0.84	0.5192403127804456	0.08385182867010228	0.4803352335427528	0.08462115589971647	0.37735174421191797	0.06862464869260863	0.635446313630154	0.06789844513784776	0.5565038375521666	0.08058636171359267	0.44905586911061873	0.08351787824789914	0.46780762967043965	0.07949673440816346	0.5188619610329498	0.08723188779351913	0.3890621316308923	0.07886289371266547	0.6096601664439965	0.0745108519531956	0.4791029901291173	0.08526924352574733	0.5337609070946806	0.08451503127197613	0.5004331823349497	0.08546810008267351	0.5055365646743436	0.08255028245741326	0.4427061248809283	0.08351291013047885	0.5631207931344566	0.07888792369788492	0.46240552048466815	0.08210429590425786	0.5436700624621936	0.0814659126185418	0.4814382949851645	0.08204888750982542	0.5080692390925473	0.08453172090827131	0.49162371134020616	0.5083762886597938	2.4659131695413303	3.0938859608204337
3200	2.4659131695413303	0.8	0.5192988765273195	0.08328571538256735	0.48040881059516316	0.08446957534013129	0.37799159572157714	0.06901656313085285	0.6364171625322825	0.06801975783000448	0.5573110970313588	0.08114089008531007	0.4469967195960721	0.08341714482018722	0.4657795511297136	0.07948198527167297	0.5182288252891669	0.08693526839905266	0.388904688504807	0.07869849582411785	0.6104253348031412	0.07412423437481873	0.47873832592410637	0.08491965880602481	0.5329436229185996	0.08391166790387165	0.4999497534463313	0.08460743987743292	0.505558840185047	0.0823502174431351	0.4439264895870376	0.08372206203043221	0.5592414514553545	0.07888721653316391	0.4653021141236297	0.08200528855867259	0.5405609232552862	0.0817024756737203	0.4834566293899801	0.08237529410970273	0.5088795917200518	0.0846763959059896	0.4909488139825218	0.5090511860174781	2.4659131695413303	3.0938859608204337
3300	2.4659131695413303	0.83	0.5202065737908931	0.08305716695202336	0.4820091528366974	0.08428322713744872	0.3789399962597232	0.06871031773484389	0.6348304908288339	0.06823887418108748	0.5573325842440233	0.0807482094521733	0.44478161478302525	0.08335431239548087	0.46502395775773014	0.07920450278987144	0.5189808587650006	0.08693725117956513	0.38964590540191574	0.07834414253192237	0.609676059786963	0.07376478843319922	0.47807892178479444	0.08506761785334586	0.5318623343152481	0.08372962204115654	0.5000514736571045	0.08458357413164501	0.5071571542442479	0.08222427624017906	0.4431985498211729	0.084134251927542	0.5585291624153192	0.07940332189986053	0.4655464916481512	0.08203796839200747	0.5412865556786287	0.08171215360603047	0.4860555830749477	0.08241277442407237	0.508775527932677	0.08467535610362352	0.49031476997578693	0.5096852300242131	2.4659131695413303	3.0938859608204337
3400	2.4659131695413303	0.82	0.5202202017071182	0.08304532556197802	0.48219173924941966	0.08398585517861847	0.37983573901340134	0.06893386719120138	0.6331017630553865	0.06877037368559322	0.5601693106875252	0.0806917215641172	0.44403612009192855	0.08291937483586061	0.4626063406934303	0.0794730698823905	0.5208889495888107	0.08652823732541162	0.38735319324349055	0.07758855005815524	0.610323868974461	0.07322535410311792	0.4759483117554151	0.08477832185257124	0.5309662966862259	0.08368394351445761	0.500459086558172	0.0847636596982856	0.5071792160817907	0.08262917215586464	0.441956019158852	0.084475835502537	0.558279059910715	0.07984682855388914	0.4663594898416794	0.08244552302128301	0.5412435293571027	0.08194216368237682	0.4854024626631255	0.08260797284223544	0.5088311246176226	0.08468505475613589	0.49441833137485314	0.5055816686251469	2.4659131695413303	3.0938859608204337
3500	2.4659131695413303	0.87	0.5236722051794899	0.08258676335035041	0.4823476098117325	0.08396632927732245	0.3792468215205541	0.06891984073627098	0.6305897632209233	0.06917617964611227	0.5596425692468613	0.08097888354028153	0.44317783895717505	0.08252542030302752	0.46144291389971276	0.07953039911853468	0.521287151926747	0.08609611758379312	0.3852929085478889	0.07731962082343981	0.6110347582316175	0.07274689179966747	0.47618528673456684	0.08450222611065275	0.5315140237987308	0.08373626951987985	0.5004802988787289	0.08470217450555659	0.5052565958687018	0.08275030974898631	0.4425481454175729	0.08448986340818102	0.5567702681685718	0.07927591699725241	0.46588031927733153	0.08255849729434103	0.5425272598970439	0.0816566148294639	0.48622380362844414	0.0830796551132997	0.5076478038813937	0.08519997391447133	0.4940068493150685	0.5059931506849316	2.4659131695413303	3.0938859608204337
3600	2.4659131695413303	0.8	0.524298024081926	0.08222005693154591	0.4810566076861619	0.0837278438793305	0.37962074949151753	0.0690328341684854	0.6291930960474388	0.06964280165773178	0.558508152265507	0.08113931589892942	0.4413921992806247	0.08203397589045286	0.45998304510706023	0.07970163653616431	0.5208507876289551	0.08652898164191314	0.3829349242804179	0.07697145297559158	0.6113254621441758	0.07258377911486431	0.47490323556683917	0.08419265924850501	0.5306613353814078	0.0832554462679828	0.5000744035614981	0.08468841897901451	0.5045925426289072	0.08320880142027395	0.44575580746817073	0.08506759521080866	0.5566341044129196	0.07928495223616153	0.4656159224442778	0.08282137461131098	0.5411238180352702	0.08176261869145596	0.48752055676444894	0.08256745255256004	0.5071048188257627	0.08496555715549388	0.49500554938956715	0.5049944506104328	2.4659131695413303	3.0938859608204337
3700	2.4659131695413303	0.84	0.5248897652467286	0.08191972403260497	0.4783749140652716	0.08372227552894239	0.380696014841498	0.06929066581049217	0.6298347250561042	0.06984672160931006	0.5613313099560511	0.08109523782017392	0.4415891573372014	0.08221570170692614	0.46049760366001974	0.07974680278933105	0.521817677516163	0.08594878098405033	0.3820487773383476	0.07667172422556058	0.6136551933288852	0.07251838675909844	0.47407901147296444	0.08426778346649726	0.5310930014371864	0.08331052560282894	0.5006480135689834	0.08469598886161779	0.5036471014155719	0.08320060152914086	0.44523549892848524	0.08533240236003936	0.5551626138281202	0.07973617321318477	0.46747829106643696	0.08260597805862804	0.5397526144026744	0.0815032257401633	0.4875924767817892	0.08269044964585333	0.5073980183862358	0.08501294123797606	0.4951403887688985	0.5048596112311015	2.4659131695413303	3.0938859608204337
3800	2.4659131695413303	0.8	0.5266080871065191	0.08191453065502043	0.4761218672844395	0.08393724236761876	0.38079947845937706	0.06931315373599815	0.6285699685597953	0.07066694994395345	0.55959625245569	0.08106382804859191	0.44173754925934827	0.08226312417371291	0.46165169984592397	0.07941331519159792	0.5233526021560626	0.08590686887111601	0.3794469779140063	0.07585502647598634	0.6127736878122877	0.07204255735607969	0.4756920364849859	0.08412043302759588	0.5290625948465543	0.08371353458981652	0.5018303765175185	0.08497569002513479	0.50270705567511	0.08323518234159966	0.4464959974858613	0.08539372400214786	0.5529555375741492	0.0803592008627623	0.4681480267798907	0.08261988803690458	0.5394800149112299	0.08180070729785095	0.48728208373595916	0.0826922952041584	0.5085965743767128	0.08551838240296068	0.4960567823343849	0.5039432176656151	2.4659131695413303	3.0938859608204337
3900	2.4659131695413303	0.74	0.5295179118412144	0.08206182522397748	0.473718880954131	0.08350174604229045	0.3825264221316147	0.06975657779484547	0.6276418005490703	0.07105590770049963	0.5619783883029457	0.08045841375630614	0.4403251122170813	0.08193374075121383	0.4609124362038741	0.07952601549699595	0.5230112575639797	0.08558358929634344	0.3815512882018717	0.07616790145075499	0.6120428742484911	0.0720777611713579	0.4762207317077094	0.08438687193877913	0.5282516631735267	0.08397065138212763	0.5026323672859114	0.08443013299102194	0.5029011994138537	0.08352521987044058	0.44679384529282457	0.08525815325013572	0.5532608371177148	0.08031277373714514	0.4679792263962891	0.0830859497645575	0.5370988352629803	0.08211029876622727	0.48795897277827377	0.0828915600401697	0.5076973939287861	0.08498685357181904	0.4974385245901639	0.5025614754098361	2.4659131695413303	3.0938859608204337
4000	2.4659131695413303	0.78	0.5299286079727061	0.08183136877376364	0.4715562033682677	0.08321766957165865	0.3837309561655556	0.0698254898964601	0.6268597593240459	0.0714764082052703	0.5624111900815942	0.08048729834964144	0.43955569813168105	0.08195005238143549	0.4609404948512456	0.07917619737491037	0.5257472457258875	0.08533218598983389	0.3814220920144913	0.0764982663686097	0.6115732106691959	0.07231572578308768	0.47651196021032355	0.08430055373865135	0.5289545605030841	0.08420212958781893	0.5021225147162063	0.08413594815101019	0.5029608936871249	0.0835916137460845	0.44766997162259686	0.08550225974858067	0.5511718615902769	0.08055958008935872	0.4685439786252333	0.08316493537110926	0.5372532107962867	0.08216128791021604	0.49102106711913707	0.0829228044193523	0.5072363844593847	0.08473431902852599	0.498001998001998	0.501998001998002	2.4659131695413303	3.0938859608204337
4100	2.4659131695413303	0.8	0.5308942525245048	0.08245844382600309	0.4700816849897121	0.08277725009120708	0.3860596681299551	0.0701293857604788	0.6257485578485782	0.07164595800657858	0.5647287498086891	0.08047812309306825	0.4385694331567941	0.08189777179957965	0.4594707291341344	0.0792313778945356	0.5270375050866177	0.08489372391163703	0.3803833738092312	0.07576922683957493	0.6116544270104569	0.07209209456799434	0.4759476432026669	0.08432874146338075	0.529328791915057	0.08415555084077608	0.5010384473193741	0.0843389782666428	0.5034639517338014	0.08358229134579	0.45020268322226037	0.0860557907656032	0.5489411580333039	0.08073851006363228	0.46750625678573104	0.08301175787827915	0.5371067189955763	0.08239648339918715	0.4933694216082386	0.08310962834976296	0.5077334859641789	0.08462810549951397	0.4992690058479532	0.5007309941520468	2.4659131695413303	3.0938859608204337
4200	2.4659131695413303	0.84	0.5315327796504394	0.08226512789795927	0.4709152426984158	0.08278937262888011	0.38948145593523004	0.07095341575509248	0.6236770086024842	0.07154284137886023	0.566165970944215	0.08062355311687722	0.43744011650931597	0.08178711680534455	0.4585905593367448	0.07927005583611291	0.5294898623604685	0.08482938317291819	0.37871288668732933	0.07552256880645684	0.6123667835542874	0.07230569256847363	0.4762645900742365	0.08406988782106808	0.5295635827777734	0.08393522198842264	0.5030626915519875	0.08432561478605785	0.5031230099712155	0.0830545921359042	0.44962836958454083	0.08621879059203968	0.54878719800166	0.08093280950315643	0.46759373835741475	0.08317000641647121	0.5372645992172025	0.08241026247167828	0.4928917976737175	0.08300620384380057	0.5064978021152163	0.0848730308543734	0.49857278782112274	0.5014272121788773	2.4659131695413303	3.0938859608204337
4300	2.4659131695413303	0.7	0.5329236924257755	0.082086727690153	0.4684018746961279	0.08266816736152402	0.3925505708461014	0.07167577334568469	0.6212371095008531	0.07219888529538752	0.566172352350805	0.0803769521330384	0.43568798024555067	0.08176607699567653	0.457374202872784	0.0793183032681219	0.5305748496367091	0.08468733231886309	0.3786853204244106	0.07556066553474099	0.6123325159433791	0.07263404254867491	0.4754892985504287	0.08416701831947863	0.5278411281057744	0.08413014266554948	0.5029302137193984	0.08449966589845524	0.5022451614413643	0.08335101977914448	0.4504649606276986	0.0862548038631344	0.5484861937563446	0.08095365541876923	0.46873660502067654	0.08307439743185208	0.5366162277694434	0.08259445318116046	0.49247502793228587	0.08342984942573504	0.5059381835532538	0.08452577760713614	0.49883828996282525	0.5011617100371747	2.4659131695413303	3.0938859608204337
4400	2.4659131695413303	0.78	0.5340592743413298	0.08201259531970166	0.4675386560555129	0.08269363816435268	0.39435294413334554	0.07186751863284224	0.619767590458398	0.07225040245879794	0.5670959393610794	0.08017589089438242	0.43471951597222264	0.08163761471850181	0.45816463545650876	0.08003078144416996	0.5317958142145339	0.08438748000620355	0.37806733217048144	0.07552343789724637	0.6113201824289941	0.0729697881568127	0.47552218644065564	0.0840367813358286	0.5268764417142302	0.08410537529075847	0.5030535768112422	0.08392827531449336	0.502309680326818	0.08303692286776822	0.4499756685376455	0.08624859682024025	0.5486665308855557	0.081001988802929	0.4676952577735654	0.08322432004018161	0.5374111056088587	0.08280509190993525	0.4929590229266033	0.08368015202434267	0.5066138790103049	0.08446184254776888	0.4986376021798365	0.5013623978201635	2.4659131695413303	3.0938859608204337
4500	2.4659131695413303	0.76	0.536863108816103	0.0818772004107394	0.46566231284022647	0.08283846986872885	0.3956142810674531	0.07169421669205071	0.6170369734807805	0.07268446360475893	0.5683382141235686	0.07968452584947373	0.4346069294177552	0.08141918114055766	0.4591082481898427	0.08024345049493095	0.5329020894994829	0.08406689174158234	0.37778802759932506	0.07546056242760348	0.6107863683197171	0.07329220735531682	0.4744715138595537	0.08432147641807193	0.5267109595675055	0.08412108202180436	0.5059376497674705	0.08417192066419744	0.5033655787451241	0.08270551436545263	0.44899270470755626	0.08596369181211339	0.5491096754514955	0.08087373965278008	0.47011710178437105	0.08343520561926636	0.5381034313629488	0.08303946694157792	0.4921243786094906	0.08370815601286327	0.506445843624338	0.08469329811563052	0.4997779751332149	0.5002220248667851	2.4659131695413303	3.0938859608204337
4600	2.4659131695413303	0.82	0.536668500332643	0.08190050079890572	0.4652989692460385	0.08277436463603965	0.3951560810017425	0.07163452335800469	0.6160830367824199	0.07265773991862523	0.5704403438763601	0.07944008479863762	0.4339678414888636	0.08119473635556948	0.45794995902980923	0.08014065377493156	0.5324259366565762	0.08466925087083008	0.37873952812981115	0.07560898559724787	0.6117661671458923	0.0732492769849485	0.47516264436741734	0.08420609136765568	0.525731907071201	0.08377707113582049	0.5075116650261327	0.08454748338540717	0.5043595383491054	0.08267002725870354	0.45038464132948564	0.0861257623540017	0.5482317062265241	0.08090321431475826	0.4699494458579809	0.08336721893649976	0.5381279957178712	0.08335492667958064	0.4925815084625178	0.08368668507545318	0.507573627513605	0.08480920059196774	0.498262380538662	0.501737619461338	2.4659131695413303	3.0938859608204337
4700	2.4659131695413303	0.78	0.5370060590586229	0.08168265089269004	0.46316880420520634	0.08317682041194001	0.3960619869275555	0.07169546763579264	0.6134804741295874	0.0731266915474638	0.5708678590208753	0.07958988029076212	0.43363579868734925	0.08105319835609413	0.45647387366981906	0.07972204646837033	0.5324593893139706	0.084621962457335	0.3779872661101467	0.0756376172897883	0.6122756433699308	0.07285023393179728	0.47521277549528507	0.0843403088911692	0.5246175439769954	0.08380941767897027	0.5063967833096421	0.08472424894352124	0.5056131650045027	0.08281072675526917	0.4515437314445282	0.08605464514741476	0.5484175910297945	0.08119667151031018	0.47024084543483036	0.08358260231459198	0.5363653957432288	0.08347463989809492	0.4925956223175247	0.08359714681194026	0.5084931372072575	0.08525937616692854	0.49808673469387754	0.5019132653061225	2.4659131695413303	3.0938859608204337
4800	2.4659131695413303	0.83	0.5369067790941221	0.08146883132578772	0.46010117289679553	0.08285787195661679	0.3969434955579484	0.07183723356278397	0.6115887258670124	0.07378280967228379	0.5712811898624898	0.07947963361794268	0.43234573442856944	0.08099057305448566	0.4553799084616855	0.07950723712834439	0.5326981302926591	0.08468338058170483	0.3780515660269962	0.07527976649240779	0.6127206449730975	0.07245556732763278	0.4746063769908362	0.08459932937492676	0.5243531047101114	0.0834454236309122	0.506256150640373	0.08479917780562386	0.5048306203184298	0.08252786897617778	0.45011686352028113	0.0857953490847934	0.5490975821510038	0.08130698446718125	0.47005688844621785	0.08346655595592405	0.5359658017725649	0.08370455544309134	0.49217428029056803	0.08345546434503731	0.5079039715994611	0.08567886364381772	0.49646128226477937	0.5035387177352206	2.4659131695413303	3.0938859608204337
4900	2.4659131695413303	0.76	0.5393120010980578	0.08130854372021569	0.45965117926394833	0.08268968047143271	0.3978921707537465	0.07222403290481291	0.6090037599167298	0.07398837724675766	0.5722959252089254	0.07971939286706323	0.4323612936730742	0.08106674060922456	0.4549103825161911	0.07971005400629178	0.5334286226304692	0.08431843174955295	0.3773818979489461	0.07550958709858245	0.6138763590584911	0.07231609130064907	0.4751753834667015	0.08472602218552774	0.524228620965368	0.08333618813891443	0.5074908694771304	0.08472933730403147	0.5047828144010583	0.08257832309349065	0.45037129786633096	0.08546512022877649	0.5490720733379137	0.08114784465891184	0.46968773151436854	0.0831275603759306	0.5355225590326426	0.0838347344783564	0.49240437765685974	0.08338678347183293	0.5081227863937526	0.08548284813592316	0.49836867862969003	0.50163132137031	2.4659131695413303	3.0938859608204337
5000	2.4659131695413303	0.78	0.5397506651109037	0.08157217839068577	0.4584992072718699	0.08214005932281307	0.3989293481052186	0.07243541654206408	0.6069361781276102	0.07430691922285249	0.5744752431195441	0.07965631745660039	0.42980362603324335	0.08066527296634368	0.4542093140521316	0.07959447133879209	0.5341615140952527	0.08425407869481692	0.3772033434463666	0.07540078525815665	0.6125343862225496	0.07245799228687011	0.47510978011731264	0.08465339818968882	0.5224138131633139	0.08370962030361323	0.5081942099597031	0.0843729269575774	0.503991178002996	0.0825500990275036	0.4516231108135734	0.08529912401058702	0.5493809111982252	0.08077338519178548	0.4700148210087137	0.0832509240096701	0.5360057284431242	0.0839579651796754	0.4931582228414717	0.08339918939684796	0.5082172174705785	0.08523595653262556	0.4968025579536371	0.503197442046363	2.4659131695413303	3.0938859608204337
5100	2.4659131695413303	0.7	0.541754615216997	0.08170282981790479	0.4591641020485697	0.0822642513171472	0.40006170272959146	0.07276891621133547	0.6057179998515696	0.07471920053247284	0.5744615812657544	0.07971720736226087	0.4288325121966342	0.08075440448417381	0.4537393845434118	0.07924136438312096	0.53548970450492	0.08414229610876939	0.3777540552062918	0.07532885704909628	0.6117880140362237	0.07280659962844542	0.4753892042219782	0.08471974624205285	0.5225602243567277	0.08364011767680878	0.5096510664340926	0.08461142644857825	0.5041670719271684	0.08271110833957414	0.4534005284659183	0.08520336372357049	0.5493797098079851	0.08101163408957655	0.4702746482326483	0.08289556480109611	0.5344273148366223	0.08421556256773521	0.4928099562892429	0.08337125257172402	0.508721817221804	0.08531715210938083	0.4966692789968652	0.5033307210031348	2.4659131695413303	3.0938859608204337
5200	2.4659131695413303	0.77	0.5434427206679143	0.0814190913786018	0.4587504015606865	0.08217991622604125	0.4014582881842849	0.07274751945742701	0.6046445114438226	0.07496227533680394	0.5742794991670441	0.07962610498906328	0.42852728578225285	0.08058145694004848	0.4525460665818181	0.07900392183027279	0.5372986271244661	0.08380901943084872	0.37774381445638044	0.07533308615880543	0.6132416510141652	0.07260231274667862	0.4759483276538554	0.08469754923347259	0.521155981044037	0.08391524064907639	0.5091876420173485	0.08462914455329648	0.5033576009026925	0.08252259427942342	0.45328567957341853	0.08508298593759638	0.5465317736525783	0.08075765193441355	0.47164153448227475	0.08299667521575482	0.5334658070883608	0.08427486246286711	0.49272280352708947	0.08328663382131749	0.5091671416420713	0.08498662599608477	0.4973097617217525	0.5026902382782475	2.4659131695413303	3.0938859608204337
5300	2.4659131695413303	0.85	0.543279844972312	0.08142668934626837	0.4588281186084421	0.08185976248373597	0.4017934534679121	0.0727848043444062	0.6026534842196876	0.07540368980375849	0.5752001218392863	0.07964055860825454	0.4266983116401201	0.08033325343872934	0.4520756673675109	0.07884178115634938	0.5389447771561884	0.08357742652248658	0.3776549334756288	0.07515071547556697	0.6141794936351237	0.07275519664442819	0.47518097627223754	0.08448973194620076	0.520462429919549	0.08414940176078675	0.5078179641880203	0.08471404563076976	0.5019964675110156	0.08238969766610751	0.4541216895425513	0.08542243739523114	0.5464227144350718	0.08060982558200643	0.4719484835208497	0.08329477201199349	0.5328927069219952	0.08401056026263312	0.4927411370685606	0.08316857984656424	0.5104626590686077	0.08512877534274463	0.49754901960784315	0.5024509803921569	2.4659131695413303	3.0938859608204337
5400	2.4659131695413303	0.8	0.5448405862312714	0.08123445693027022	0.4570329107163086	0.08183420577202961	0.40157847029297983	0.07273923219143923	0.6014049098520542	0.07547956930690504	0.5762867928425448	0.07957582977010606	0.4267667605712479	0.07995269547134892	0.4520687459402723	0.07882462247681515	0.5408127749378772	0.08350879398458748	0.3787809571989472	0.07487038171151633	0.6148600636060673	0.07266740105236573	0.4757325872816618	0.08435218294220374	0.5206225146105596	0.08433236320947002	0.5085465503261866	0.08471240339671744	0.4998991931205032	0.08226298614336407	0.4546279515036017	0.08539886996704586	0.5471580063475011	0.08098026197374511	0.4721517491986315	0.08344327567833033	0.5327301951631238	0.08383282971347428	0.49407875591147754	0.08328539190005292	0.510598618121194	0.0851763080746219	0.49777942264988895	0.502220577350111	2.4659131695413303	3.0938859608204337
5500	2.4659131695413303	0.82	0.5444579226484538	0.08106792693729915	0.4575326670159316	0.08172054858084135	0.40377591759361114	0.0734684609710118	0.6009447786616842	0.07591087930620245	0.5771420660823086	0.07941299082158813	0.42558782952689284	0.07987291965142881	0.45027623990602067	0.07870101859356414	0.5417983083859722	0.0832702602361074	0.3785022510137717	0.07462991338908286	0.6154142986612808	0.07243040347743807	0.47585558250600835	0.08425136725259116	0.5207716135749719	0.08428318023085718	0.5089698286408706	0.08444103008737673	0.49949803445705526	0.08221990889152066	0.4547615060931362	0.08540824990408559	0.5465444951386798	0.08089646841145452	0.47142102949794584	0.08303216325104126	0.533661753670127	0.08364916187858425	0.49451631493041204	0.08305551473346226	0.5099179560084818	0.08520075809448671	0.5	0.5	2.4659131695413303	3.0938859608204337
5600	2.4659131695413303	0.79	0.54575671116107	0.08093979903384091	0.4575791661039685	0.08162704723249146	0.40430446319423097	0.07339323417691886	0.6004013178429278	0.07614656558921978	0.5778556615315449	0.07907772210823111	0.42346192607948085	0.07962224592482507	0.44943644518377635	0.07904855754130925	0.5428641095697214	0.08289786164438159	0.3792887757216807	0.07453557860187375	0.6149725626426209	0.07267437306690273	0.47623878380211243	0.08407671541013924	0.5204705380820802	0.08458436180137287	0.5081305216947134	0.08441128584608078	0.5000249116420976	0.08193819052885393	0.4555540330328132	0.08527242032791311	0.545871411117433	0.08091473987426097	0.4731426093799612	0.08285728719235103	0.533557602675777	0.0836240827807892	0.49505779021810975	0.08291729076301374	0.5103934416535518	0.08497586308240535	0.4994646680942184	0.5005353319057816	2.4659131695413303	3.0938859608204337
5700	2.4659131695413303	0.8	0.5460507968796733	0.08104604710531937	0.456591023990199	0.08161014029768063	0.40580328052533987	0.07373332997433485	0.5985239448159451	0.07635641226338077	0.5794120680507032	0.07878127656436043	0.42260770974301654	0.07968993351236715	0.4494286845500578	0.07887284405876392	0.544225133718357	0.08304469981727326	0.37898688287423365	0.07421632710499082	0.6145437881371908	0.07260362851359135	0.4765984134194942	0.08415510210284043	0.5201618733927753	0.08465386473817968	0.5083053074932765	0.08427653687998242	0.49973406517236024	0.08207500985508004	0.45611194452474724	0.08505600052358071	0.5458811978739572	0.08086704119906549	0.473483285903117	0.08301750744503959	0.5341044535078516	0.08356244939470157	0.4953690314056197	0.08259872774393448	0.5088114637618387	0.08497656523521091	0.5	0.5	2.4659131695413303	3.0938859608204337
5800	2.4659131695413303	0.65	0.5475315200309149	0.08092287238041296	0.456002979599405	0.08138958114921399	0.40797411544083434	0.07410111660734862	0.597047670487149	0.07675774467070719	0.5793320218480246	0.07893503404233859	0.4218657272379833	0.0795833185495349	0.4485311869676695	0.07895233777981384	0.5457514052859892	0.08297902364426929	0.37965836818444715	0.07442012230371055	0.6137862611358593	0.07257399572118389	0.47734131872230534	0.08408315144613362	0.5198517611668564	0.08459512610398318	0.5093833132763607	0.08430973216464624	0.4997686137549324	0.08209971926091413	0.45691750781118523	0.08484252888244176	0.5445390895835491	0.08109290759694432	0.47481225170697255	0.08328090345351549	0.5346763500330595	0.08326728182034267	0.4952876342350433	0.08287516178531956	0.5084460552418509	0.08504906885223036	0.5017229496898691	0.4982770503101309	2.4659131695413303	3.0938859608204337
5900	2.4659131695413303	0.73	0.5477957790929997	0.08060492670855493	0.4563528141498368	0.08112573400235003	0.4087963564394333	0.07408912946752223	0.5956617279721272	0.07714337434952094	0.5799286732452928	0.07863468803714982	0.4209481124591208	0.0791844770251081	0.44857448553646045	0.07884912933815745	0.5460190437966386	0.08271289771692811	0.3800534171802944	0.07441253698490284	0.6142049184320878	0.07231439225147303	0.47721743942703393	0.08408385585182179	0.5184856077968576	0.08486673907452354	0.5101315893274819	0.08430785617235513	0.4993714586759616	0.08218716492895271	0.45703945175383653	0.08481900959755352	0.5434091937027471	0.08092132922462043	0.47440641020725643	0.083383320493952	0.5343376149588825	0.08337466317492893	0.4954039395787417	0.08306684953403048	0.5089142590474297	0.08491547151560208	0.5018631436314364	0.4981368563685637	2.4659131695413303	3.0938859608204337
6000	2.4659131695413303	0.78	0.5496611705043986	0.08034958111524625	0.453506048935659	0.08103725663028088	0.41034403479164966	0.07446262154689652	0.5938104859901123	0.07746139962427438	0.5805002676469038	0.07859141628218438	0.4198424315771416	0.078924794186007	0.4493992318170749	0.078997161861575	0.5479372079156356	0.0828401354668372	0.37904704302095377	0.07433003051118735	0.6135388187696843	0.07262806445613425	0.4783686656432796	0.08448767571385593	0.5187361571169938	0.08485433925067601	0.5100819374635234	0.0841431263523428	0.4975848168068686	0.08246031557448663	0.45744045194134947	0.084839264800381	0.5428620697320958	0.08101302504713531	0.4754879540826796	0.08338587756226655	0.5338388672958985	0.08303861982085807	0.4953593455026905	0.08275297386259968	0.5079284043594849	0.08485410063531963	0.5001665556295802	0.4998334443704197	2.4659131695413303	3.0938859608204337
6100	2.4659131695413303	0.78	0.5507603071982561	0.08031412443479384	0.4525790174516395	0.08068270417167576	0.41045707496210826	0.0746004687909392	0.5924456878497664	0.07746228001864144	0.5791977045675383	0.07827353263731922	0.4209607619544967	0.07915037643161721	0.4481834568024367	0.07909613637105191	0.5491015358852448	0.08273239606400694	0.37943602278235017	0.07438110398844182	0.6153479922221553	0.07238838404900105	0.4781051265646435	0.08459761438103305	0.5195735759246816	0.08494976922604701	0.5091776013553286	0.0838762835955738	0.4970887204784377	0.08239809851798485	0.4575788708784893	0.08482767613019648	0.5426236906281448	0.0809485808975482	0.4749029806653154	0.08341904225876799	0.533198421673352	0.0832044011568523	0.49349602243273955	0.08298034137931357	0.5085673007759323	0.08478060877016641	0.4996723460026212	0.5003276539973788	2.4659131695413303	3.0938859608204337
6200	2.4659131695413303	0.74	0.5511683679959053	0.08013500775649356	0.4511871565558336	0.08064463934804351	0.4132167685900818	0.0750903864141661	0.5909997133867777	0.07775063782428154	0.5782357585899967	0.07824908406885583	0.42111312545697144	0.0790165254463778	0.44573524362787564	0.07882186810482729	0.5502607675380683	0.08258128173131578	0.3786016696488966	0.0739917741205061	0.6146336191214199	0.07231768044060195	0.47750384063478063	0.08467362573766662	0.5203509767616348	0.08492389470596926	0.5080757961533593	0.0837908517453136	0.49839766219930637	0.08230591735331937	0.45898341500454315	0.08482415211570943	0.5422225246690501	0.08098785548338798	0.4741384514978401	0.08343527243669648	0.5329730333020407	0.08319699264567543	0.49298797165663977	0.0830060513776969	0.5086195566147336	0.08489154525396629	0.5011283043197937	0.49887169568020634	2.4659131695413303	3.0938859608204337
6300	2.4659131695413303	0.8	0.5522041299832186	0.08000700802481123	0.44958518854216006	0.08043294281196578	0.41466321452836025	0.07546086788862638	0.590169741385499	0.07791938758568659	0.5776205360949053	0.07831034065007288	0.42074440551948317	0.07917233842696517	0.44459284395539844	0.0787226938093198	0.5497806406818665	0.08253307056296497	0.37775470599290417	0.07393313496303178	0.6154255433669845	0.07187828686378948	0.4783099142903217	0.08465635048391636	0.5201053212167401	0.0849913661678664	0.5083325651434666	0.0838754116195626	0.498679217987289	0.08233405786301613	0.46012258119705807	0.08473180079733375	0.5409065312499894	0.08088775838354617	0.4752591331887309	0.08338461422178108	0.53337598560613	0.08310856097952145	0.49315297420344323	0.08302660037549808	0.5079632026493712	0.08469490545561441	0.5019035532994924	0.4980964467005076	2.4659131695413303	3.0938859608204337
6400	2.4659131695413303	0.75	0.5526073055226469	0.08000907470850376	0.4495643302927533	0.08027598935390237	0.4159379836064072	0.07601264307519473	0.5897306877546653	0.0778808087928914	0.5779329387378775	0.07852099466799414	0.4202435820813785	0.0792770173763074	0.4445061798768055	0.07881044541058659	0.5511533648839514	0.08263397540106152	0.3773500232956082	0.0736807428142238	0.6151432981640789	0.07191084022761711	0.4786016953749865	0.08459356859664699	0.5192992310979957	0.08477907061088513	0.5086647520884047	0.08377523784767843	0.4977058048542759	0.08233023786251656	0.4604601962990826	0.0845265155399492	0.5412658043441029	0.08059692162624939	0.4751282151872326	0.08331120137856274	0.5339302482312063	0.08300331499526559	0.49320304103838264	0.08287234495046647	0.508578572498091	0.0849642167795899	0.5010930668332292	0.49890693316677076	2.4659131695413303	3.0938859608204337
6500	2.4659131695413303	0.73	0.5525695041410048	0.07972706999576085	0.4489341678203199	0.07985255497899886	0.41729366870850076	0.07626363335720356	0.5886981490740543	0.07816972694997225	0.5779936849070731	0.07811387224656496	0.4195366949791537	0.07926437879372497	0.44335131374700026	0.07895170829425957	0.5526772063088973	0.08230538920655268	0.377475755411308	0.07350394197681583	0.6147564344165656	0.07193683030566704	0.47864009176536637	0.08442567001730884	0.5188928064765044	0.0845896751636133	0.5082080872429583	0.08375044643764483	0.4977308221043282	0.08208740024027525	0.4605599063205219	0.08445633701550158	0.5404108847076486	0.08052094615988768	0.4755430793736697	0.08359311033472731	0.5323743486058261	0.08336790855360722	0.49308176527639946	0.08262985662246615	0.5089271225545935	0.08521432367260615	0.5003075030750308	0.49969249692496925	2.4659131695413303	3.0938859608204337
6600	2.4659131695413303	0.81	0.5527297719425315	0.07949593874332232	0.44819534397848043	0.07977717032016995	0.41823921539668746	0.07608542594837997	0.5872762871662515	0.0784331205344423	0.5777205648461414	0.0780244280313343	0.41861771885036825	0.07912902432450503	0.44217880433206097	0.0787854297795687	0.5524640913998977	0.08225857356723999	0.37665119234401456	0.0734657500407179	0.6157002460706249	0.07181809538383423	0.4794274680179058	0.08450154932619101	0.5184525789470336	0.08486379134502976	0.5093101748073503	0.08398832562165306	0.49678803337638816	0.08203920062227922	0.4605166370319669	0.08431882830940769	0.5404910552596818	0.08032160575233271	0.47637311371501984	0.08362531352591134	0.5312991179057454	0.08340950011385258	0.4926470836308893	0.08257005551217111	0.5089206137345622	0.085402598425425	0.5003028467595396	0.4996971532404603	2.4659131695413303	3.0938859608204337
6700	2.4659131695413303	0.83	0.5536231735592054	0.07950366564901766	0.44871266577526137	0.07993369628488191	0.4187364381598353	0.07626597246021385	0.5858386358517693	0.07871504968970881	0.5776133094741237	0.07783067016485433	0.4200706218530223	0.0789775171166383	0.4417258087527146	0.07868052095206683	0.5534388698658769	0.08214696399070327	0.37508032544338976	0.07334011872155621	0.616272538872922	0.0715934478256288	0.4783257626711561	0.08476579286342498	0.5195923450629159	0.0850458747823207	0.5112226165232647	0.0842115736276029	0.4967650122543938	0.0820327673799751	0.4610534566302795	0.08423650683597607	0.5397197682586704	0.08049123501938582	0.4759220660220796	0.08377125279820906	0.5313097338147871	0.08357660843512153	0.4932182962302993	0.08278148332979218	0.5088665044017813	0.08551436421786467	0.5014916467780429	0.498508353221957	2.4659131695413303	3.0938859608204337
6800	2.4659131695413303	0.8	0.5539828962543143	0.07924640621437551	0.44774910153410896	0.07988068672265536	0.419834684241879	0.07634822686488042	0.5849214829442932	0.07885685547942335	0.5782081467406164	0.07767306956211915	0.41913784928980746	0.0789684648470997	0.4416325698099056	0.07885991013841022	0.5529347189067094	0.0822176917585857	0.3753165307291569	0.07320552882874956	0.6161276728794732	0.07155812685935592	0.47818325467279643	0.08478905419090055	0.5195200229873483	0.08511527941998732	0.5100043091852043	0.08422553207248966	0.49682521052327466	0.08201776948581259	0.4627420534816544	0.08425786210463632	0.5400082999656333	0.08050781112066967	0.47661484435652585	0.08377293248199204	0.5316764686278169	0.0832819950519116	0.4918151150955311	0.08273265478554466	0.508148051256767	0.08553409345914129	0.5022045855379189	0.49779541446208114	2.4659131695413303	3.0938859608204337
6900	2.4659131695413303	0.86	0.5547035528724585	0.07912147063961485	0.4471941600513897	0.07989703954179155	0.4202739729297124	0.07624782171543364	0.5845033121733665	0.07890123431282003	0.5779364157388528	0.0776828027546921	0.41885667150472766	0.07875720057736812	0.4410057894983182	0.07883924060981329	0.554594825209073	0.08211300073107243	0.3744294960641622	0.07322233348590769	0.6152480588246958	0.07131453298212453	0.47879969297260044	0.08483519173502534	0.5190999509677148	0.08478556525382261	0.5098285001292161	0.08414955522504738	0.49571927739007393	0.08222538987133413	0.4633510901490282	0.08392661917356248	0.5402497763952471	0.08036202322349155	0.47684235616492243	0.08379911632259375	0.5314103019471692	0.08309343513880875	0.4930040761422623	0.08285106587379663	0.5088206848138215	0.0855087996795732	0.5021726535341831	0.49782734646581694	2.4659131695413303	3.0938859608204337
7000	2.4659131695413303	0.81	0.5558514547530475	0.07900064279146878	0.4467841630975406	0.07984915001271588	0.4204906121895275	0.076251820724979	0.5836214916698048	0.07889153955836042	0.57756714608902	0.07758087424926613	0.41839334666311306	0.07877881293004037	0.4401933619584846	0.07854854820685692	0.5546087028266218	0.08189274210904812	0.374121353827275	0.07325576245897866	0.6149919563823463	0.07129840362432328	0.4793779600362311	0.08474567220691087	0.518591339726716	0.08471207862755763	0.5099465826463051	0.08403964186666965	0.4965857786869958	0.08216597666811816	0.4631219482625051	0.0838739394725968	0.5397325003944423	0.08057366664576932	0.47753406745111143	0.08360707697424254	0.531270210060205	0.08293213477838346	0.4941295866013032	0.08282684793369684	0.5088468470492955	0.08552383631142217	0.50214163335237	0.49785836664762995	2.4659131695413303	3.0938859608204337
7100	2.4659131695413303	0.76	0.5567896803007237	0.07890217998591924	0.4458302626186957	0.07969719470059784	0.42211910896543503	0.07635233365761022	0.5832808309681397	0.07851222713077896	0.5780263603061245	0.07747332841616172	0.4181527959203439	0.07881713162795342	0.4405870794468835	0.07852973284667836	0.5547490780264891	0.08206981832684163	0.37427429934332096	0.07352710838705849	0.6147825106713638	0.0712268314669017	0.47947020262654994	0.08468905354102257	0.5184265043451479	0.08461743969318104	0.5096565743017718	0.08428483402899961	0.49696965521227227	0.0823020878958012	0.46349329661558814	0.08381615504297694	0.5388606119043594	0.08036886691768186	0.47735141784635937	0.08363666329455917	0.5321212371722269	0.08302465419343413	0.49413117198654233	0.083007598449397	0.5082095040925829	0.08547866115033678	0.5023930180180181	0.497606981981982	2.4659131695413303	3.0938859608204337
7200	2.4659131695413303	0.82	0.557971246264332	0.07866648916808709	0.4450885582048599	0.07974207670338504	0.42370601284343007	0.07672655964777174	0.581733171853556	0.07903468616841335	0.5781478896615531	0.0771466456419467	0.41707144942929775	0.07878292485685473	0.44040335000040504	0.0785091296928808	0.5549820466775082	0.08196317857712714	0.37421904897078095	0.07360284685643063	0.6141628253011874	0.0713452991849959	0.4788332042055699	0.0845700366718814	0.5180112713604771	0.08472511311444926	0.5092704377431844	0.0843727640462525	0.4959788569317288	0.08231130154075147	0.46369994000698184	0.08380022042902492	0.539049111707788	0.08016748268665949	0.47750027216000746	0.08368678925114041	0.5321679849046812	0.08306264889860655	0.4938431849691814	0.08301351185253937	0.5083649800632108	0.08528405386690605	0.5026374236535258	0.4973625763464742	2.4659131695413303	3.0938859608204337
7300	2.4659131695413303	0.79	0.5581886627930925	0.07877172638704016	0.4443017885580795	0.07975907314081014	0.42479107360484986	0.0767808227677996	0.5809742799545063	0.07926154369184012	0.5774699548210095	0.0770453349765011	0.41729228070841445	0.07868109053892007	0.4397236699630364	0.07839638080866328	0.555188122827005	0.08200736054116887	0.3738133284949105	0.07358129194009903	0.6141324609007709	0.07133490958699687	0.47895331316686096	0.08428694190942683	0.5171647273266146	0.08479565887360978	0.5102996281905385	0.08423565361205401	0.4952197642275262	0.08248358849038172	0.4626653699502362	0.08375351773385915	0.5373320422546497	0.08010838703726475	0.4773907161489346	0.08350840261034874	0.532107458019254	0.08319450915360026	0.4939265488066851	0.08291829813197017	0.5088218994549489	0.08514024417627754	0.5024644030668127	0.4975355969331873	2.4659131695413303	3.0938859608204337
7400	2.4659131695413303	0.82	0.5589126294236958	0.07875000495735708	0.44472014446033575	0.07978508833100442	0.4258781604798337	0.0767378208739511	0.5801974768218281	0.07945109189100956	0.5774006582266695	0.07701046058864668	0.4168666100473211	0.07861433984813028	0.43825344130250793	0.07833785539979293	0.5559430140832661	0.08172479719463113	0.37362762377688746	0.07336346051277734	0.6142918289119392	0.07131867714471447	0.4789919127271582	0.08417008112740858	0.5172465680245186	0.0849357196120857	0.5099388890411821	0.08427634873589168	0.496040137375885	0.08249199071003536	0.46274374667644264	0.0835432496239391	0.5369137647284482	0.08003604481200899	0.47817145599753585	0.08333724986677092	0.5308554266938172	0.08315764432498328	0.49375127103845673	0.0828899224299427	0.5095221589932271	0.08485291016442632	0.502836304700162	0.49716369529983795	2.4659131695413303	3.0938859608204337
7500	2.4659131695413303	0.85	0.5590141794691778	0.07877939269595007	0.4446959985272726	0.07977158603448192	0.4261993724980205	0.07660910046438339	0.5795400184517449	0.0796419609103258	0.5771657433446379	0.07706496756456958	0.4152006364307372	0.07877383830185661	0.43798349320217383	0.07834174848666291	0.5561070278388274	0.0815060373734642	0.3728113347608768	0.07333837337519612	0.6146251217360914	0.07133264135151328	0.47935178105142184	0.0841097642294909	0.5174219508370221	0.08482712468344875	0.5105744240502618	0.08424198643544104	0.49658137820387416	0.08261109284544052	0.4635377264971689	0.08350987501948173	0.5360693280802842	0.08022547810006404	0.4791132588471053	0.08322258392139567	0.5307374741540531	0.08320671211287908	0.49372094144281453	0.08282179991247858	0.510526341731641	0.08494205869225611	0.502132196162047	0.4978678038379531	2.4659131695413303	3.0938859608204337
7600	2.4659131695413303	0.79	0.5589589495307492	0.07886902296001845	0.4437537294724602	0.07961394044948539	0.4268315636409344	0.07686375907610629	0.5777884148888769	0.07980038807912876	0.5769871239935478	0.07711769860642376	0.4156661789074008	0.0788388331116845	0.4367624259468359	0.07828470207452967	0.5572990260952773	0.08167139636137122	0.373075185260909	0.0731574998294173	0.61475062060828	0.0712215388751502	0.4802646716035646	0.08434504373920368	0.5166952397341791	0.08468154064484289	0.5101141078005144	0.08436586382659778	0.4969906292420838	0.08273344084438554	0.46415235140414324	0.0835219992876131	0.5354339324123548	0.08024944608888555	0.47891169411701806	0.08316432954553861	0.5308591202497666	0.08333511716351165	0.49337668072559715	0.08298389552152237	0.5104790690981678	0.08505060077840719	0.5022356654392425	0.49776433456075747	2.4659131695413303	3.0938859608204337
7700	2.4659131695413303	0.77	0.559636271215042	0.07867059850406967	0.44332362784373347	0.07989475163024126	0.42769829383304037	0.07719580234124229	0.5763923955084121	0.07998342138417378	0.5764478039404743	0.07722078451979908	0.4157221984203364	0.07877198230790249	0.43549808215542646	0.07836371935261399	0.5577700400510646	0.08166251882463633	0.3725950015428822	0.07300637187460991	0.614177431927352	0.07120828886505476	0.48054189164577604	0.08415536594043821	0.5162984814394919	0.08474767815496817	0.5100328108124268	0.08431972359700983	0.49704766698440284	0.08277806375985916	0.4642172878881609	0.08346624391943108	0.5346642881377119	0.08016782408438375	0.4791716884705195	0.08311318734337823	0.5317027995270175	0.08307946813765309	0.4933525116662427	0.08291769162093258	0.5097767108589852	0.08497481302811336	0.5014278296988577	0.49857217030114226	2.4659131695413303	3.0938859608204337
7800	2.4659131695413303	0.81	0.5597769609623411	0.07874046853727032	0.44228328056139987	0.07988790829412913	0.4280988726789407	0.07736923801609495	0.5757283916927624	0.08016791062060542	0.5766068261394357	0.07700167978186769	0.4166846681505578	0.07885101920576816	0.4355513291582636	0.07828043064065023	0.5578245825981565	0.08158197209685368	0.3720780251290659	0.07293995326339997	0.6152414054986972	0.07128035786848975	0.4808931668316189	0.08402299052959432	0.515575144858706	0.08490079810478511	0.5097857715157532	0.08423959621610724	0.4973874816307415	0.08279950469716084	0.46461456665144774	0.08354325200778898	0.534711520094207	0.07978981488573818	0.4791553916498558	0.08309285422416708	0.5315438457039889	0.08308602735656616	0.4937539373680035	0.08287175158863025	0.5092471467657245	0.08500520988924527	0.5014095335725269	0.49859046642747307	2.4659131695413303	3.0938859608204337
7900	2.4659131695413303	0.81	0.5603307377232185	0.07890139010477538	0.4414137194298283	0.07980727426218308	0.4291006072293203	0.07740931942346707	0.5753441051533299	0.08017853262998872	0.5771208568241672	0.07706922754376169	0.41650483563542207	0.07858052913925691	0.43505974936056857	0.07839824482758218	0.5578696592034124	0.08125809275132719	0.3723826191552166	0.07284099312135792	0.6154347278323672	0.07102966855340477	0.4813208813517079	0.08386793461287112	0.5152349282927702	0.0850498902191132	0.5094943314028062	0.08420761536753066	0.497701457787592	0.08288137558651809	0.4646766657404646	0.08367930864522202	0.5347681692357195	0.07983738917972182	0.47964763675587374	0.08315464038791591	0.5309518144377602	0.08338213292735518	0.4947955297217738	0.08307807072472563	0.5091187365867414	0.08501715282654651	0.5011386639676113	0.4988613360323887	2.4659131695413303	3.0938859608204337
8000	2.4659131695413303	0.75	0.5600871121149197	0.07886838951819056	0.4412888512990739	0.0796047931205462	0.43010409271039807	0.07750154150356649	0.5742432938146979	0.08047303349326845	0.5766113078068605	0.07710037988546581	0.41594207923843124	0.07837104452378213	0.4347427599578931	0.07849889253198471	0.5582041809674987	0.08122155964071628	0.37277593064544295	0.07289914529629134	0.6159744778403993	0.07101730464827752	0.4819449649399736	0.08395311663575976	0.5148604545796606	0.08502404707453913	0.5099237750897282	0.0840434808367187	0.4976081922592576	0.08258618130421229	0.46584951276294145	0.08354389348444778	0.5337589704116482	0.07987800388216815	0.4795370184945891	0.0831529980631857	0.5314565575027311	0.08308059730112581	0.4946036072182286	0.0827869451742958	0.5090631889322889	0.08493803690573182	0.5002498750624688	0.49975012493753124	2.4659131695413303	3.0938859608204337
8100	2.4659131695413303	0.78	0.5606030918613731	0.07892914243981004	0.44113390347734477	0.07957908406060181	0.4313420248111563	0.07772707731270731	0.5728558864377101	0.08055436070025193	0.5769498898629585	0.07697703710750636	0.41662744424795933	0.07839104438734863	0.4345450304345113	0.07848083804976606	0.5588347171844491	0.081100403516214	0.37341927762491955	0.07300915428608443	0.6172238226451495	0.07085780239737331	0.48205738733982967	0.08402449286377799	0.5153999154178105	0.08511682499551289	0.5109877962167908	0.08427781781740187	0.497918431325007	0.08236269095237754	0.4653366371441194	0.0834190207967886	0.533148548530379	0.07994628968250128	0.47934930305385737	0.0830620590041915	0.5313646616710026	0.08299392423172972	0.49477433370929746	0.08266921252932428	0.5090693048786764	0.08493956945706493	0.5004935834155972	0.49950641658440276	2.4659131695413303	3.0938859608204337
8200	2.4659131695413303	0.8	0.5601886996070369	0.07895005300960432	0.44111584528113607	0.0791691797284438	0.4320489488677862	0.0779208753596165	0.571700534509776	0.08067033039613576	0.5770736087873017	0.07693502416482165	0.4162892078030151	0.07828075273447425	0.4342813430810369	0.0785618537101706	0.5587005001080529	0.08082702386284567	0.37279574898385653	0.07290343642079244	0.617762925168884	0.07081522015988226	0.4826317471093947	0.08380780360458082	0.5150292573691982	0.08495979627026974	0.5103266357829157	0.08441799301139447	0.49796726567001626	0.08252336322541508	0.465455014501651	0.08356672421802926	0.5328564640934325	0.07996043401281235	0.47974873605128704	0.08296507223372669	0.5316995168575891	0.08295808265168479	0.4951930306749675	0.08262689246224568	0.5093543566814429	0.08460872252703121	0.500243783520234	0.499756216479766	2.4659131695413303	3.0938859608204337
8300	2.4659131695413303	0.82	0.5606919686020179	0.07871255497358595	0.4407552233539514	0.07923062495975386	0.43294036900216115	0.07818528507408429	0.5712279849121569	0.08078334259923454	0.5774431101776205	0.07689712953015633	0.4171234597277766	0.07828836995339361	0.433244675562344	0.07848092969633652	0.5591851223352413	0.0806532707878357	0.372457637344611	0.0726405135237693	0.618200993602856	0.07070232019882013	0.48222299854220224	0.08371999820951995	0.5148400696499694	0.08497433246299753	0.5114116743092416	0.084545257302037	0.49902974425065266	0.08262057848349724	0.4661155901799664	0.08367766738767571	0.5325745256861583	0.07988747145940435	0.47997846565717783	0.0830784600570379	0.5308727485115053	0.08294007227341012	0.49472860724984513	0.08253455579434281	0.5105033234354386	0.08457028741186604	0.4995183044315992	0.5004816955684007	2.4659131695413303	3.0938859608204337
8400	2.4659131695413303	0.81	0.5606114378611567	0.07860663175742222	0.44043059220607467	0.07920627589213265	0.43460053023076073	0.07842723443198658	0.5708993208006068	0.08065077338452756	0.5785084636810046	0.07660772128212666	0.4166421464917787	0.07826868681502544	0.4332904118348806	0.07830177194311964	0.5595792166271396	0.08042405480149922	0.3727090876749798	0.07247779223788027	0.6179452847052735	0.07090037684046074	0.4829059358707284	0.08355691154498963	0.5140519195873123	0.08498955174229515	0.5110862623138975	0.08448545758964272	0.499638454153687	0.08276989464930996	0.46629663514737024	0.08362948902605113	0.5327338259995285	0.07974102905282775	0.4803375599940596	0.08305574335306518	0.5315824706349104	0.08280752857943131	0.4944372789280636	0.0825416136480631	0.5108008909112955	0.0844975856793588	0.49928605425987627	0.5007139457401237	2.4659131695413303	3.0938859608204337
8500	2.4659131695413303	0.73	0.5608436818646285	0.07845600391976006	0.4394702210237204	0.07909878729050583	0.43600891365824485	0.07878765668790874	0.5690140532435405	0.08099341307847452	0.578571603238333	0.07647570195687414	0.4156667745774446	0.07836217255133758	0.43367368211823915	0.07825832316081698	0.5604427981460984	0.08038413301965698	0.3729254586433374	0.07219293945793331	0.6176771509742058	0.07093669439952416	0.48350129298244426	0.08383597984840789	0.5136614147493461	0.08478126302704053	0.5112038627880157	0.08436476815305227	0.4990708979968746	0.08311945599369477	0.46661774770127085	0.08378523449506299	0.5315806491391813	0.07990272641724815	0.4810956526819075	0.0831118201681049	0.5325494399789573	0.08270682396403889	0.4945279030506861	0.08246444372794169	0.5099576787517786	0.08459523594965554	0.49905926622765756	0.5009407337723424	2.4659131695413303	3.0938859608204337
8600	2.4659131695413303	0.77	0.5614833423875579	0.07856958401277639	0.4393442240907731	0.07903026836552496	0.4372067033597787	0.07898427056446743	0.5678680795055804	0.08130567694302446	0.5803660570858354	0.07635813203306331	0.41556638333829343	0.07843936556888254	0.43405705369321074	0.07815647192306283	0.5611160136407546	0.0802836119759175	0.3731066368284985	0.07219525294951698	0.6171937488788639	0.0708965020642648	0.4842728361704126	0.08380263753810534	0.5146545589491035	0.0847732329536404	0.5116111722939118	0.08412226231664342	0.4988732618231938	0.08295730319552652	0.46726172243762004	0.08382164538057352	0.5317005347993146	0.08015624128084038	0.48138570042083384	0.0833796602697623	0.5319968301098347	0.08272293091627278	0.49521110746231733	0.08274058943605443	0.51005009868372	0.08454777592627016	0.4991864249186425	0.5008135750813575	2.4659131695413303	3.0938859608204337
8700	2.4659131695413303	0.77	0.5625042895794787	0.07873943444210983	0.43893521477025244	0.07901781079631155	0.43746321027586305	0.07914255049117606	0.5660102008543796	0.08160271758062727	0.580793753065506	0.07614377560466949	0.41516713753253925	0.07839897668881828	0.4341056045660657	0.07804833912330239	0.56209400270641	0.08006901563924988	0.37370971760923016	0.07234892174871732	0.6166202699036558	0.07089105544536882	0.48355878085558013	0.08403492322251133	0.5142270766468627	0.08466960664997085	0.511595436020211	0.0838916581861268	0.49996359743112856	0.0830468964658191	0.4671618841925464	0.08375891357601488	0.5312257369589589	0.08031523653226079	0.48168263142329965	0.08340280060158833	0.5318732665342871	0.08284547606644609	0.4952409212509332	0.0829177612695799	0.50992484826352	0.08455418326645184	0.49919577205882354	0.5008042279411765	2.4659131695413303	3.0938859608204337
8800	2.4659131695413303	0.88	0.5631801383389725	0.07851934221239654	0.4382942426439467	0.07892084816412157	0.43813870875517724	0.07924896525775636	0.5651988037495329	0.08184839781509369	0.5810547979752663	0.07603525717561702	0.41496222632989754	0.07845355473519285	0.43438710438805705	0.07807936445995159	0.5629376896022644	0.07979748185037734	0.3732582930278712	0.07236034820947021	0.6169192932654476	0.07095103575703775	0.4827373657337413	0.08396942841308813	0.5135438422471609	0.08447367477265129	0.5112480253753591	0.08400525815617936	0.49998134404901856	0.08316000478988554	0.4672972011225788	0.08376096251628894	0.5303788046591896	0.08029136736612881	0.48225546378579537	0.08360847978700074	0.5323974672030952	0.08272580306826824	0.4942780652484676	0.08278357123659279	0.5100512231949029	0.08443351875526346	0.49977283053157656	0.5002271694684235	2.4659131695413303	3.0938859608204337
8900	2.4659131695413303	0.8	0.5635006959401684	0.07835479049145833	0.4380014548869819	0.07888198008586383	0.43896833920384093	0.07935761261504806	0.5642282639740055	0.08202001775601048	0.5808088113064553	0.07596544602137528	0.41476060994880026	0.07828411721066322	0.4347074035308184	0.0783488773038089	0.5630009232774008	0.07947904056053769	0.3731750055512808	0.07215513112365814	0.6171548908419638	0.07098413440408745	0.4824277744281935	0.08408980566101436	0.5131924906336024	0.08426817011729486	0.5109720855862143	0.08415897672578976	0.5001456545835363	0.08320112558991452	0.4676965934571058	0.08383901298729178	0.5304541049408752	0.08037855665372799	0.4825664768231824	0.08355194139031902	0.5319893116072526	0.08253668216135195	0.4937902028200451	0.08271602807869195	0.5097074415920415	0.08452317368648196	0.49932614555256066	0.5006738544474394	2.4659131695413303	3.0938859608204337
9000	2.4659131695413303	0.87	0.5635866564706409	0.07847913811343578	0.43805944584310463	0.07889227166730489	0.4394206952778495	0.07940429833802928	0.5636160800725638	0.08188024440331527	0.5812111660655155	0.07584138936207815	0.4148743064420411	0.07806214365563867	0.43401571705283487	0.07832044424631113	0.5638452173687343	0.07924870513737743	0.3732996664036649	0.0719752862939853	0.6173742826471357	0.07090061700620823	0.4828995034609018	0.08406347559778936	0.5131657661129232	0.08425504688092847	0.5106896048648685	0.08417460432278358	0.5012239016989534	0.08312008649854631	0.4675284256660707	0.08387311218361436	0.5302177668362719	0.08023423031770861	0.48252620324963735	0.08354088413746542	0.5317493029896996	0.08260625628015458	0.4940151716348854	0.08258153166395364	0.5093884173289673	0.08461782906149799	0.49944469124833407	0.5005553087516659	2.4659131695413303	3.0938859608204337
9100	2.4659131695413303	0.78	0.5640711901256084	0.07832845212517693	0.43769635552569286	0.07891522985756333	0.4403371570875357	0.07952110920481414	0.562907151640437	0.0818918755542771	0.5817091683109177	0.07578855246734453	0.41468691572217037	0.07801275655947632	0.4340412039606272	0.07825494396801082	0.563802106451223	0.07920257499697644	0.37341425481206447	0.07196081644751215	0.6175772586799185	0.07094802541740966	0.4826607625158003	0.08403646746510611	0.5128311601640321	0.08411625938141047	0.5105040208722265	0.08414412342472416	0.5012244276746731	0.08326291265429715	0.46804425260346966	0.08400427474560963	0.5304084911987562	0.08041262632991703	0.48246332384602875	0.0835183697833198	0.5319211733108877	0.0826379742849337	0.4939779463909902	0.08229625979007256	0.5093503555783293	0.08454839612089979	0.49890158172231985	0.5010984182776801	2.4659131695413303	3.0938859608204337
9200	2.4659131695413303	0.86	0.5641108470569716	0.07848210898565454	0.4369909837128157	0.07902230792308045	0.4406198224916843	0.07938413109063347	0.562393606805727	0.08180627981560756	0.5830612804857291	0.07573070654188056	0.41473512862961653	0.07799501951709065	0.433716132799727	0.07813558339289978	0.5640724627877807	0.07917540816742372	0.373534132951205	0.0719130419554394	0.617195528072734	0.07090424033323703	0.4830902869749143	0.08408526462777123	0.5133370594423315	0.08413789882055522	0.510333402012796	0.08410977169352349	0.5015903789620599	0.08330157373397362	0.4688947895873738	0.08410834632392468	0.5297277794799777	0.08043342220136673	0.4825618083593649	0.08376997114825786	0.5315827038932732	0.08271354008713619	0.49395335974129545	0.0821486187202598	0.5087214087502643	0.08444739972854678	0.4989135158626684	0.5010864841373316	2.4659131695413303	3.0938859608204337
9300	2.4659131695413303	0.79	0.564764248782057	0.0785238387905731	0.43605605700994055	0.07903513282768802	0.4420439979715462	0.07943651726341867	0.5621965203592996	0.08162973737973447	0.5823835789864437	0.07570585239289263	0.4144892091990471	0.07788854136675961	0.4325679825599901	0.07812502501048661	0.56335610203841	0.07903020752744874	0.37356550683452333	0.07180352578192774	0.6175231933016503	0.07073022081096852	0.4833638117305192	0.0840416912071227	0.512773835002897	0.08421319350092683	0.5101043089421332	0.0840722620991484	0.5021616722088891	0.08340838093450485	0.46910586061321097	0.08442293962383458	0.529915111965057	0.08075942938880204	0.48288807568006803	0.0836539111718286	0.531770657784297	0.0826505005421879	0.49322074178205166	0.0822474919042243	0.508132058286142	0.0845126048051454	0.4995700773860705	0.5004299226139295	2.4659131695413303	3.0938859608204337
9400	2.4659131695413303	0.78	0.5653213498287691	0.0783914685727352	0.43642834637162875	0.07899866356150882	0.4430160776639449	0.07949186880168911	0.5608457804711461	0.08158643852653256	0.5822354784421456	0.07578411641671093	0.41376062241303196	0.07807040898508608	0.4325356576192933	0.078129095866091	0.5637386200575931	0.07916278583632429	0.3737225028533873	0.07154912757955975	0.618208991299741	0.07062376981901693	0.4839181505034206	0.0840144790696018	0.5121786664968379	0.08437443265021514	0.5101352601946726	0.08421178852185024	0.5021605419514724	0.0835467040905395	0.46873982130758685	0.08412205288667458	0.5302061926180757	0.0807469185258726	0.4830528333124532	0.08358141148388899	0.5311876014070743	0.08270597514072006	0.49304155997851906	0.08229636859402187	0.5080048540312989	0.08457670034613828	0.49957464908549554	0.5004253509145045	2.4659131695413303	3.0938859608204337
9500	2.4659131695413303	0.82	0.5661259968520104	0.07850162697786395	0.4357373150062805	0.07880123472370092	0.4436403548599994	0.07974568101052915	0.5598646616989584	0.08171631371062091	0.5823743457643817	0.07575598108310852	0.41324266043124	0.07797027019659235	0.4326960850979104	0.07817064065326475	0.564096256179337	0.07921044861786274	0.37371037035258403	0.07154831739067395	0.6179220618902012	0.0705739288338085	0.4840846060123462	0.08403492617249478	0.5124884915431096	0.08440512687859392	0.5103198135327589	0.08405716736417183	0.5018811234238112	0.08354356793936635	0.4686004928323043	0.08400084388230715	0.5300565789525841	0.0808657834959087	0.48346101311601763	0.08353660738222773	0.5312238828402872	0.08288075405873696	0.49283389028567365	0.08221000520682924	0.5074848696238223	0.08459400041952683	0.4990530303030303	0.5009469696969697	2.4659131695413303	3.0938859608204337
9600	2.4659131695413303	0.87	0.5673747702350157	0.07839092198261047	0.43516183794604046	0.07859133850313836	0.4440450842300454	0.07998226401659919	0.558625804757993	0.08172604217084785	0.5823060943467526	0.07575687802706758	0.41356001536370224	0.07773047587287744	0.4327681758513008	0.07821247646542283	0.5647432585723245	0.07925101274026083	0.3736097524520211	0.07144560491462552	0.6181336272598847	0.07047383493173763	0.4840168225941521	0.08402800562857747	0.5129221710330326	0.08412209348674711	0.5100823066189767	0.08416734671322502	0.5014645967589128	0.08339572089615536	0.46853702525576413	0.08417565872355282	0.529602786390513	0.08092416835465607	0.48262823057220866	0.08352385264737353	0.5322989246178595	0.08274157687918633	0.4931957786891957	0.08232122547864923	0.5076906747097296	0.08457354200844762	0.4990628904623074	0.5009371095376927	2.4659131695413303	3.0938859608204337
9700	2.4659131695413303	0.87	0.5678666137844379	0.07825604687101617	0.4346581226408267	0.07849073699310134	0.44514899427835875	0.08008462048665352	0.5569738496545134	0.08192338952771107	0.582202809633102	0.07583324358720937	0.4130992472637565	0.07761332995022366	0.4325490521140396	0.07815749967828879	0.5648864165768964	0.0792764479123729	0.37324302690881755	0.0714391538938035	0.6182059362807107	0.07041487407605006	0.48403751415632884	0.08407854420996626	0.512760385109629	0.08392876277387488	0.5101322517626536	0.084244162858307	0.501222862220777	0.0835787334817931	0.46896118524572256	0.08426106200448207	0.5295572630038814	0.08078308208034833	0.4829219697716175	0.08333870748429908	0.5315150719622953	0.08275164624256472	0.493501600605216	0.0824957207073574	0.5071307187877577	0.08436907089220379	0.49886644682605114	0.5011335531739489	2.4659131695413303	3.0938859608204337
9800	2.4659131695413303	0.86	0.5678915280567437	0.07826990649462823	0.4337331756559621	0.07843104042553253	0.44594229116475265	0.08012561435500823	0.5562245508322292	0.08195402481256807	0.582502198190558	0.07591206951004964	0.41271085961182613	0.07750664045888117	0.4320752281931614	0.0782364416375022	0.5646088345452612	0.07939364981748087	0.3730400687687902	0.07130404203207343	0.6184947410723759	0.07042897416164066	0.48424834507627684	0.08406087534086139	0.5127596533718078	0.08392509896512315	0.5097385806312229	0.08419390888521706	0.5015988753288118	0.08376354453927216	0.4695782257055128	0.08434711327847841	0.5296611563050185	0.08074419290759194	0.48313002486310686	0.0833468286175583	0.5309498867792765	0.08271433153943916	0.49386601513163797	0.08257389645850269	0.5068571777062548	0.08425572808559267	0.49847001223990206	0.5015299877600979	2.4659131695413303	3.0938859608204337
9900	2.4659131695413303	0.76	0.5675506373708322	0.07838502461152876	0.43352186990389374	0.07842161319532853	0.4466637459634806	0.08024281767454101	0.5551560005268219	0.08193050087711555	0.5825843922298143	0.07605901739551633	0.41235611020533564	0.07735199348772982	0.4322492963989429	0.07826588222104063	0.5647805772784875	0.07931084444804234	0.37301854746223534	0.07123583535062854	0.6180893989939743	0.07032916761820135	0.4836878126826895	0.08408931782455284	0.5121657089126691	0.08403091261772232	0.5099561179928711	0.08405221827379318	0.502291579872135	0.08385611901268208	0.4693745848374967	0.08444792436938064	0.5297240954121332	0.08077611146720802	0.4840213469030256	0.08341737282912798	0.5307615087933902	0.08284067100781903	0.493609559216571	0.08270106263776171	0.5068759003371934	0.0842735122151984	0.49848546042003233	0.5015145395799677	2.4659131695413303	3.0938859608204337
10000	2.4659131695413303	0.87	0.567924967252382	0.07839341245637489	0.43305244504980894	0.07835190768155229	0.4473942022503247	0.08014338552638745	0.5548462864754393	0.08189470123585044	0.5828163241007058	0.07594366204590601	0.41203769352760644	0.07724292411479308	0.4319964523058099	0.07833536633245963	0.56592588769318	0.07922769845464357	0.3728368838776578	0.07108017429006981	0.6183826594405536	0.070245651533695	0.48413160801743105	0.08414920424158656	0.5116964170730752	0.08389982421706475	0.5099821991317729	0.08402309778712601	0.5030546338327975	0.08377980249108997	0.4700683300763525	0.08448762095524653	0.5292855403112402	0.08102877880173849	0.4838690744891379	0.08327572548977934	0.5297780659598655	0.08293206267537144	0.4939074685087036	0.08270362702613311	0.5067811658137452	0.08416391116218705	0.49830067972810876	0.5016993202718912	2.4659131695413303	3.0938859608204337
0.7983168316831684
