DAG
attr0 has 2 parent(s): {output, GlobalHidden_0}
attr1 has 2 parent(s): {output, GlobalHidden_0}
attr2 has 2 parent(s): {output, GlobalHidden_0}
attr3 has 2 parent(s): {output, GlobalHidden_0}
attr4 has 2 parent(s): {output, GlobalHidden_0}
attr5 has 2 parent(s): {output, GlobalHidden_0}
attr6 has 2 parent(s): {output, GlobalHidden_0}
attr7 has 2 parent(s): {output, GlobalHidden_0}
attr8 has 2 parent(s): {output, GlobalHidden_0}
attr9 has 2 parent(s): {output, GlobalHidden_0}
output has 0 parent(s): {}
GlobalHidden_0 has 0 parent(s): {}

Sample	GlobalHidden_0	 Accuracy
1000	4.3664262625600765	0.526	-6.779711002704908	1.6449122876609803	0.0750715437452954	-1.446470572314065	0.470174544445992	0.07084618976948209	-0.5202739591544171	0.23484528793366832	0.08113991592423626	-2.240606164605702	0.6348375365276044	0.08836039582857654	-3.402263072994977	0.881406450977384	0.08065246543284035	5.338537641771022	-1.0917921641421495	0.07763453924831741	2.0440023031699246	-0.3650951845621303	0.0836172264193143	3.1624109767856465	-0.5992202352464162	0.08517835595255786	-2.6217982526755983	0.7130403574420346	0.08989185873304574	-2.9845592387850246	0.799874727690403	0.09142613893464192	-2.4926764154053354	0.6707286843015268	0.08207666118749152	0.25064543743343515	0.07528970343396563	0.0781819696404526	0.5787651398688517	-0.01683573695943903	0.08996806928794322	1.821368635206705	-0.30025067138317824	0.08948152910509224	-3.78291625336403	0.9602414457646876	0.08438350120311085	0.840997909800958	-0.06305795010347162	0.08399517599493321	-1.6188685259789806	0.4563943869720153	0.06945851260084891	-2.4058261280703124	0.691816955913761	0.07072992949938424	-5.421911084924343	1.3530085155367073	0.08416690398113141	1.389539165247185	-0.20265569565226765	0.09094863089867647	0.5258964143426295	0.47410358565737054	4.3664262625600765	0.10001427805498367
2000	4.356488058033125	0.791	-6.779270889150583	1.6450039037369697	0.0708020062112119	-1.4431889148426555	0.47092143331393077	0.07064263132845758	-0.5289777961902574	0.23285519063496843	0.08177709650901431	-2.2401286179616045	0.6349425937046064	0.08805480956370317	-3.411228372814738	0.8793530253498518	0.0767465342088674	5.339711593059585	-1.0915171667868746	0.079189891016425	2.0491765996396594	-0.36391092851265494	0.08235197333024465	3.1656966329212595	-0.5984653341850281	0.08217866946700968	-2.622380283865629	0.7129036666693659	0.08745674886177233	-2.988192922660782	0.799038957214991	0.08851948558925891	-2.4949654739531844	0.6702023349711603	0.08280709377330003	0.23797874742017985	0.07239470109261467	0.08084891143724401	0.5754712456606496	-0.017588360864558065	0.08566945329017767	1.8186419364041606	-0.3008717252282663	0.08586794629169779	-3.7755441254749935	0.9619209802344746	0.08065466374528854	0.8461116215423843	-0.06188891859759052	0.07851708562516817	-1.613914192183052	0.45752424770655326	0.06951009505287484	-2.400333401545852	0.6930676171272202	0.0699289758468315	-5.417083945454762	1.354104999532355	0.08487445896771115	1.395336729583424	-0.20132937632864586	0.08515746577431982	0.5069860279441117	0.4930139720558882	4.356488058033125	0.10001434509499632
3000	4.3603595278805685	0.759	-6.7810724019969735	1.6445929031372821	0.07044717507293671	-1.4398903998237111	0.4716782038711816	0.07035347181926287	-0.5219610971136693	0.23446371107273983	0.08137747188602515	-2.2465017125688553	0.6334823987042821	0.0860379969418812	-3.408257464696374	0.8800350158039789	0.07746430620101191	5.339890824128866	-1.0914774958283393	0.07718611904173742	2.0501798386676464	-0.36368138755438595	0.08171495341841613	3.1609302794718155	-0.5995588489213192	0.08156447694319452	-2.6303600959006315	0.7110754105280569	0.0855269294404995	-2.982193295965239	0.8004154988038807	0.08685129615862897	-2.4908699587574232	0.6711418272893032	0.0802078668269607	0.24390994941165328	0.07375445932797982	0.07671891533994994	0.5713034925892905	-0.018543720261902697	0.08573199461836549	1.8176837039367093	-0.30109179975196304	0.08623161375509697	-3.778988206135748	0.9611326734942637	0.07947858076612946	0.8484153688498112	-0.06136083535935001	0.07686129789133789	-1.607762773600915	0.4589346500159605	0.07186400071452577	-2.405837221111191	0.6918067482000718	0.07016189532241285	-5.415516055057212	1.3544658933174667	0.08352873318434567	1.3975733479717851	-0.20081687272555365	0.08383555547797718	0.501664447403462	0.49833555259653795	4.3603595278805685	0.10001415829496664
4000	4.360002405246612	0.79	-6.782380807845329	1.6442924269313988	0.06971485027187758	-1.440335798086464	0.4715759409784041	0.0713377901408452	-0.5218825898595122	0.2344816362980976	0.08317700602541324	-2.2534324005918984	0.6318932307739402	0.08549327927454602	-3.4148324724382735	0.8785274562283774	0.0744020174391031	5.338244191864566	-1.091854639900466	0.07656541335471283	2.04672171106662	-0.3644740018502831	0.0814342229028289	3.1599001287535193	-0.5997948325421442	0.08132169766032456	-2.62708987432687	0.7118248437479088	0.08399585675494257	-2.9822555593294187	0.8004009511812264	0.08496799673277654	-2.4895620333026	0.6714414338736169	0.08050221547803041	0.2453985540581849	0.07409570775200337	0.07769960275596415	0.5780575043196708	-0.01699540102944361	0.08528838798647531	1.8119840251662271	-0.3023984681791707	0.08576752400806942	-3.7756436962704436	0.9618990630036984	0.07825879333834755	0.8510583897598664	-0.06075483723662686	0.07700686946290797	-1.6049381909193825	0.4595819939439022	0.07309540325777919	-2.4072534328659296	0.6914818385258815	0.06968320946370454	-5.414435125576971	1.3547132600813496	0.08487700529687273	1.396288757822372	-0.20111132890429542	0.08263118269769303	0.49975024975024973	0.5002497502497503	4.360002405246611	0.1000140241145381
5000	4.359862156547488	0.774	-6.783687177228361	1.6439925972072935	0.0707615612661469	-1.437435574399073	0.47224082246733406	0.07043052593952326	-0.5200682957044744	0.2348975271044523	0.08331934246766642	-2.2559425949267427	0.6313175896557952	0.08576177823480595	-3.4145722131317284	0.8785869462258566	0.07459660447242693	5.335395425269513	-1.0925076216158975	0.07794143847708657	2.0475558920679413	-0.3642826865849119	0.08209695583826365	3.160618392550199	-0.599630049151174	0.08144170204418365	-2.6226362801656564	0.7128457429885923	0.08420712231482069	-2.984894354127138	0.799795781749112	0.0840849124363906	-2.49180765471449	0.6709264778918475	0.08035864388646487	0.2453706268913389	0.07408929286292683	0.07777916365127407	0.5827380496703233	-0.01592231389070372	0.0843228871463676	1.8111148037804863	-0.30259771850920597	0.08480366237574215	-3.774750203551622	0.9621037165351376	0.07892282670119467	0.8491548432275076	-0.06119128896005707	0.07720586141361604	-1.5989876551033733	0.46094608851906765	0.07424458963581017	-2.4110631537495935	0.6906082412612679	0.07179855121940745	-5.4151071788692065	1.3545589204606838	0.08357995987752072	1.3975056109482455	-0.20083228480041684	0.0836347472483099	0.5099920063948841	0.49000799360511593	4.359862156547488	0.10001350050515113
6000	4.3521249521085945	0.798	-6.7804918398229	1.6447236606436362	0.07108155627688907	-1.439247237955421	0.4718260686926766	0.07056920139417358	-0.5167128574737442	0.2356654518769873	0.08390145617255186	-2.256260595660446	0.6312446836452984	0.08529289770417145	-3.4130465470093814	0.8789359842939206	0.07475840794135337	5.338432887131539	-1.0918121868789	0.07733016843911039	2.043000846692066	-0.36532516101220025	0.08184401413490872	3.1627449344145453	-0.5991431879928889	0.08158820785625127	-2.6168395777649223	0.7141723582212158	0.08507079699961716	-2.989560825987033	0.7987275036857778	0.08430635225848884	-2.4946902700855014	0.6702666072980262	0.08026229151308384	0.25019318301585525	0.07519308836891773	0.07812312087095309	0.5857211233315348	-0.015239545228893385	0.08335148877203419	1.806277108133777	-0.30370497591151585	0.08322753980478026	-3.774809684800204	0.9620899306555042	0.07790373473876887	0.8469995661724069	-0.06168461169371147	0.0769942633484198	-1.599701329757711	0.46078267351413577	0.07411056245992363	-2.4164729414498907	0.689369886853349	0.07410336404597109	-5.414678103198863	1.3546568879578957	0.08338297945984337	1.3984731116662457	-0.2006107890915861	0.08311085528732191	0.5074950033311126	0.4925049966688874	4.3521249521085945	0.10001410305371863
7000	4.352401772294183	0.78	-6.777843776696322	1.645329970293188	0.07156558868725124	-1.440188045502634	0.4716105165340086	0.07081432363281329	-0.5145923676067409	0.23615107794982582	0.08329457407691758	-2.2594222475769494	0.6305204085320574	0.08542674025224377	-3.4139670076212596	0.8787250492407488	0.07435461821869084	5.340193526054897	-1.0914087756109419	0.07771885659943394	2.044278585355579	-0.3650324685911824	0.08284202735208127	3.162243304716188	-0.5992580155738305	0.08079499095106607	-2.613775740929072	0.714874009071851	0.08537130121419591	-2.9907822225172915	0.7984476277764769	0.0841918813082621	-2.4957879463314225	0.6700151180841669	0.080147021015163	0.2505243911143015	0.07526894253095026	0.07784201190515007	0.5880160503094438	-0.014713905991511492	0.08356811276576906	1.7997256236995145	-0.305205634842982	0.08235503437402479	-3.7752632998028774	0.9619859118440728	0.07753077230138788	0.8456049029070798	-0.0620040689372689	0.07712073565513569	-1.5971614186855931	0.4613643263422598	0.07549694340628905	-2.419862823758957	0.6885933653858765	0.0748520287236228	-5.415176260848253	1.354542625142034	0.08334023280808532	1.3975696709040148	-0.20081770914181696	0.08335058683224845	0.5075671045117076	0.4924328954882924	4.352401772294183	0.10001399063165407
8000	4.3558561236985325	0.808	-6.778947284481767	1.6450767398606583	0.07142963406952	-1.4414621345910896	0.47131827255858477	0.0706296228116958	-0.5157617204016955	0.2358829042833506	0.08298374672349221	-2.2616198020599576	0.6300163542996553	0.08563760837500609	-3.414577791622025	0.8785848858273584	0.07425802244689436	5.340360268317261	-1.0913704178917107	0.0776036528169861	2.0414253220177345	-0.3656867409263767	0.08208417950102627	3.1639032599105734	-0.5988772539368388	0.0803796750369541	-2.6102740343281163	0.7156769608891644	0.08529157774042659	-2.9919841486764853	0.7981718831113567	0.08394935424713774	-2.495751085372475	0.6700235005942076	0.0796833385448931	0.2508836765011504	0.07535133060706867	0.07815998482686301	0.5907143180560533	-0.014095112943892403	0.08419714503453936	1.7989276238034722	-0.3053886192135544	0.08203400616639611	-3.7752502978103837	0.961988791591133	0.07774605368923874	0.8437273529263221	-0.06243466811593429	0.07688324734448043	-1.5927446166000776	0.46237709096808516	0.07636494915866972	-2.4216207000300503	0.6881901692573555	0.07546834041928584	-5.413723495794001	1.3548756320561832	0.08347653598915128	1.3948736616372353	-0.2014360045497746	0.0834039248577455	0.5062468765617192	0.49375312343828087	4.3558561236985325	0.10001410584689409
9000	4.36487810344656	0.782	-6.778185195295283	1.6452670420424909	0.07212282039445939	-1.442417173993376	0.47108576196423213	0.0709730872782949	-0.5181717115375124	0.23532923216809898	0.08282703775092227	-2.257610788637132	0.6309382495631153	0.08530734775844163	-3.4176429567092415	0.8778712975408736	0.07478864758015175	5.339472269614655	-1.0915752942707755	0.07751778338815314	2.039024184713003	-0.36623887057780863	0.08162748546401538	3.1657541774305233	-0.5984522800090074	0.0801283849176589	-2.6083065866616106	0.7161297149896596	0.08466140378088176	-2.9943773481201124	0.7976224179719127	0.08359050209947792	-2.4966193998765283	0.6698244801407757	0.08013703031790696	0.2529425697514639	0.07582459158174093	0.07822885139464202	0.5908440552597417	-0.014065306809759835	0.08401276050009164	1.7980090344456103	-0.3055999911804506	0.08167879550366292	-3.775699605016841	0.961886321517128	0.07768541064757714	0.8452315597332046	-0.06208897811789353	0.07715676679266496	-1.589509788765408	0.4631614091998384	0.07642147345323942	-2.4231663456288866	0.6878206236419414	0.07636908687820983	-5.4135593255277135	1.3549144412596854	0.08365249291219118	1.3944378120606342	-0.20153633101158527	0.08324521553274315	0.5076632607729897	0.4923367392270102	4.364878103446561	0.10001391153849894
10000	4.3552380268330735	0.789	-6.777322397322268	1.64550721850621	0.07244401539641777	-1.4438024410836892	0.4707077677888229	0.07187954630490702	-0.5198868760044008	0.2349161931396803	0.08322466295968375	-2.2553721294460507	0.6314514216332346	0.08469663671459729	-3.41599745042166	0.8783035860369242	0.07497454303976678	5.340369270199213	-1.0913521883188404	0.07688641360909085	2.0378782262835697	-0.36651631907673904	0.08130886884209826	3.1657546864596395	-0.5984521066535121	0.07998065934889331	-2.6062581802616402	0.7166053781911483	0.08473359273178188	-2.997654810803156	0.7968709592607064	0.08403754536771811	-2.497415314039878	0.6696280947448141	0.07972593068728212	0.2530437495890648	0.0758495636816568	0.07847661927646232	0.5948432084633277	-0.013130076529914004	0.08409421052972717	1.7951845680806577	-0.3062475029019793	0.08120329236190331	-3.7769865935800535	0.9615626138295996	0.0773420049095547	0.8450902950903824	-0.06212397277816378	0.07734704790859774	-1.5883832867420473	0.46346709029316613	0.07691091124700693	-2.4233835288497714	0.6877627236335475	0.07633318127930576	-5.414528549581958	1.354684351331671	0.0836500624172702	1.3925420078594357	-0.20197094723593456	0.08334889488167745	0.5068972411035586	0.49310275889644145	4.3552380268330735	0.10001412084405671
0.6906363636363637
