DAG
attr0 has 2 parent(s): {output, GlobalHidden_0}
attr1 has 2 parent(s): {output, GlobalHidden_0}
attr2 has 2 parent(s): {output, GlobalHidden_0}
attr3 has 2 parent(s): {output, GlobalHidden_0}
attr4 has 2 parent(s): {output, GlobalHidden_0}
attr5 has 2 parent(s): {output, GlobalHidden_0}
attr6 has 2 parent(s): {output, GlobalHidden_0}
attr7 has 2 parent(s): {output, GlobalHidden_0}
attr8 has 2 parent(s): {output, GlobalHidden_0}
attr9 has 2 parent(s): {output, GlobalHidden_0}
output has 0 parent(s): {}
GlobalHidden_0 has 0 parent(s): {}

Sample	GlobalHidden_0	 Accuracy
1000	4.22815856088717	0.479	-5.922638146861192	1.5040761432295875	0.08302437098199299	-1.4484830759285763	0.4787738430090069	0.08127874968696133	-0.5164830664527409	0.22777889510558944	0.08288747827942455	-2.5080874055337867	0.7287174812206552	0.07937691861147449	-2.952535202986419	0.790593822258741	0.08034126042602212	5.659707782984352	-1.2000254944329372	0.07563442974692153	1.7771825983325493	-0.3189265764470075	0.07811683379514993	3.4845368610500826	-0.6881503762511082	0.07932589390940965	-2.3056986163629003	0.640884465397019	0.07752248595130537	-3.2855799296428594	0.9166973248128176	0.0810964309306361	-2.096175774875281	0.6082765332752618	0.08229514404090604	0.21402302858784433	0.06659381820402654	0.08167007239542123	0.521392935511113	-0.018895621998139576	0.07987933363070433	2.0205385632892656	-0.3538613035216694	0.08855736371542573	-3.2738587653314823	0.8812013391098041	0.08165847010247441	0.8502056221864748	-0.07659381484258553	0.08755006643357267	-1.2666328771630095	0.3994564181734813	0.08118590214442788	-2.5202960223107858	0.7290733747377127	0.08662591990636362	-4.865418992058677	1.251522696128106	0.08389573895661048	1.5894947804821855	-0.24599822081252884	0.08096344974808796	0.47908366533864544	0.5209163346613546	4.228158560887171	0.10001547847332617
2000	4.232517074019093	0.775	-5.919662541088591	1.5047930911580767	0.07952101483029898	-1.451178062119546	0.47813899675993926	0.08081730991709436	-0.5206697902665289	0.2267895499652607	0.07914896487329072	-2.5136188261297967	0.7274127066139892	0.07948568593371243	-2.9494804370167294	0.7913237272557395	0.07613861322720777	5.666348334089133	-1.1984610642522489	0.07679970012597424	1.7667474739736246	-0.32139972395452315	0.07609386226127925	3.4839940602705313	-0.6882836590005855	0.07745048916894885	-2.3159175979138507	0.6384705653680632	0.07282500388159284	-3.287123966146792	0.9163386639580178	0.07560792797333543	-2.0900899513961453	0.6097222197115636	0.08082995330454538	0.2199482228731008	0.06799709353523331	0.0824841431645024	0.5244142119953616	-0.01818045005187495	0.08069291607520439	2.0274620495308313	-0.35222453358770955	0.08670662860341746	-3.2797414191162977	0.8798150943356733	0.08318362692156162	0.8582903478701919	-0.07468021150018861	0.08481821690887165	-1.2628426981330607	0.40035675706326984	0.08245091116504213	-2.522260573006423	0.7286135039555801	0.08274694541742961	-4.847591052968914	1.2557526321752976	0.08712703988620794	1.594600388087193	-0.24479106494839217	0.08086976613288945	0.48902195608782434	0.5109780439121756	4.232517074019093	0.10001511372865793
3000	4.231671798291492	0.791	-5.918999915015	1.5049458658562402	0.0801837307652128	-1.458826625123403	0.4763293702251649	0.08089862445098696	-0.5183075376420333	0.2273474954190899	0.08023845096026673	-2.515369933542355	0.7269971039088609	0.07941978814635732	-2.945952504091507	0.7921557587683504	0.07609125489482307	5.66416459720203	-1.1989749197657247	0.0759683572248411	1.7728978466237324	-0.31994469382256296	0.07548135718038072	3.488002517448701	-0.6873343412053258	0.07748468080415029	-2.3176849038148104	0.6380510078565307	0.07255669772223491	-3.28309417641651	0.9172895190223113	0.07610765359568092	-2.0847964596145334	0.6109722929820562	0.08172158610564531	0.22418094285024198	0.0689978381963667	0.080073693515476	0.5266992288839234	-0.017640114932992005	0.08183763501170004	2.029469397150713	-0.351749075022895	0.08341178425390483	-3.2764508732814392	0.8805910144641779	0.0847740175357875	0.8627778310047465	-0.07361893253447	0.08253940699297466	-1.2601797636015606	0.4009853927981139	0.08212221376386188	-2.5179244381253945	0.7296371482530088	0.08017900947956731	-4.854080676972007	1.2542148994650748	0.08416836963717998	1.5972996819631065	-0.24415223078756843	0.07718272573939348	0.49900133155792276	0.5009986684420772	4.231671798291491	0.10001493249514794
4000	4.225583019347342	0.803	-5.914810468214044	1.5059327187007598	0.07904667185754614	-1.459302717944201	0.4762161897920035	0.08131694136910275	-0.5112446558727337	0.22901452890655788	0.082127511619315	-2.5203561634236835	0.7258187709648029	0.08094531817844786	-2.9486400183149466	0.7915201783812363	0.07533267471262095	5.6661946082159345	-1.1984936620427062	0.07567278907707152	1.7755021948335967	-0.3193294425069793	0.07651248200235573	3.484094548435676	-0.6882558332761887	0.0793516433924042	-2.3150806890504505	0.6386648825472924	0.07331809970727883	-3.2818270086054424	0.917587087779792	0.07576240029004498	-2.0838273055263548	0.6112002619443134	0.08272493697120938	0.22005852687626518	0.0680244883714936	0.08184962469734572	0.5282123767782705	-0.017282874077366533	0.0819330512328788	2.0276064326111625	-0.3521882716523005	0.08350200743633164	-3.2800794936197573	0.879733135407542	0.08188714866208008	0.8678823394558441	-0.0724137259582739	0.08172008397295934	-1.2626396761228114	0.4004040936855312	0.08007354015948373	-2.5161656729357142	0.73005106618309	0.08003096901835022	-4.855026686380518	1.2539898013760569	0.08389431435819153	1.5975552881429018	-0.24409146601443896	0.07780861105492085	0.49225774225774227	0.5077422577422578	4.225583019347342	0.10001512177735208
5000	4.226148652591011	0.779	-5.914450047951924	1.5060183848488922	0.07962852656667874	-1.4620506342108697	0.47556711910196897	0.08138676714808084	-0.5082723063552604	0.22971677001941207	0.08208981423885708	-2.527163244257176	0.7242107745201354	0.08066604457170248	-2.949692878809298	0.7912717442542702	0.07452087442412517	5.666278894126222	-1.1984741223803401	0.07487315946850563	1.7707745493783815	-0.32044638683075855	0.07504953265587984	3.4835086398937256	-0.6883944550035868	0.07980420529128289	-2.313814732963385	0.6389641620444259	0.07358745870807423	-3.2798186052976805	0.9180618801389185	0.07450822953897691	-2.0799538896985372	0.6121155033447873	0.08206254775377947	0.21929092292835797	0.0678431568169426	0.08232617918368802	0.5257529489826479	-0.01786388775081519	0.08308155248380177	2.0290283294743845	-0.3518524477888028	0.08375392479598853	-3.2803108399844825	0.8796787936475813	0.0813280215466228	0.8680839127393803	-0.07236612721403846	0.07992878365707426	-1.262317054331626	0.40048045496677015	0.07910331651267927	-2.5178472999503487	0.729653999931573	0.08067526770954452	-4.854381868759256	1.254142569598948	0.08379442515237061	1.5952971130390083	-0.24462505394623862	0.07815208527446711	0.49480415667466027	0.5051958433253397	4.226148652591011	0.10001489710739478
6000	4.224507848810389	0.802	-5.910002198412278	1.5070688260995209	0.07898954655952799	-1.4689427287450278	0.4739388535028953	0.08282770326303354	-0.5041770476841931	0.2306841280831484	0.08302257708831588	-2.529057798113455	0.7237630875433563	0.08166344541949096	-2.9494202139579286	0.7913360149703713	0.07530653939657438	5.668572590368496	-1.1979320454508118	0.07417190843680191	1.77167583137357	-0.32023342335832605	0.07662108670277433	3.4854050724984718	-0.6879463295717222	0.0779121164122945	-2.311984876763598	0.6393963073499535	0.07289686628171925	-3.275967456948418	0.9189715136510418	0.07334239339580068	-2.079920578445884	0.6121232658949161	0.0825004047925544	0.21734106755871338	0.0673825123606575	0.08190378879319418	0.5258828520682759	-0.017833198090936298	0.08201618421109312	2.0294307204343545	-0.3517573239458724	0.08294900414866678	-3.280309035714267	0.8796790634361434	0.0813970013516919	0.8677003194941632	-0.0724567363751208	0.0802799928725436	-1.261597030427474	0.40065047578777485	0.07842570255063283	-2.5152261933327145	0.7302730898230156	0.08106159100524643	-4.8592232312093095	1.252998662708936	0.08357046963096831	1.5929618506598726	-0.2451766995132173	0.07821834536084005	0.495836109260493	0.504163890739507	4.224507848810388	0.10001485704368776
7000	4.2263407229138465	0.804	-5.906539293415031	1.5078880578374434	0.07910307109546148	-1.4720073622480985	0.4732144648116915	0.08216392147995527	-0.4985213673079017	0.2320212418476896	0.08250637683566359	-2.5351158902811792	0.7223310703480045	0.08203086551479111	-2.9495010791907728	0.7913171994790948	0.07445844714249067	5.668712073441222	-1.1978994557005846	0.07392347879666714	1.7705180911856948	-0.320507241532675	0.07583040533891823	3.487065729509609	-0.6875539425465221	0.07734173157484839	-2.3119837984329226	0.6393967984587541	0.07308434804867976	-3.273280887940001	0.9196069901225175	0.07272372378823	-2.0804521954219943	0.611997808388983	0.08212539470574266	0.21917174897563757	0.06781533953537208	0.08128012680819563	0.5262605814583147	-0.017743906148822916	0.0815830892081596	2.029736132405825	-0.3516852329646279	0.08244274122129275	-3.2822517203754926	0.8792201125886587	0.0812764511750695	0.8671851473422384	-0.0725785601911333	0.07987143850524925	-1.2610663151036376	0.4007760990562196	0.07854012409788706	-2.5168143006936425	0.7298978559746834	0.08129124322244317	-4.8584565674397195	1.2531803833928052	0.0830519867978827	1.5927016175089752	-0.24523830063756116	0.07841066858892017	0.4984294688749286	0.5015705311250714	4.226340722913847	0.1000147431040709
8000	4.216491491072586	0.787	-5.902268680756732	1.508895280108794	0.07978757336542623	-1.4759636798526456	0.47228113668820415	0.08196707646892251	-0.49624444647150456	0.232558308324859	0.08290553347753321	-2.5369779093064815	0.7218917508365835	0.08199021403193313	-2.9481797972503925	0.7916287830460479	0.07441093198752974	5.669163606143054	-1.197792798530818	0.07398272166044753	1.7732174804534133	-0.31987044282748267	0.0756610213249138	3.4854363192539477	-0.6879382312414563	0.07753308183673388	-2.311093516811102	0.6396067289169565	0.07297715494308664	-3.2751539711211333	0.9191650192864524	0.07269150847745919	-2.083051555384804	0.6113845742203373	0.08265981436243974	0.2224256766626629	0.0685829194353685	0.08124518101365359	0.5273396110138275	-0.01748937249197013	0.0818295889155979	2.030952506230117	-0.35139824820963594	0.08258985006937253	-3.2829813748906984	0.8790478840087333	0.08200936852568402	0.8661750462417221	-0.07281683705832329	0.08036914420557692	-1.26126871498701	0.40072830451757135	0.07932882851340127	-2.5152143903015567	0.7302751866229145	0.08034800743157895	-4.859518022489042	1.2529298372397897	0.08260181842253936	1.5949195477639622	-0.24471506572947851	0.07818997414591743	0.4998750624687656	0.5001249375312344	4.216491491072586	0.10001478729945959
9000	4.2322824686257965	0.787	-5.900565483489102	1.5092986815462108	0.08057060134038195	-1.4796746126451077	0.4714018499937782	0.0822481821027822	-0.49496131530453324	0.23286229764970193	0.0824617098410054	-2.5409739402435	0.720944903855946	0.08284739186993036	-2.9490057389751803	0.7914330026504783	0.07485941070599222	5.66891567464609	-1.1978514235351925	0.0737889807142448	1.772191941079471	-0.3201133986853424	0.07588890013151117	3.4871275993783284	-0.6875374398577943	0.07753064664174564	-2.3098503478713757	0.639901216806096	0.07309212884059917	-3.275694423466239	0.9190368686765028	0.07220159266491166	-2.0825540233684525	0.6115023951570534	0.08258788845873771	0.2210520475366331	0.06825745183860076	0.08169752216238475	0.5279466504943889	-0.017345542060269573	0.08178563997237524	2.030355064878808	-0.3515397716449056	0.08250699260436702	-3.2809024305939114	0.8795403812241775	0.08190755221931229	0.8650789417368685	-0.07307654477846287	0.08054083039788662	-1.2612498192149741	0.4007327409578111	0.0792333774375996	-2.516413999174122	0.7299908795655529	0.08055091900813932	-4.858152301673224	1.2532533062573996	0.08258767843699963	1.5957260528251784	-0.2445239499340663	0.0779671909337845	0.5005553087516659	0.49944469124833407	4.2322824686257965	0.10001483892836519
10000	4.219592125951203	0.81	-5.899130826152836	1.5096396233278861	0.08099690353119564	-1.4812441139047967	0.4710311706064459	0.0826488731161779	-0.49485586793060926	0.23288717628839406	0.08215315548371883	-2.541825307875588	0.7207437930428119	0.08300588128684733	-2.948368800985155	0.7915929651915392	0.0748329269596985	5.668906714789746	-1.1978535765528853	0.07340758971998068	1.7745637757933257	-0.3195209883232731	0.0767614255884277	3.487313482441162	-0.6874922926443437	0.0780372445786734	-2.3112597018693846	0.6395365906494264	0.07282609553785686	-3.275805954862135	0.9190085170206682	0.07163013852775708	-2.082595781913853	0.6114924751072245	0.08273582599850685	0.22084243244633114	0.06820794478858586	0.08186066489147971	0.5269456698049796	-0.017581922696425886	0.08070038373093887	2.0302606740360365	-0.35156203169773387	0.0825841298449282	-3.2807411681606102	0.8795783783212148	0.08138289928795996	0.8671229175206793	-0.07259383517661833	0.08069946597922832	-1.2633968842233134	0.4002226440485085	0.07950307208438004	-2.516246348178489	0.7300304070722821	0.08033163122875045	-4.85678544586841	1.2535759747563697	0.08249403194358494	1.596032125304067	-0.24445010161581518	0.07785419633271816	0.5032986805277889	0.49670131947221113	4.219592125951202	0.10001471616484493
0.6924545454545455
