DAG
attr0 has 1 parent(s): {output}
attr1 has 1 parent(s): {output}
attr2 has 1 parent(s): {output}
attr3 has 1 parent(s): {output}
attr4 has 1 parent(s): {output}
attr5 has 1 parent(s): {output}
attr6 has 1 parent(s): {output}
attr7 has 1 parent(s): {output}
attr8 has 1 parent(s): {output}
attr9 has 1 parent(s): {output}
output has 0 parent(s): {}
GlobalHidden_0 has 0 parent(s): {}

Sample	GlobalHidden_0	 Accuracy
100	2.4659131695413303	0.55	0.4205181071343594	0.10265457510117813	0.5484186661438747	0.14416544951242216	0.42059451084698624	0.11170593577441003	0.5563248471239812	0.12748465179561383	0.46306993791814993	0.10196389494429074	0.565992194285774	0.11003200709993255	0.49041466208236095	0.10803018255038958	0.5304106162709318	0.12417411301291906	0.43833513315279315	0.11233340171079176	0.5285592622096648	0.13461158596981543	0.4488365660080246	0.13274067683155594	0.6385119976233978	0.1189642594498567	0.3473521555429817	0.10243335061612464	0.5541311474451406	0.11644060303442873	0.41081919236542863	0.11487394157445312	0.4990257293305578	0.12289582785072158	0.5008389028734692	0.11241407493738337	0.5547268280590475	0.11433868732250604	0.42869195445662583	0.10213745424989995	0.5300824167028816	0.10749696004777919	0.5480769230769231	0.4519230769230769	2.4659131695413303	3.0938859608204337
200	2.4659131695413303	0.78	0.45196878576308885	0.09384255323808752	0.5295028596315289	0.10522069496421414	0.4115166093045218	0.09798001425794968	0.5494124493555074	0.11143622421706474	0.43804667871234054	0.08675768543875134	0.5895782211150817	0.08924264113216637	0.48361554186007777	0.09897923535504896	0.5518774267358326	0.1056912352189694	0.4272900499624354	0.09791745662911838	0.5410127679235273	0.11447893097735834	0.4408193082246123	0.10742727410379954	0.6067951089771024	0.08671048306353005	0.379611183198823	0.09075900318279854	0.5670772942356931	0.0935483989344444	0.40663663186734533	0.10357292258891172	0.5077122669119579	0.10260100391282559	0.4981604018296143	0.09873770703842434	0.5284523238236463	0.09851999743191596	0.4444538456486999	0.09757206447852793	0.5330885147222312	0.09378617624968373	0.49019607843137253	0.5098039215686274	2.4659131695413303	3.0938859608204337
300	2.4659131695413303	0.88	0.4441552125574507	0.08637614650181694	0.5331423694595671	0.09500901407793379	0.42798794683535807	0.08890635555982261	0.5497859899091284	0.09815980599260656	0.4036143622989858	0.0812122800505279	0.5866706009368973	0.08375420718219886	0.47378282581648484	0.09514465391529568	0.5418473238970605	0.09384277013888521	0.40184931166014265	0.08922436015667866	0.5437265483328165	0.09795562079019383	0.43147027272117583	0.1031005207426925	0.5982706274834254	0.08835895564106122	0.4015075909434785	0.08268694216404779	0.5765970983211763	0.08933734564515071	0.4520720907047892	0.10081956529808667	0.5331367912330742	0.09210371762498921	0.5011535815562019	0.09604597406705873	0.5340618092619959	0.0921952761346578	0.4181217711181611	0.08810429084235995	0.5135694000158775	0.08811973900602563	0.4868421052631579	0.5131578947368421	2.4659131695413303	3.0938859608204337
400	2.4659131695413303	0.86	0.4529723429038526	0.09114301920934274	0.5381653621902183	0.09173613992391104	0.4243555115860372	0.08529317877387879	0.560642189807349	0.09088288674043986	0.38826199107961024	0.07646112337344961	0.5841982931468437	0.08469599859261473	0.4660186754063356	0.08677452211736042	0.5508916620794567	0.09412605518193908	0.4093311967906063	0.08710414914729996	0.5565817395691491	0.0881716054279989	0.42916235432066563	0.09546183938103532	0.6054980708520951	0.08421797630923343	0.41410362477610935	0.0789671538722775	0.5699364491264692	0.08231926335456541	0.4554928199301377	0.09728790960334935	0.5415499560324518	0.09274671668996452	0.47946564317008494	0.0946260315534447	0.5322855227095035	0.09400814499162795	0.4457413735281565	0.0912564611191576	0.5097534958249993	0.08952968117193032	0.48267326732673266	0.5173267326732673	2.4659131695413303	3.0938859608204337
500	2.4659131695413303	0.93	0.4520986842421268	0.08851117026873685	0.539333182962603	0.0842247666047885	0.41742058907291085	0.08483998515778736	0.5764618808637391	0.08484471852763067	0.38679709302073695	0.07049044131184588	0.6032068177057024	0.08054626519872456	0.4670462255633427	0.08435502524416817	0.5613165969105013	0.09045460358442627	0.41302677398798954	0.08659048666222545	0.5507591153877345	0.08645387356770119	0.42203522749721883	0.09081020818989194	0.5884272408095446	0.0862091991605265	0.4179080666374625	0.07936737617311364	0.5814405581604946	0.077418777071709	0.44566683985030375	0.09610350818697828	0.5373410592684071	0.09032949444588957	0.4780406112461217	0.09138344550718797	0.5221179356638427	0.09107304492567979	0.441942372842761	0.08929026158754101	0.5077441716258354	0.0888628622648062	0.4642857142857143	0.5357142857142857	2.4659131695413303	3.0938859608204337
600	2.4659131695413303	0.86	0.44846235979214777	0.08662423372182479	0.5545630777053097	0.08406323887636347	0.41344118282052256	0.0813547654654234	0.5740557866059831	0.08463858636979008	0.3930919201407121	0.07094511306122203	0.594275821520791	0.08290795872972272	0.45696940876946857	0.08346883465471679	0.5613426749621108	0.08701676251537704	0.42003202527496997	0.0885077807703276	0.5583937317096225	0.08646928282342188	0.42463742100140967	0.08767900968245357	0.5826504137399058	0.08405483698725742	0.42123450637747945	0.07745592367810555	0.5930169488048662	0.07772630521191837	0.4394187013113	0.09114606374381899	0.5290245824249251	0.08648914039714839	0.48793510210736935	0.08907441387923926	0.5263069296333154	0.08996930113159171	0.46787525479424424	0.0898796548250145	0.5020305367876663	0.09053386550311474	0.46688741721854304	0.5331125827814569	2.4659131695413303	3.0938859608204337
700	2.4659131695413303	0.9	0.44991955002241635	0.08441611228335043	0.5606891476287797	0.08382630480599704	0.42112601319983284	0.08026746876231748	0.5718272499961101	0.08485751872011615	0.39337447167869877	0.07147468055350002	0.5855569357807006	0.08342280942769938	0.4499615902395899	0.08143298943977131	0.5616611848229242	0.08741583950516194	0.41732665940677366	0.08625360851873114	0.558186602200242	0.08514992461587043	0.4232717820158027	0.08897496894609637	0.5815978985402293	0.08300641264325037	0.4190293957259714	0.07671508087940553	0.5993305939884679	0.07471666108856459	0.444860721230646	0.09186310012873317	0.5364602019779179	0.08470983321293814	0.4848880237135509	0.08713549112690913	0.5225138871097392	0.08968643147402876	0.4683664918979886	0.08831134928708406	0.4985633289754292	0.09056306357123318	0.46875	0.53125	2.4659131695413303	3.0938859608204337
800	2.4659131695413303	0.9	0.4368186727693977	0.0831233294216224	0.5566060410387886	0.08481595566969898	0.4271915448632465	0.08239969677961867	0.5698468247295844	0.08434441936386514	0.3970915057510623	0.07193238216319017	0.5878485473986758	0.08154759159232255	0.44869307775615747	0.07969547599351569	0.5600064266372815	0.08697555896967485	0.41302602089846224	0.0845980094424252	0.5569622836573811	0.08276789114175967	0.4252413341210197	0.08892406233757988	0.5763583680929266	0.08521103555611845	0.41483897955556387	0.07663501868604497	0.6003632589295816	0.07485347301387278	0.44579102625656647	0.0899127556607331	0.5372414583966935	0.0835990786502451	0.4878536641534298	0.08882914234971617	0.5185845501777199	0.08804858857026589	0.47177798470015003	0.08524398813934973	0.503104842124594	0.08890588938484952	0.47388059701492535	0.5261194029850746	2.4659131695413303	3.0938859608204337
900	2.4659131695413303	0.89	0.43657076161488495	0.08316999189516532	0.5529586134786937	0.0881247742559944	0.4259522135405639	0.08343545820823431	0.5692451492365939	0.08331111689170517	0.4030786124342513	0.07186742442330636	0.5875927358462238	0.07984754715955585	0.44411284684562513	0.07932492805725301	0.5707974027882194	0.08438944113686772	0.40817357073592186	0.08244174019587025	0.5579426049732554	0.08261520546279322	0.42170260645052293	0.08736113162324474	0.5749845235046538	0.08374441814793934	0.415184328059491	0.07635072866057391	0.5986621488433782	0.0767272503752416	0.46137917489924024	0.08840416220809832	0.5353053519527224	0.08486022384753532	0.48896289520507796	0.09023241078439308	0.5122527297592623	0.08690780341475116	0.4700947859177289	0.08547952251167412	0.4993332406323139	0.08939472962791939	0.4723451327433628	0.5276548672566371	2.4659131695413303	3.0938859608204337
1000	2.4659131695413303	0.87	0.4377915520716703	0.08317208930766194	0.5525176106671943	0.08682517829893135	0.4236083091716388	0.08284823094591215	0.5714676108466249	0.08191144328466493	0.4050094152635707	0.07275989851414134	0.582159147621729	0.07900470830004963	0.4512751653185638	0.0804242657203535	0.5642819788033628	0.08573878929177399	0.4090895457969953	0.081376395845272	0.5529676008057334	0.08371655289600632	0.41711672213506173	0.08528460656138896	0.5745966570870363	0.08211574835861772	0.4148951772091363	0.07652421300261637	0.6036834496985882	0.07517690641036386	0.45846257997035816	0.08773245175339907	0.5347465913590598	0.08395506869675545	0.48628660332889645	0.0886979185414099	0.511858805227304	0.08569080533778053	0.473345582889414	0.08537349937868413	0.4971035572288058	0.08810397600329317	0.4770916334661355	0.5229083665338645	2.4659131695413303	3.0938859608204337
1100	2.4659131695413303	0.91	0.4343838128734007	0.08471608830711826	0.5558694162526028	0.08452307609210898	0.4238923445168922	0.0849858826687615	0.5749224222798736	0.08267441778414565	0.40268276270655756	0.07157992440686865	0.5850102076041764	0.07840142019275856	0.4500179296766634	0.0818482360145367	0.5601187853456127	0.08306833630942242	0.40884038101759246	0.08156977761591803	0.555434068247568	0.08312220939395012	0.4216457352057588	0.0862628497677603	0.5754639766149674	0.08194289207833566	0.41557557213578056	0.07568334547742786	0.6012293874537781	0.07516532568390126	0.4601256415860086	0.08722617649495618	0.5351788512147286	0.08331387705042004	0.48486713937824527	0.08953800533093297	0.5188436224970245	0.08685691228029918	0.4789053381792574	0.08493331314055404	0.5012815457038253	0.08684379451717152	0.4846014492753623	0.5153985507246377	2.4659131695413303	3.0938859608204337
1200	2.4659131695413303	0.88	0.4337535943713274	0.0847264730265772	0.5552775664065883	0.08405100013638109	0.4278699452166767	0.0837678582192259	0.5788878278568237	0.08221058757850332	0.39670590656860144	0.07177097149072058	0.5873637764494206	0.07839729020554141	0.4490699352199442	0.0814193974433186	0.5572431040934694	0.08181994282013504	0.4122591448327269	0.0822326973490784	0.5590803752609573	0.0832679725527514	0.41971325829504474	0.08515148616950191	0.5750428956429972	0.08202879258883237	0.41599562601026235	0.07853997295508015	0.5944942621228739	0.07630975030275218	0.45904469845302337	0.08707379536095619	0.5346411745369987	0.08369640211583476	0.4800212150402767	0.0887979087027812	0.519917031144133	0.08823796061998482	0.47997479219841904	0.08486658106122594	0.4999323900114989	0.08587507709337851	0.4883720930232558	0.5116279069767442	2.4659131695413303	3.0938859608204337
1300	2.4659131695413303	0.88	0.4347946900072863	0.08546981492776277	0.5569605675957562	0.0833608939292069	0.4293690048658509	0.08376163929320353	0.5799843389276016	0.08184473529167599	0.39238567554982634	0.07091065519686086	0.5864235193497733	0.07902803782257908	0.4466632007172118	0.08177201922325318	0.5589992139891131	0.08113315125325277	0.4096447573748692	0.08037521617827956	0.5612165586078336	0.08178500281773578	0.4243464529246105	0.08526262033175235	0.5647400040689675	0.08314974623524543	0.41419470108763345	0.07702608954752029	0.5913939733300572	0.07560181908854449	0.4619122907684108	0.08556630351697177	0.5388332997319265	0.08394282434914244	0.48565443979392464	0.08856366740470699	0.5214606802543725	0.08780041500535427	0.47605953054976297	0.08375386030026119	0.49842022616959497	0.08590689682707268	0.4838957055214724	0.5161042944785276	2.4659131695413303	3.0938859608204337
1400	2.4659131695413303	0.95	0.43172473579026543	0.08403084941540429	0.5619428246894398	0.0824142210214399	0.42136542233658936	0.08217032787011201	0.5798846697583901	0.08294738732727044	0.3925691259680742	0.07185971260470082	0.5899433346982271	0.07824045729206104	0.45332606697915057	0.08356391850987131	0.5627532592854337	0.08032795675032423	0.40968374925883494	0.07995070450345208	0.5565159171962294	0.08255925260705858	0.4236583228011467	0.08409919158329268	0.5693190443902895	0.0835040926516475	0.4132860202739983	0.07706764453327429	0.5928614758326548	0.07476359738349056	0.46330514613125234	0.08543337583407658	0.5383098435747198	0.08291260753533641	0.4857480151689441	0.08739152314555251	0.5220101309921178	0.08667892038207929	0.4827710048713982	0.08348890375359985	0.4960503621969364	0.08586360288145274	0.48717948717948717	0.5128205128205128	2.4659131695413303	3.0938859608204337
1500	2.4659131695413303	0.88	0.4334143340551508	0.08391794071511545	0.5608765574862717	0.08287955202853681	0.4233368489332682	0.07987006992211086	0.5804813396379278	0.08176737101875808	0.39572259507535834	0.07183845175301586	0.590827324656815	0.0770290463392849	0.45352660384673527	0.08356033500465367	0.5608904070752014	0.08020897150316447	0.4084418254721613	0.08060092117622783	0.5553597660541743	0.08215985541388955	0.4226254794454284	0.08446606552224255	0.5679354412915933	0.08337269221810316	0.41661337259609615	0.0773189483516143	0.5917249258402578	0.07491262226724094	0.4570566527049321	0.08432661323504563	0.54055863498682	0.08256715741844799	0.4834716503658012	0.08712659535288918	0.5253677370856311	0.08501319883907409	0.4832179313364988	0.0848800483164943	0.494038999964292	0.08527855945201575	0.4886968085106383	0.5113031914893617	2.4659131695413303	3.0938859608204337
1600	2.4659131695413303	0.88	0.43520177687772893	0.08391664911091105	0.5636789936274221	0.08298857930113954	0.4237451636959597	0.08053951957289864	0.5789997919092439	0.08110050938350104	0.40177242863772317	0.0722459161336464	0.5875811841756557	0.07674160495403037	0.4516426155470022	0.08324742992471829	0.5586436295156623	0.0793939137537686	0.4123288666142013	0.08052124713457126	0.5564111046963611	0.08197407326094193	0.42160020551650884	0.08419188881919583	0.5691447708429868	0.08261413124124198	0.41321731463790123	0.07849268489517403	0.591440872012196	0.07447982140109867	0.45612893679276467	0.08444234624134546	0.5394386744698736	0.0825302544735185	0.48310085995212443	0.08691077894665722	0.5267124910594909	0.08518568948161961	0.48123096418954425	0.08515157631293473	0.49464836638568216	0.08538487219491231	0.48815461346633415	0.5118453865336658	2.4659131695413303	3.0938859608204337
1700	2.4659131695413303	0.87	0.43292411239929407	0.08221613950360589	0.5640634564631017	0.08291866639022974	0.4259118077300234	0.08123124347847048	0.5815546445226488	0.08119176556184361	0.40335375674537377	0.07255976806553893	0.5830243979834026	0.07755076994647732	0.4509013645392294	0.08271031498621015	0.5597580171842433	0.07952271635765139	0.4157286698691655	0.079457642808138	0.5591322017762753	0.08177934592452706	0.42064471272389076	0.08322360062433229	0.569193335243101	0.08170330456029862	0.41254935822496935	0.0783742245173511	0.5879857984794669	0.07440852429186132	0.45690532121699945	0.08376742710748727	0.5414774544648517	0.0828279223988357	0.48461235216532833	0.0859308523619219	0.5259102427355588	0.08458882918703993	0.47632972392644257	0.08555318511606498	0.49739843133764033	0.0849750369928109	0.48826291079812206	0.5117370892018779	2.4659131695413303	3.0938859608204337
1800	2.4659131695413303	0.98	0.4325320796698146	0.08195822428068157	0.5607895245450681	0.08252351830295214	0.42463403470068967	0.08039263973913725	0.5822868703705202	0.08052524277665637	0.40218246359702764	0.07258669685358558	0.5799068801175912	0.07824984721111854	0.4473517837195071	0.082521954822682	0.5582967173576655	0.07989495858627718	0.4159773981808427	0.07888791883156744	0.5595168652691533	0.08132902229706271	0.4243265883750275	0.08307277273399287	0.567509528030185	0.08189759194288641	0.41016885834147837	0.07844866417307705	0.5897121710348167	0.07380506334137282	0.4537623695767919	0.083629413928578	0.5427502330571471	0.08264344171281456	0.4827168544475982	0.08577058366403233	0.5259655092301934	0.08406395079147214	0.4785842197014451	0.08513438858885164	0.4980324341214442	0.08388074015823437	0.49002217294900224	0.5099778270509978	2.4659131695413303	3.0938859608204337
1900	2.4659131695413303	0.93	0.43356249187335283	0.08114117957719114	0.5601340506991894	0.08166396668178301	0.42361583186019103	0.07952574663815545	0.5840082319967679	0.08142534784284922	0.40158016630169413	0.07268782457135195	0.5795145152326954	0.07900236282399371	0.4498237534195483	0.08298671428906626	0.5564400104619576	0.08001605969047158	0.4161966295487702	0.07850763265096389	0.5587360246558901	0.08188248056081457	0.4207823299250476	0.08275339181079831	0.5655943127147431	0.08164601419397755	0.4127518247610955	0.08002491579742896	0.5910031041573243	0.07308257465121089	0.45224216491017094	0.0823422896470723	0.545561003173101	0.08264149200873591	0.4823105879263139	0.0846055732724163	0.5237630153305519	0.08456248700248481	0.4849151020245543	0.08552269565751762	0.4977671218361738	0.08326698051887399	0.49107142857142855	0.5089285714285714	2.4659131695413303	3.0938859608204337
2000	2.4659131695413303	0.91	0.4339407267534239	0.08134687992408386	0.560980636068179	0.0819643968232487	0.4231538369669916	0.07935449424460875	0.5839790156208529	0.08105620389661546	0.40197810742716067	0.07255282709265577	0.5829015346254829	0.07943353264737912	0.4472681682611553	0.08258862621764286	0.5577748145802196	0.08049823864152379	0.42044980893219025	0.07879995483406688	0.5601526195584621	0.08177648603759982	0.42201503864122697	0.0820146346383664	0.5649852179994259	0.08163663594988138	0.41200797292097485	0.07921989007422106	0.5911334184264481	0.07284716143014602	0.4492408380715565	0.08109180340052854	0.543024390309856	0.08160849137580678	0.4835222638174388	0.08500204186020854	0.5249714815056563	0.08488265975296068	0.4859817427125952	0.08564365425594742	0.49731152100710385	0.0837049090667756	0.4930139720558882	0.5069860279441117	2.4659131695413303	3.0938859608204337
2100	2.4659131695413303	0.93	0.43340851717444845	0.08066993918256656	0.5597049845865144	0.0819548846209649	0.4216700955359424	0.07904844994148526	0.5822335048282027	0.07992801949187371	0.40254940142267137	0.07247612553644692	0.5839603929778022	0.07820997251137767	0.4466275179194341	0.08144849559306273	0.5581498596300075	0.0798954386731178	0.42006079642893257	0.07981954130530423	0.5589137117543928	0.0820490691066675	0.4192373201731835	0.08226958175123374	0.5683999414006864	0.08046996700383972	0.41596776740053804	0.07879826513901456	0.5905392145926119	0.07317086814248563	0.4461158616102543	0.08149083196443783	0.5443185930806662	0.08042936277830617	0.48358390736523693	0.08387908629179706	0.5260992191197698	0.08522826239125814	0.48483878508951894	0.08568145936426945	0.4979552913841585	0.08338229612141941	0.4938212927756654	0.5061787072243346	2.4659131695413303	3.0938859608204337
2200	2.4659131695413303	0.91	0.43171703435192504	0.07956574350290417	0.5594842016648206	0.08209134917674217	0.42297679673014504	0.07931207924200254	0.5833433970724522	0.0794795824607572	0.40741517058450644	0.07275753345376275	0.5815216229797923	0.07822984247530017	0.44733726829734066	0.08164424893295964	0.5586316425322069	0.08047149963287796	0.4209871064875839	0.07979004053048103	0.5607092047065971	0.08190243790760937	0.4182245786300749	0.08197248863621232	0.5672713701889791	0.08023757194681438	0.41579158366875024	0.07875770648807562	0.5929884326445196	0.07354174618554174	0.44543006788926803	0.0811611821786708	0.5452045450196831	0.08071344681499186	0.4840553448645373	0.0841338252357949	0.5255628616592256	0.08528118281150773	0.48475544471521337	0.08612368768170005	0.497962412514767	0.08334995853462063	0.49773139745916517	0.5022686025408348	2.4659131695413303	3.0938859608204337
2300	2.4659131695413303	0.92	0.43133490803262736	0.07922283802817337	0.5625849811435683	0.08199613391662575	0.42304548247014073	0.07804769370959178	0.584182189909507	0.07921817407510971	0.4080197950636558	0.07167771860803482	0.581793710875037	0.07792451221373561	0.4446440413684819	0.08152697486788792	0.5581274625753501	0.08030513744164405	0.4228351054522739	0.08011016553765572	0.560751350620983	0.08092880494833912	0.4190421570955237	0.0817684324956039	0.5688636356978999	0.08021504013805042	0.41719366302035266	0.07990680289064192	0.5911017694891245	0.07486621823327329	0.4458483744348134	0.08110135712477491	0.5479903953342085	0.08078713037343564	0.48521447371298604	0.08415365879535767	0.5279190846063306	0.08595975239618832	0.4863129514760523	0.08596388276384496	0.4984178045369801	0.08387126667251735	0.4995659722222222	0.5004340277777778	2.4659131695413303	3.0938859608204337
2400	2.4659131695413303	0.87	0.43141811420363896	0.07877030028948695	0.5631736578229739	0.08247745091257484	0.42133922354776904	0.07772777440728566	0.5841127819830358	0.07885223588254935	0.40874057306233263	0.07258049572483247	0.5816861404786464	0.0776831868892361	0.4444552218332086	0.08146473005902234	0.5556016366447539	0.08175710499525479	0.42366904683926865	0.0809605941606119	0.5643423034251118	0.08034089253814314	0.42255764501355075	0.08215471526131356	0.5695114506674285	0.07972043414747453	0.41772441488389556	0.07999986665487033	0.5950909668949886	0.07467535430221969	0.44634776658552244	0.08174845861294282	0.5469461408704668	0.0806758455085243	0.4889807356813093	0.0846477085294345	0.5244711569120764	0.08621469785739573	0.4876767067659732	0.08621162621751086	0.49742925531121995	0.08366359991983893	0.5008319467554077	0.49916805324459235	2.4659131695413303	3.0938859608204337
2500	2.4659131695413303	0.85	0.43151343825548794	0.07935411473441951	0.5651079345930856	0.08233256810209409	0.4209961224840284	0.07772259496801805	0.5826648464789383	0.07888194407238545	0.4083708444027503	0.07314856733273649	0.5789966404045063	0.07802952795867531	0.44336499036735716	0.0812693806914829	0.5541773603617864	0.08188546902055885	0.42674169825325725	0.0809468747330665	0.5640845078121398	0.07969952597952255	0.42210441929731585	0.08248494760096473	0.5701674109876735	0.07976159699024252	0.4181637379144936	0.08011729821295671	0.5932745618507691	0.07550972941302143	0.4469688837077481	0.08125724714733928	0.5455100088031409	0.08079094486983764	0.48662586252323137	0.08400630872985224	0.5235482211274	0.08665345153314931	0.485738484315727	0.08662137708311925	0.4996052882743122	0.08371606440811287	0.5019968051118211	0.4980031948881789	2.4659131695413303	3.0938859608204337
2600	2.4659131695413303	0.88	0.4307951652008056	0.07962082003418705	0.5626255423830672	0.08250985675986694	0.4193422761196965	0.0775038769695141	0.5834673740359058	0.07826856154161414	0.4080279576487563	0.07319094976141091	0.5781103418815385	0.07744998137333753	0.4442567462631601	0.0811459800180911	0.5550548131229549	0.0815997196592763	0.43016966072500273	0.08177598826944305	0.5656773318106277	0.07939593576584524	0.4213277289970921	0.08163752615724973	0.5677068371788426	0.07951145490015235	0.4194157735456745	0.07969818814610587	0.5919997049767151	0.07630852214328344	0.4480605437327023	0.08187329409271663	0.5448800642437334	0.08122431808094781	0.4882558896916678	0.0837774242425186	0.5260137728394614	0.08624008135175332	0.48465774562706315	0.08687887789009159	0.5003806821443698	0.08310622056881471	0.5	0.5	2.4659131695413303	3.0938859608204337
2700	2.4659131695413303	0.89	0.4290772701121479	0.0792262096278232	0.5633589115447653	0.08226276723114596	0.4224533712224575	0.07758995312712406	0.5824716947984221	0.07842852467759728	0.40869574846122825	0.07379211936863835	0.5799577917563926	0.07707382511780639	0.4440006346297771	0.08055844448965803	0.5564940999005339	0.08237177231392351	0.4313939355548526	0.08167671062526319	0.5668557260283893	0.07943997909033755	0.4216739383494918	0.08130078585820615	0.568952665479244	0.0787768869381685	0.41852834245782267	0.07928804244132599	0.593635960169999	0.07568037133891037	0.44846958803759496	0.0816853075672435	0.540623266154936	0.08146043730364198	0.48908414294329866	0.08359641956325506	0.5263172524828336	0.08583958826520577	0.4861875754727182	0.0868578759929191	0.5021157386760233	0.08362168465610416	0.4974112426035503	0.5025887573964497	2.4659131695413303	3.0938859608204337
2800	2.4659131695413303	0.88	0.42789215833427696	0.07860032642982132	0.5615434729320805	0.08218707437683782	0.42255796315239796	0.07796070441119422	0.5829815296685068	0.07877583110449408	0.40994865977240624	0.07371147576359113	0.5783845009356191	0.07740014124027758	0.44612811033707617	0.08084232022009784	0.5576948662678719	0.0820639789606027	0.429457322184594	0.08128385061567628	0.5680503202943996	0.07934941357637988	0.421138817005549	0.08067206849019641	0.5697209932025588	0.07807719985973077	0.41723833386746223	0.0799533092150414	0.5925859897731196	0.07558347719184744	0.4484150870910283	0.08227951977787568	0.5413480448541802	0.0819937600997517	0.4898828426572607	0.08375453801643393	0.527287616078899	0.08540825817752153	0.4885537577813343	0.08761771911552692	0.5049651436772875	0.08398942613736382	0.49607703281027105	0.503922967189729	2.4659131695413303	3.0938859608204337
2900	2.4659131695413303	0.84	0.42712935668898133	0.07844193727355955	0.5600049048636387	0.0820121963614835	0.42352896354546	0.07788907900808424	0.5838467588387781	0.07852759269856896	0.41309524548803045	0.07353911611477433	0.5779597717373404	0.07631950952670674	0.44446132544514805	0.08082534136324317	0.5601885962928446	0.08119411770943856	0.4285763678009472	0.08109825264675746	0.5702870572591867	0.07904961190135329	0.4199117127894023	0.08091261873812457	0.5680536045329793	0.0777802081294285	0.41769183596792236	0.07964332490858522	0.5879078027832231	0.0755731013561397	0.44921603208797356	0.08224463594365578	0.5416619444824622	0.08202970016803034	0.49008453855216044	0.08370304162260957	0.5259467293714711	0.08495938321138895	0.48810189218645106	0.08736132014014522	0.5052880422188679	0.08331048853035536	0.49586776859504134	0.5041322314049587	2.4659131695413303	3.0938859608204337
3000	2.4659131695413303	0.83	0.4277132789212664	0.07849661811560436	0.5602341466821974	0.08208484406089887	0.42322185968497406	0.07819707116711336	0.5848934791660455	0.07855087244405887	0.41337655036325455	0.073815747878313	0.5765136797120822	0.07641938599490432	0.44432059972235816	0.08082804666995863	0.5598189056204145	0.08085023962338914	0.4290321709918892	0.08123953241262406	0.569696102823907	0.07844842053127733	0.4189130470505079	0.08026480039297988	0.5672822529710679	0.07755744253223092	0.4181966922420435	0.0796343488120389	0.5869889167662586	0.07547969688180155	0.4508385644646001	0.08308405772254063	0.5405056702250554	0.08143031302589726	0.489784350292096	0.08367118034355585	0.5246514624039396	0.08518201105345714	0.4864993971632692	0.08713010708747165	0.5064118041081297	0.08340656045112387	0.49533954727030627	0.5046604527296937	2.4659131695413303	3.0938859608204337
3100	2.4659131695413303	0.85	0.4273455229787426	0.07813045504298796	0.5629190313922139	0.08173124103734507	0.42422838210281333	0.0780351155518008	0.5865967700012746	0.0783125005885472	0.41524838222316196	0.07413477899583747	0.5757752619705503	0.07760114608391823	0.4422138037099415	0.08081444458130063	0.5612981794580609	0.0808061234781959	0.42873741060725173	0.08120994965956876	0.5694374822688908	0.07861947459840994	0.41887728705419536	0.08025657393199306	0.5671582591723295	0.07749159473532581	0.4163732502107308	0.07905207811370352	0.5849062859978652	0.0755953536958818	0.4515180598556586	0.08326326789024292	0.5407290189938118	0.08182177672943394	0.4879456482298593	0.08433907773667709	0.5238675259856131	0.08479388666386255	0.4868897383505928	0.08653764148607596	0.5075799252504448	0.08358499409254377	0.4948453608247423	0.5051546391752577	2.4659131695413303	3.0938859608204337
3200	2.4659131695413303	0.86	0.42832592859567686	0.07857446029041204	0.5632547783925936	0.08134599454836312	0.4238908246515995	0.07828077704522646	0.588121053240654	0.07833073352872447	0.41849716710198825	0.07420949407365453	0.5740873642272194	0.07724816502933007	0.43954360682011856	0.08113191266741819	0.5594889397891467	0.08104598755516923	0.42884795815066273	0.08074921374224918	0.5711965933813903	0.078826358768606	0.41794629534191025	0.07975845830938391	0.567615791070426	0.0774103566767032	0.4151788723247002	0.07934949674314852	0.5851430253727823	0.07518015886874194	0.4492675559735412	0.08327068355374549	0.5388963667041156	0.08183657885150021	0.48810825555636933	0.08440928465106128	0.5222454428084408	0.08513850313956828	0.48721586205405754	0.08642107131077316	0.5083620597864781	0.08374009313261184	0.49469413233458176	0.5053058676654182	2.4659131695413303	3.0938859608204337
3300	2.4659131695413303	0.9	0.42670606436413683	0.07889934308847522	0.5623458675970261	0.08163574269614249	0.4241481320843738	0.07869341187096308	0.5891972275723085	0.0778884587590458	0.4193234165548802	0.07434214157834959	0.5733611562611121	0.07759422043677809	0.4401538664274296	0.08072256003493868	0.5612646773616597	0.08074361116208599	0.4277573812271205	0.08029486330447572	0.5701016650971751	0.07883334727550208	0.4157636631626557	0.07993858096744881	0.5664867125677865	0.07757567550740573	0.4143390410868264	0.07922215205304879	0.5864625308207245	0.07513039623023414	0.4516924105351487	0.0835156661633088	0.5375767508875061	0.08173833704817338	0.48921283593227377	0.08422339770612343	0.5215435834815438	0.08477880239180602	0.48765921249062916	0.08602861590267516	0.5087694865039714	0.08353416974283455	0.49515738498789347	0.5048426150121066	2.4659131695413303	3.0938859608204337
3400	2.4659131695413303	0.88	0.4256646107603392	0.07937472331682892	0.5624887937800795	0.08165431049042918	0.425350398918461	0.07797600713465855	0.5909725055614539	0.07689925559070597	0.4188569876334689	0.07463251390010847	0.5711084056540876	0.07818075907844768	0.4383904527411359	0.08073389553183881	0.562255310685602	0.08100061981931066	0.426791355076831	0.08010521448435752	0.5695387430133734	0.07877547159858733	0.41559392171214254	0.07984981235747224	0.5673982239797849	0.07769612383417875	0.41442948843799315	0.07879923364995958	0.5855468576227086	0.07501434590580398	0.4539366332711232	0.0837225684548722	0.5381128578826194	0.0816222591280722	0.4888360194219741	0.08416114281914802	0.5205637815464605	0.08455389039622718	0.4888010953754651	0.08642012421376438	0.5086478224789821	0.08308057090547986	0.49588719153936545	0.5041128084606346	2.4659131695413303	3.0938859608204337
3500	2.4659131695413303	0.88	0.42707427139639403	0.07986963716485762	0.563769897264183	0.08195395108412121	0.4243224728320127	0.07808159470492174	0.5933234217217875	0.07666630637866945	0.4199149548109778	0.07493241762486512	0.5709633879326762	0.07846869565691002	0.4365489421299017	0.08047090093894843	0.561159761148459	0.08175830118736194	0.4244866014053663	0.07958307951095142	0.5727976471207396	0.07874924327417356	0.41469192219662726	0.07955146796557236	0.566077255316111	0.07762821301183553	0.41624483221401226	0.07910421417113249	0.5843232239975362	0.07502850083660798	0.4555102153699104	0.08367317962798211	0.5361880492264294	0.08160266444228399	0.4899056607103002	0.08409755551241681	0.5194344893229128	0.0842708424557552	0.4905398532926904	0.08662862577936153	0.507844007732115	0.08333389508175364	0.4940068493150685	0.5059931506849316	2.4659131695413303	3.0938859608204337
3600	2.4659131695413303	0.82	0.4279586419310496	0.07995310159087175	0.5621084397850445	0.0819002821916875	0.4233475583996459	0.07768580089256875	0.5920594645246354	0.07642696576796	0.4234443709214158	0.07605184717079347	0.5695791976167864	0.07915357963752725	0.4357981283519036	0.08031830469286484	0.5616360569882	0.08212959350266244	0.4247626145900447	0.07925290227885945	0.5735739419842195	0.07878096529486095	0.4143189680555775	0.07950271407850787	0.5672873816172036	0.07784218511114813	0.41597067925182873	0.07838248658019902	0.5831836827794702	0.0759268543409393	0.4545173682770768	0.0837857857488075	0.5358661673593225	0.08189221348807142	0.49305564442578476	0.08416755109417597	0.5190452423970683	0.08425450396059696	0.4908749968819357	0.08650621617176112	0.507477508088557	0.08322573500901627	0.4938956714761376	0.5061043285238623	2.4659131695413303	3.0938859608204337
3700	2.4659131695413303	0.87	0.4277941344843082	0.07998493059040221	0.5614870781303076	0.08189999242607478	0.42188311391309513	0.07779713040324032	0.5925412717043357	0.0764185426809908	0.4240569642380984	0.07639967051206104	0.5697683526537437	0.07933656737247793	0.4328436146488341	0.07990496765465478	0.5609486359718366	0.0820466503239369	0.42515086743463204	0.07922173859268658	0.5747490013667088	0.07856270814141736	0.41591892394090946	0.07877850450421936	0.5670271960270393	0.07768819952585071	0.4144269881940465	0.07789721274231687	0.5832392132472957	0.07584326887916247	0.4569328071949688	0.08349738469559821	0.5353931776296893	0.0816532715917801	0.4933772918770739	0.08450823867743563	0.5187729640381278	0.08440772399735393	0.49116610286249907	0.0863259345859443	0.5075214458612799	0.08342030252174083	0.4973002159827214	0.5026997840172787	2.4659131695413303	3.0938859608204337
3800	2.4659131695413303	0.8	0.42496744271336373	0.07980317400983873	0.5622032047169432	0.08123613569863501	0.4195487840508091	0.07728958525227948	0.5925414419490697	0.07654987839200561	0.4256911188690217	0.07667385606417294	0.5682518039405149	0.0795939052477039	0.433174726889896	0.07952344360183136	0.5624543327164907	0.08126950578326582	0.4238994365020095	0.07928719970790736	0.5748698027176306	0.07850130464234638	0.41700633949190424	0.07852839415079164	0.5677903194742584	0.07763217016328583	0.41678532590289485	0.07810857729638201	0.5811126007998935	0.07657153382120832	0.4567735171769834	0.08385908969666532	0.5340680400319031	0.08227963155770564	0.49432519928580404	0.0840575067849523	0.5179950045239416	0.0839348901726931	0.49127796620649267	0.0863956652566921	0.5060636875109769	0.08302863577724783	0.49631966351209256	0.5036803364879074	2.4659131695413303	3.0938859608204337
3900	2.4659131695413303	0.89	0.42490630839949156	0.07980753293538452	0.5625107729961637	0.08120786348098155	0.4164777505698805	0.07731269766576983	0.5936855632065005	0.07663363996854011	0.4278273090614155	0.07711327263638064	0.5677931971320532	0.08013964479611795	0.43177426835985844	0.07938440088287597	0.560283669527885	0.08178617463051423	0.4244215044531244	0.07905626407594002	0.5761072509939145	0.07847971879799436	0.4178477588142677	0.07814088224292479	0.5693352111825741	0.07762704415576102	0.4180309684300326	0.07806106361231924	0.5812122439386397	0.0768030860515688	0.45823542400524947	0.08436499301726197	0.5328180181368134	0.08247974273501155	0.49455942707755624	0.08417591612266058	0.5164966594374523	0.08376705246844877	0.4912277190287672	0.0865456643862153	0.504350915843587	0.08276867827358367	0.49513319672131145	0.5048668032786885	2.4659131695413303	3.0938859608204337
4000	2.4659131695413303	0.79	0.4233335939839654	0.08002366638164579	0.562444574008899	0.08127523209972289	0.41735846239306573	0.07708813393467476	0.5918862640522615	0.07682420802383447	0.42843654479290244	0.07708370296917885	0.5660065464561906	0.07990987205084511	0.43144559310358044	0.07869013106718062	0.5624788131786094	0.08156169503765053	0.42435971159854496	0.07904198803165238	0.5771281109898874	0.07851208923640578	0.41579804728887304	0.07762257246098134	0.5703527334103718	0.07738009575610807	0.4207795724256695	0.07815513640205103	0.5809518131223484	0.07687729071086379	0.4593534754114776	0.08467449834197877	0.5312576531541506	0.08220578442710395	0.49333941342070453	0.08412488684380647	0.5164095067683917	0.08369420736572973	0.49024057189257064	0.08604577627615972	0.5036749732742575	0.08246186008409045	0.49600399600399603	0.503996003996004	2.4659131695413303	3.0938859608204337
4100	2.4659131695413303	0.88	0.4227367708472394	0.07987212630568896	0.5631218429596867	0.08114587218767154	0.4181714191622169	0.07717017779755343	0.5927078680258139	0.07661457424044503	0.43115731361483006	0.07725611551016737	0.5642504531660513	0.08023446201936933	0.4296140110920269	0.07861872672168259	0.562432505511157	0.08131706345913157	0.42493143364174674	0.07924418718234445	0.5775483047160881	0.07858972883967554	0.4162667851964313	0.07776723685610859	0.5693088633642162	0.07717018433358948	0.4199143224556881	0.07767652733992035	0.5824659929901613	0.0765170660786954	0.4599018026890425	0.08433647106021001	0.5303371652786693	0.08235867480918939	0.49274525984159023	0.08462458508964271	0.5154359760186007	0.0837823663148464	0.48856788741840557	0.08616521145355317	0.5040458139730388	0.08244318201699447	0.49707602339181284	0.5029239766081871	2.4659131695413303	3.0938859608204337
4200	2.4659131695413303	0.81	0.4215867511460259	0.07919357129336409	0.5645911289282635	0.08075508559968228	0.4190692047739379	0.07727094405550929	0.592659953078558	0.07635083147644346	0.4333092236812088	0.07816231049994521	0.564697056213143	0.08017722360052158	0.4287003496445307	0.07819029908562374	0.5630446657287181	0.0810863801283059	0.42392628073156446	0.07951559115901882	0.5782547487040203	0.07850270978176117	0.41507619952137387	0.07787386830046668	0.569045281233502	0.07740631167318543	0.4224883535007532	0.07828209480209271	0.5814674116754622	0.07602844598417939	0.4607612361773675	0.08439301056312241	0.5282124669360219	0.08226349055201336	0.4926201433030192	0.08527154544776881	0.5156450382352508	0.08381945237548603	0.48760147809111165	0.08631830550840176	0.5038668166322394	0.08256611291593095	0.4995242626070409	0.5004757373929591	2.4659131695413303	3.0938859608204337
4300	2.4659131695413303	0.8	0.42154883060534665	0.07911297911520865	0.5651972178923222	0.08063810743295154	0.41946370662401905	0.07715215168122422	0.5917867889911431	0.0765583760367286	0.4341237017911383	0.07859431214425674	0.5622476488212564	0.08068905035389769	0.42935308804682265	0.07802880101250001	0.5631243976890581	0.08131971600983758	0.42253787828928274	0.07932996106075905	0.5792921484583102	0.07822821522022226	0.4153917747244714	0.07827988768642825	0.5692578208058531	0.0773973452134969	0.42164876209560465	0.07786476919533172	0.5819285268425539	0.07591495501183303	0.46166013329575617	0.0847133452769835	0.5283018007802277	0.08219148207655469	0.4920618697392574	0.08575417499554332	0.515599183393734	0.08413348244796608	0.48706071699290526	0.08597732374805495	0.5019417353457867	0.08285705105822044	0.5004646840148699	0.4995353159851301	2.4659131695413303	3.0938859608204337
4400	2.4659131695413303	0.84	0.42270210916955037	0.07981276925832963	0.565499918361116	0.08077968003715846	0.41842843322350054	0.0770613750516177	0.5924856665119916	0.07660777654715581	0.4345287667551813	0.07885338199350998	0.5627604548604951	0.0806770147487979	0.4290832580621525	0.0783183559907584	0.5636739927083314	0.08100245075727346	0.4215616863838963	0.07874155510675021	0.5794640682628114	0.07888246780788934	0.41654249400830595	0.0782838550193037	0.5698080126992779	0.07731884170342884	0.42265190366245103	0.07789388906366322	0.5814746944953659	0.07625872862957087	0.4619845399627619	0.08467725801372693	0.5273213869455501	0.08248242976501918	0.4923316178308238	0.08558669391263332	0.515227655437195	0.08383477626263791	0.487334616418728	0.08553956280328262	0.5030524366878079	0.08301637559264247	0.5018165304268847	0.4981834695731153	2.4659131695413303	3.0938859608204337
4500	2.4659131695413303	0.8	0.4234101633004534	0.0793003826291633	0.5664292875073682	0.08062954434537331	0.42032450371909325	0.07670983951117505	0.5936513986624254	0.0767090240815785	0.4349384789853442	0.0789524777744567	0.5619921450579649	0.08089013758463716	0.42758845456784417	0.07791496196266758	0.5627236714954011	0.08107881875239159	0.4225617159060456	0.07896265532816565	0.5780174230976998	0.07850594080914959	0.414189190960375	0.07791688387816113	0.5719266022182886	0.07719637615521252	0.4242168472478248	0.07833267414801073	0.57882581791603	0.07655339563601588	0.46069654827990597	0.08448681482881935	0.5281255628645861	0.08262810103274279	0.49417623791212995	0.08538458982344517	0.5162435261729906	0.08373056181323653	0.4889910098042401	0.08580342378004523	0.5040555032252508	0.08318008939953064	0.5026642984014209	0.49733570159857904	2.4659131695413303	3.0938859608204337
4600	2.4659131695413303	0.8	0.4219389540946798	0.07932161374725982	0.5679363623276669	0.08052163217559782	0.42009724142370664	0.07659103687854084	0.5930665982446248	0.07645111838777044	0.43665319364001653	0.07957673132962048	0.5605097102707952	0.08059999068164067	0.42687903973681546	0.07772264484957177	0.5635732430909498	0.08096082623986621	0.42313054899785496	0.07894831835242803	0.5777971729652436	0.07811603367539706	0.41348680009426897	0.07759518640539922	0.5729445593405024	0.0771577102089996	0.4260767126524591	0.07871774157656866	0.5794818825805822	0.07681123861549718	0.46113219846952425	0.08431825878511645	0.5259395775237083	0.08290850586651788	0.4955023669862295	0.08532902389562388	0.5159722323164048	0.08374986806372164	0.4893495246209887	0.0857337959404802	0.5038622723201479	0.08323761520636803	0.5023892267593397	0.4976107732406603	2.4659131695413303	3.0938859608204337
4700	2.4659131695413303	0.81	0.4216247748919531	0.07934757645949454	0.568747963237552	0.08062224669442568	0.4183511862654106	0.07660821448417954	0.5913439850401896	0.07715690386173385	0.4377553318399315	0.07932925590957353	0.5578889630550184	0.08054235209389793	0.4266705718156477	0.07766305420833965	0.5631379538964953	0.0812087333737251	0.42244781672617177	0.07902923597042312	0.5771576750159481	0.078259882303333	0.4137915051727809	0.07782905187755168	0.5750897499085756	0.0769922532422339	0.4269621745361048	0.07936592918793309	0.5791006786908467	0.07710320719012362	0.4627320221325721	0.08461433059490939	0.525696737157013	0.0823528142312747	0.4947187734739952	0.08556994261336881	0.5148665714138225	0.08380051523862388	0.488960822136469	0.0855590505729197	0.5024179262738803	0.08278585688542703	0.5002125850340136	0.4997874149659864	2.4659131695413303	3.0938859608204337
4800	2.4659131695413303	0.76	0.4202296064543634	0.0792409887014871	0.5674371563537176	0.0808979356078369	0.4189279317988911	0.07669224863569483	0.5917262928576611	0.0772594605931871	0.439449556214971	0.07941504605067803	0.5562299771099146	0.08097415873350866	0.42514258852391623	0.07748883259563066	0.5639639914113119	0.08117265663473408	0.425244274811883	0.07935299601388505	0.5782826737098733	0.07857207956662937	0.41298173704067564	0.07776525694683767	0.5753143788507095	0.07706905504852767	0.42690258558617283	0.0795238812989669	0.5781682581284784	0.07687030003161825	0.46387863550020575	0.0846602039898063	0.5247080602749392	0.08233169230787031	0.49391611817772085	0.08537584193799407	0.5144890302397749	0.08330488744068015	0.48846484367912696	0.08569486625135635	0.5028290744396299	0.08249872164608948	0.49916736053288924	0.5008326394671108	2.4659131695413303	3.0938859608204337
4900	2.4659131695413303	0.79	0.42025510323428167	0.07926093787552979	0.5675234833638886	0.08062869431047433	0.4177783516037262	0.07656075365850948	0.5906973853392982	0.07748431737567733	0.44072553247415824	0.07930568370274224	0.5541869279770866	0.08121035548767343	0.4256974701280412	0.0778791093627594	0.5643616385673564	0.08092106876681171	0.4259837087961266	0.079144833759082	0.5773912507978534	0.078734866590841	0.4125019611109834	0.077832330643935	0.5757697092543248	0.07727884911662483	0.42837323566822494	0.07990906616429694	0.5778811841977809	0.07676542145519179	0.4635684680052804	0.08478199074948237	0.5241084677468548	0.08237020652599841	0.4939102288370806	0.08539401545469266	0.5141039357100791	0.08342476134716961	0.48845881427172955	0.08563548326686644	0.5016260884713736	0.08255672125657663	0.49959216965742254	0.5004078303425775	2.4659131695413303	3.0938859608204337
5000	2.4659131695413303	0.82	0.4202872002165574	0.07939036323058697	0.5675332705675707	0.08096264829236274	0.4178758087476496	0.07641424063009783	0.5904074220023624	0.07755893468806074	0.4428416591659333	0.07965674881969022	0.5540950694759113	0.08124317319655845	0.4254311806667523	0.07777405453184859	0.5640581078078891	0.0810583682467268	0.42567067496306377	0.07897816075859602	0.576920507918069	0.07878219343638895	0.4126834518112833	0.07813124897018887	0.5773108692710175	0.07719179798116381	0.4288847924940697	0.07998782313532342	0.5770286500122117	0.07691401650332783	0.4644048655347054	0.08476765787404693	0.5234284622875018	0.08262137674755904	0.4944651491342848	0.08549131263761299	0.5136629061022825	0.08339845502317976	0.48827346477951833	0.08546114144974781	0.5009846530601593	0.08286639945337294	0.49940047961630696	0.500599520383693	2.4659131695413303	3.0938859608204337
5100	2.4659131695413303	0.81	0.4214960841459213	0.07968149450315938	0.569355202771313	0.08064504831341586	0.4171551608327181	0.07631691928312895	0.5896857160716555	0.07731405298854575	0.4445819139707439	0.07993407676206726	0.5523425787045336	0.08146506959820796	0.42400825881138965	0.07753865896707528	0.5638247562646636	0.08075911609112243	0.4248433836769922	0.07894137661951144	0.5755282056207173	0.0791047538470144	0.4114913235207125	0.07764558433337675	0.5781434365190669	0.07689065830085291	0.42937763988953964	0.07996411629498225	0.5761617384354755	0.07677549089454452	0.466803025249104	0.08507955006236045	0.5226182392340388	0.08263233104875893	0.4947605134018594	0.08550899658005186	0.5140239273360289	0.0831329982033796	0.4878035148285985	0.08536105729633728	0.5012709997549181	0.08319527695975097	0.4980407523510972	0.5019592476489029	2.4659131695413303	3.0938859608204337
5200	2.4659131695413303	0.92	0.4202634174425938	0.0794420813763927	0.5705681659191348	0.08045565592384923	0.415804154739851	0.07630417639051923	0.5893272253211459	0.07732971661680561	0.4451941844638646	0.08012008282137204	0.5518148274449962	0.08159650288103011	0.42310808878807205	0.07768621513526582	0.5651005621060996	0.0804434883661927	0.4250121233556904	0.07903619977727756	0.5751579653194697	0.0790753228613418	0.4110400738252607	0.07762027014123718	0.5792795265919101	0.07679131419882036	0.42937963452193845	0.07999058153981844	0.5749814160635345	0.07689027331553716	0.46778370304432554	0.0849746963731946	0.5222151472360557	0.08266378225369397	0.49325294134864317	0.0853584975553728	0.514387942305847	0.08323103086482668	0.48833905935960115	0.0849418606227106	0.5016844359617413	0.08322458225522847	0.49827056110684087	0.5017294388931591	2.4659131695413303	3.0938859608204337
5300	2.4659131695413303	0.85	0.4196840873780458	0.07928755968198233	0.5707474345376791	0.08047759082769247	0.4161565109450893	0.07662864011330049	0.5898082730142811	0.07765555219133052	0.44605090620830584	0.08035782167331133	0.5520428043996896	0.08149437814259128	0.42126734067804	0.07772801515070736	0.5656266126832808	0.08019716882358278	0.4258615903223215	0.07903902438042457	0.5747109824279468	0.07910779284467324	0.4110662951947971	0.07768484008930576	0.5790344707177131	0.07670505255296642	0.4304328740672018	0.07987220514283275	0.5747031020231073	0.07714949873729467	0.4692345906101698	0.085112479851492	0.5217303303243522	0.08264553698468301	0.4929484629314377	0.08537359912236046	0.5143748406643679	0.08339377904559617	0.488185561233638	0.08481330340212118	0.5014402718355476	0.08319363874507184	0.49811463046757165	0.5018853695324283	2.4659131695413303	3.0938859608204337
5400	2.4659131695413303	0.8	0.4194951946818981	0.07904836298427828	0.5714318396579117	0.08012755334567216	0.4160953139060007	0.07641159159412002	0.5900565441786921	0.07756656573731807	0.4478661652544744	0.08052452929455564	0.5495814316185733	0.08200173991499783	0.4206275419870225	0.07760049709149458	0.5671617639495132	0.08012050599558825	0.42615673776270596	0.07913402142008259	0.574840138692513	0.07922768752029881	0.41067471079948475	0.07753896291722208	0.5782218575713125	0.07665133240333168	0.43171411661494946	0.08002365874939643	0.5730602092120797	0.07741991873228046	0.4699110770013167	0.08506619112747538	0.5214072715986503	0.08295452110551141	0.4921545963640682	0.08576677578605	0.5135260484160894	0.08322467345965336	0.4877477918956012	0.08474497339284547	0.5035707131025315	0.08308796780402943	0.4972242783123612	0.5027757216876387	2.4659131695413303	3.0938859608204337
5500	2.4659131695413303	0.85	0.4200326262953792	0.07905622600594099	0.5708485615717255	0.08044282835229571	0.41474115104905396	0.07637643082945252	0.5896733826638861	0.07718880447540541	0.4486687801191119	0.0803980766170456	0.549266298044573	0.08219215039657854	0.42024447069321497	0.07752972614020263	0.5687517604408681	0.07969646814254981	0.4260618399421944	0.0790738102180988	0.5749756929944548	0.07930626192239901	0.4094948330620854	0.077250600415703	0.5782283329597215	0.07670133559442197	0.43203250870574184	0.0796334570604525	0.573369950190518	0.07719559024684892	0.46983035454093347	0.0847912605565485	0.5207481473493069	0.08282992224630596	0.4917069923633993	0.08583379242931471	0.5154450576821613	0.08335663020258456	0.48795995431445505	0.08484487605588907	0.5037965613181242	0.08340643122439328	0.4967296511627907	0.5032703488372093	2.4659131695413303	3.0938859608204337
5600	2.4659131695413303	0.83	0.4205223652148066	0.07906558205429695	0.5713100579888725	0.08030999473746646	0.41400084084354954	0.07611981050761948	0.5906341272874629	0.07702616167673651	0.44791122647369175	0.08013038900280675	0.5483817139911927	0.0822799821827627	0.42045138471841936	0.07749891437640001	0.5692724345073691	0.0791790673509942	0.4261132697539042	0.07950234407655972	0.5740264422409741	0.0792046821595586	0.40907865201698174	0.07721104188661902	0.5770457153344996	0.07689123726832466	0.43273364807472403	0.08001722979910902	0.5735987598304361	0.07698625879298979	0.4712062963301789	0.0845282958917268	0.5202850434256456	0.082852585207255	0.49084301480096265	0.08606581831173021	0.5158869209471555	0.08368725282438592	0.488467551690439	0.08490486812251309	0.502311869966932	0.0836139978454697	0.4953604568165596	0.5046395431834404	2.4659131695413303	3.0938859608204337
5700	2.4659131695413303	0.75	0.42044949789066294	0.07902265560287404	0.5717993721518396	0.08034893048739247	0.4135771870550281	0.07630636944676446	0.5921368550163255	0.07731112904117353	0.44831343652772165	0.08006065217675382	0.5475900654127676	0.08240837432179215	0.420083802849376	0.07749364856238265	0.5693864258152231	0.0792459901105517	0.42750614031236717	0.07948478530186351	0.5743152187256324	0.07934060252200238	0.4089338086482141	0.07729038684831384	0.5776121151801497	0.07677271260450741	0.43349746304944997	0.08014954887981446	0.5737546881662657	0.07705926940710886	0.4726289150741169	0.08461091467938223	0.5197411331059804	0.08324722293929382	0.49019736703114514	0.0857910588064779	0.5149615415095621	0.08362092265499017	0.4892292091169964	0.08499145677372567	0.5025543289984958	0.08338556169185289	0.4950911640953717	0.5049088359046283	2.4659131695413303	3.0938859608204337
5800	2.4659131695413303	0.77	0.4211203325355491	0.07893145145976106	0.5714769112770982	0.08072038192777607	0.4136180640553572	0.0762707609055014	0.5930156134315077	0.07725342494242347	0.45038947005974395	0.08057674621391246	0.5460006592070981	0.08243183435788665	0.4185807353895221	0.07748246239863037	0.5712892932717979	0.07917247345338224	0.4278114690500481	0.07944281722385632	0.5733415934308008	0.07967842320331933	0.4087852316361632	0.07743061570173064	0.5778129365817746	0.07658348334963946	0.43400879215465354	0.08052915398089774	0.5720962988641745	0.07717452626162824	0.4743759501252527	0.08434060455686614	0.5186348238334092	0.08344970448486885	0.4897580886147044	0.08537759432992895	0.5139988895949527	0.0837257914156548	0.49100790271650213	0.08506930095835237	0.502506007714652	0.08308420895372612	0.4946588559614059	0.5053411440385941	2.4659131695413303	3.0938859608204337
5900	2.4659131695413303	0.81	0.42077381764550076	0.07899322192432304	0.5726634500091627	0.08067151613613809	0.41421202660985684	0.07625774683130149	0.5937167095617346	0.07685364386363985	0.45134284968042304	0.08064101600969117	0.5442846295588731	0.08231650963059602	0.41880337781299865	0.0772521324760497	0.5716846029108041	0.0789990499089007	0.42928365011094755	0.07995364535602814	0.5727259517619776	0.079850245637728	0.40756131830856684	0.0770581550337322	0.5776888925825997	0.07655712138802175	0.4350239291880041	0.08066144670258368	0.5706412047241735	0.07730634151294422	0.47550731368462285	0.08417164167987293	0.517398841392413	0.08335389271493816	0.48891110899769424	0.08559992911001792	0.511889410835882	0.08403435004477333	0.49076872987554093	0.08492932511819905	0.5031871088566984	0.08295136285195964	0.4937330623306233	0.5062669376693767	2.4659131695413303	3.0938859608204337
6000	2.4659131695413303	0.81	0.4209973415244553	0.07914174064518419	0.5722710789204363	0.08056112984443081	0.4139866933524631	0.07603756222212642	0.5936885614323995	0.07689098563259485	0.45201921503460746	0.08086341984864039	0.5435509634855242	0.0824151973525559	0.4186147909904401	0.07743430612595657	0.5713428701431508	0.07909676587827386	0.42940266776049996	0.07958948649889051	0.5731667616011146	0.07961341851582467	0.4073150437729196	0.077035112174948	0.5784110743475348	0.07657580568031153	0.4362043446062351	0.08072257585261859	0.5701696989399918	0.07722389932654353	0.4771574272076157	0.08426293479792393	0.5161400825528146	0.08343533079789614	0.4895991605331901	0.08533065930487611	0.5120100028882207	0.08413205969279705	0.4889276089223935	0.08502400271597947	0.5038912294557887	0.08302646485541929	0.4926715522984677	0.5073284477015323	2.4659131695413303	3.0938859608204337
6100	2.4659131695413303	0.86	0.4205470478758696	0.0793846243817014	0.5719434166855303	0.08071050851957398	0.41334962989719365	0.07616995378979641	0.5936658291288481	0.07662300888825808	0.45313906480736177	0.08058868444024503	0.5424808812446416	0.08264448107364021	0.4173995878519674	0.07737238880629574	0.573223625547535	0.07902193676148954	0.4291391883451923	0.07950511291020668	0.5727065676684475	0.07967315447841918	0.4084917315875967	0.07728453722649108	0.5783954602162705	0.07655955266789972	0.43659809677561867	0.0806988248363742	0.5692880039805455	0.07738322400416005	0.47698888320166927	0.08422141725679413	0.5148797414711667	0.08330384317405767	0.4895738767725931	0.0849985913237864	0.510977905328483	0.08424745440889292	0.4896856910686808	0.08492655166166355	0.5046919032334699	0.08296876598564598	0.49328309305373524	0.5067169069462647	2.4659131695413303	3.0938859608204337
6200	2.4659131695413303	0.77	0.4204663050140284	0.07909186840550667	0.5730192876166158	0.08033125695771456	0.41350466292789595	0.07596688158830339	0.5929059997473354	0.07647363689060832	0.4536130783386481	0.08075896389515512	0.5420855955682377	0.08285791436898417	0.4174799358558907	0.07737882070181223	0.5742161352399463	0.07894485210886676	0.43062508639306085	0.07995518084641458	0.5725371220076838	0.07970763856677902	0.40735366511362425	0.07706743650629794	0.578393055419559	0.07648549734797133	0.4379277858582912	0.08072777408768327	0.567812756976098	0.07776987014514253	0.47817159157380346	0.0841246335131273	0.5149926083754409	0.08366295815941252	0.48976849730436467	0.08498707557687012	0.5098121348063567	0.08436711457483415	0.4905601298457061	0.08499148925020718	0.5039970109448138	0.08331274634987075	0.4941972920696325	0.5058027079303675	2.4659131695413303	3.0938859608204337
6300	2.4659131695413303	0.82	0.42098782769705123	0.0791334230612338	0.5731568551806162	0.08021441437969956	0.41355275266648384	0.0756778888826085	0.5931499490327816	0.07599581871110365	0.455695485030173	0.08084944213429118	0.5411803487779357	0.08295637495536541	0.4167694508449999	0.07716978201632604	0.5744161564690429	0.07898956416450037	0.4315093967651437	0.07973380417991227	0.571637541806343	0.07944043210568975	0.4066157361623077	0.07704007039851947	0.5798464531761418	0.07646645044250319	0.43841211398581986	0.08065103349831264	0.5671878885114137	0.07797270081349586	0.47962861229819437	0.08429945396244846	0.5136041894074829	0.08391357441934806	0.49061516138406375	0.08508731823806985	0.5109466843222751	0.0845722753111739	0.4908008366304097	0.08497378340737156	0.5046144205889433	0.08317339889425646	0.49508248730964466	0.5049175126903553	2.4659131695413303	3.0938859608204337
6400	2.4659131695413303	0.84	0.4191152694227888	0.07873537955632999	0.5739169686689304	0.08040191506099226	0.41369876406899625	0.07577755182628797	0.5925144531096181	0.07612745951591705	0.45627795158761075	0.08081801858546889	0.5397267984344414	0.08316170941776438	0.4172709180925554	0.07732581263793448	0.5744391031954676	0.07906690114309542	0.43263111794217185	0.07948027796742131	0.571841934104105	0.07940277539827675	0.4057231048722586	0.07728520938618469	0.5808738808851682	0.07618055254723763	0.4377828320732079	0.08062441860154997	0.5668344631606798	0.07830754027211911	0.4823040643125157	0.08445644497294305	0.5117157173299491	0.08386480102574868	0.49160337301744494	0.08501995981145016	0.5113155992099299	0.08485814438680957	0.4929388839369134	0.08483274538676117	0.5044591414310241	0.08337088734678717	0.49609618988132415	0.5039038101186758	2.4659131695413303	3.0938859608204337
6500	2.4659131695413303	0.79	0.4190905383051762	0.07855377252111652	0.5742143833976735	0.08021926580393965	0.41418201041392805	0.0758910767260185	0.5924255749220045	0.07608722162306579	0.4577609741268154	0.0812533392178345	0.5389985430870912	0.08307595125470293	0.41740108947419824	0.07725247494509338	0.5745413774949225	0.0787902078133244	0.4326248469417816	0.07974348270651467	0.5717523738631344	0.07938617943298061	0.40633043210962144	0.07741372280639973	0.5801743627308767	0.07644143978535875	0.4375549985052527	0.08045832553828258	0.5658802623313982	0.07832832279319565	0.48285570221950974	0.08460476416274969	0.5101479411398153	0.08377887366456137	0.4927438976447341	0.08513645344815815	0.5107682058231354	0.08472673826167118	0.49222705355587243	0.08455078039609794	0.5047502524366345	0.08333854709424252	0.49677121771217714	0.5032287822878229	2.4659131695413303	3.0938859608204337
6600	2.4659131695413303	0.75	0.41767365252899996	0.07834898879668521	0.5748662430261801	0.08017955724967289	0.4148837109745827	0.07569324544429124	0.5926945870667403	0.07608485943434111	0.45901218991621306	0.08134268502191745	0.5376242680248198	0.08325245866114638	0.41579538767370033	0.07726600160239981	0.5755778178812907	0.07873058943959481	0.4335449804461246	0.07961322070606414	0.5710987489446198	0.07924457148361927	0.40585724807488627	0.07747532655684695	0.5795645381139035	0.07643576758280318	0.43821275925335873	0.0802628490164992	0.565691202742391	0.07821095087544735	0.48340872468535134	0.08467278632012241	0.509319996077021	0.08374639545886982	0.49313859977022034	0.08562041811405631	0.5105559073170942	0.08488097732950799	0.492219379770023	0.08466996088054259	0.504984270204218	0.0832924270114617	0.49818291944276194	0.5018170805572381	2.4659131695413303	3.0938859608204337
6700	2.4659131695413303	0.77	0.41748443895571463	0.07849245839500635	0.5757467687973723	0.07990059902721393	0.41483039503242203	0.07537555440421279	0.5922006887837035	0.07604400728398404	0.45978134449075203	0.0815887465444376	0.5363810815183165	0.08348476366998335	0.41498789025231186	0.07704968090604322	0.5755903264925675	0.07877885184288966	0.43463598413214516	0.0796456984121223	0.5709620183498016	0.07926889962827681	0.40627658471954936	0.07755549737828736	0.579215824926372	0.07642552588026008	0.43969855553446774	0.08019135232798844	0.5638214707749377	0.07864220601474284	0.4838772009226047	0.08485626514595322	0.5084783397043857	0.08371143677775902	0.4946743992637694	0.08566436082324225	0.5108179108639629	0.08463556503925482	0.4925986159224298	0.0846707925974314	0.5045704127928078	0.08354299584016603	0.49791169451073986	0.5020883054892601	2.4659131695413303	3.0938859608204337
6800	2.4659131695413303	0.81	0.4166683230918057	0.0785119808721725	0.5774630254094162	0.07981605721287005	0.41387035549926793	0.07548858305188903	0.592123875999003	0.07599076033726694	0.4608831686768808	0.08183656249865248	0.5353484508503661	0.08340495979273353	0.4156094821604958	0.0770584480820766	0.5762179918160044	0.07881015450715326	0.4352892317565379	0.08002582972686523	0.5708211512997513	0.07941346755280326	0.4058128459617622	0.0775137868114317	0.580028072489706	0.07631159905474734	0.43954407112823785	0.08022846275370255	0.563033505915978	0.07870172087940848	0.4841905863385003	0.084667630160345	0.5081102303335754	0.08388071098530683	0.49453333396004384	0.08570279483682057	0.5096962585675351	0.08454465935460057	0.493512117736019	0.08456449978558721	0.5040746198625803	0.08347721604978398	0.4980893592004703	0.5019106407995297	2.4659131695413303	3.0938859608204337
6900	2.4659131695413303	0.73	0.4169956803885383	0.078270522745972	0.5776627894807982	0.07977266208581325	0.41395057556424864	0.07534432417602939	0.5922328596852104	0.07596010606922467	0.4631250889664941	0.08222641854027465	0.5339126665926411	0.08351233628462706	0.41555091386590365	0.07703328321725873	0.57663685521555	0.07866084144733812	0.43574415522628535	0.08013469841380727	0.570687034556126	0.07908172508915333	0.40554633874426027	0.07733832703205336	0.5800394415958968	0.07645083423999986	0.44034074905220427	0.0804072287135855	0.5615081628864785	0.07897154269051024	0.48307975528755376	0.08460185548316698	0.5080065308493348	0.08366612335733313	0.4955641429587029	0.08535339854011996	0.5100615729079109	0.08459859799044502	0.4929563833939802	0.08438629739318085	0.5038837265029917	0.08375713539237213	0.4973928157589803	0.5026071842410197	2.4659131695413303	3.0938859608204337
7000	2.4659131695413303	0.78	0.4167912649814	0.0780601255661688	0.5782828898191834	0.07976030887944911	0.4133506275764661	0.07541306192869618	0.5916088988260774	0.07606012096280752	0.4645609436970353	0.08224491468432217	0.5327197346962343	0.08352803452519746	0.41452588861388706	0.0768664911758843	0.5773851994125211	0.07856888624025063	0.435976312298297	0.0800934644642539	0.5691593433124544	0.0791951999126903	0.4058767826441076	0.0774607337803204	0.5798312189621816	0.07651842604688798	0.4404525472811071	0.08029301971216439	0.5605215346605484	0.07912525426437136	0.48405073411537997	0.08472643749491848	0.5069700303629477	0.08392548891879743	0.4952015229323037	0.08529167807889039	0.5089042098405603	0.08467708488663159	0.4936067413389852	0.08443666148988395	0.5039692812663812	0.08391550422285024	0.4964306110793832	0.5035693889206168	2.4659131695413303	3.0938859608204337
7100	2.4659131695413303	0.82	0.41630872556372034	0.0779278645508605	0.5784415946848738	0.0796138398906117	0.4123862334028021	0.07510333065665749	0.5915707468773408	0.07639517982976544	0.4654216200960167	0.0823158768124389	0.5324504318292407	0.08350186418947009	0.41419875596322003	0.0769601314797868	0.5772560794511193	0.07860339077163067	0.4376041876205282	0.08011168484919501	0.569452342688303	0.0792063448239102	0.40689595968129016	0.07746394514683087	0.5794962186904304	0.07664454846351254	0.44099234245233226	0.08039377600053103	0.5609944677738967	0.07914112693654413	0.4851538983910916	0.08463403967473682	0.5057808208390747	0.08391433526524347	0.49596505360209164	0.08527209900982446	0.5096016305445179	0.08472870366947134	0.49358262903900324	0.08446122619586016	0.5034126190195042	0.08380924117139184	0.497606981981982	0.5023930180180181	2.4659131695413303	3.0938859608204337
7200	2.4659131695413303	0.76	0.4157763880859842	0.07795896924785087	0.5779477658137716	0.0795235634110472	0.4130765028210913	0.07532458612069497	0.5922835417944265	0.07650012035644158	0.46625480582316786	0.08234265844543176	0.5321777293506003	0.08347774024830763	0.41466977238889113	0.0770697803497006	0.577338217599493	0.07859579472281475	0.4378157795036771	0.08007710970881661	0.5689862792588734	0.0791551021429955	0.40676750314102383	0.07755940321241539	0.5809622993595116	0.07652969752974449	0.44225060126277693	0.08042798274995282	0.5599264916419202	0.07918311097975614	0.4867576786929731	0.08472714620625649	0.5050434437830503	0.08392718776265104	0.49576115585943586	0.08510326702133181	0.5082067115108366	0.08466535000242234	0.49355602350616984	0.08444951590476012	0.5044812956904483	0.08373373696588295	0.4970849528039978	0.5029150471960022	2.4659131695413303	3.0938859608204337
7300	2.4659131695413303	0.78	0.4148722383581794	0.07797829970218143	0.5784135042703534	0.07942009692441236	0.41235685603884603	0.07512127338515792	0.5926064482268417	0.07655316737248538	0.46703149353633966	0.08258095392316357	0.5313234241853062	0.08362008430178601	0.41345026574445254	0.07685130396942895	0.5777991446021449	0.07839412991309858	0.4380959241979112	0.08014134749870055	0.5689432507150706	0.07918656604517532	0.40747331078621396	0.07762924586717121	0.5802899345839799	0.07685954931430125	0.4438796212461909	0.08067738682215103	0.5585736635560623	0.07949288372271301	0.48696389628665976	0.0849109045766383	0.5052015453992336	0.08387774222759989	0.49617401322939503	0.0849619259145089	0.5073472477615063	0.08490861481372573	0.4935519986814149	0.08452958171121466	0.503679891038202	0.08397212476421143	0.49671412924424974	0.5032858707557503	2.4659131695413303	3.0938859608204337
7400	2.4659131695413303	0.82	0.4146307381060222	0.07779495490658474	0.5790126906416891	0.07941188780478689	0.41239444666440017	0.07499331309366061	0.5929925497968884	0.07643853177756608	0.46777543437270924	0.08277226280625653	0.5300052966757685	0.08346239736082776	0.41230983777644686	0.07665568812616608	0.5784563886331521	0.07824324903418958	0.4380549575956908	0.08029599470808547	0.5686692096928353	0.07927495543722499	0.4077023430285144	0.07772034784878193	0.5790112858630208	0.07724694057945991	0.44389496420772573	0.08076539722151774	0.5579790525171497	0.07970298705092166	0.4881811256717281	0.08482960386869136	0.5059394426057191	0.08374955322704826	0.49545866522957577	0.0851824099368083	0.5076975354419514	0.08497680884374598	0.4943330849201475	0.08414281772829427	0.5033034979993468	0.08398488247375026	0.4970286331712588	0.5029713668287412	2.4659131695413303	3.0938859608204337
7500	2.4659131695413303	0.78	0.41389936293172774	0.07757676956593829	0.5791659375302096	0.07937924293609405	0.41137677710561793	0.07479233208153825	0.5931769393900151	0.07641788312858587	0.46856021886633964	0.08292675643222981	0.5292318060038317	0.08339479731054569	0.41212399647561554	0.07668701833795655	0.5795695186535761	0.07800228575344749	0.4389582100133763	0.08071580836899579	0.567379063443284	0.07959013515561357	0.4082799836467478	0.07788625201295454	0.5789429397641981	0.0770463226871493	0.4448158351900104	0.08081961026514578	0.5574697639637921	0.07983496483029581	0.48950796299410343	0.08490199745610769	0.5049645867172177	0.08378333723774216	0.49617274174778697	0.08489071274926936	0.507949823574819	0.08486752975378241	0.4954778671154252	0.08403094287333895	0.5036574858583446	0.08400231817372578	0.49773454157782515	0.5022654584221748	2.4659131695413303	3.0938859608204337
7600	2.4659131695413303	0.72	0.4138632285414661	0.07752306374916029	0.5788135521437222	0.07934434052586722	0.41118740476514976	0.07498449510172128	0.5929531587133341	0.07611302072691721	0.4699021311770358	0.08309490331504756	0.529331350523616	0.08321957681920991	0.41221835397986434	0.07651621923091254	0.580801797885685	0.07786162487974355	0.43938518678978183	0.08081309971232133	0.5664057716199485	0.07972513920357467	0.40856184520007566	0.07800179474862624	0.5790272368581458	0.07737486820945196	0.4462684861308082	0.08091267639003638	0.5556374664453303	0.08003415708821136	0.4902271101750874	0.08471161545947817	0.5047284932800064	0.08358037548346096	0.49652171381536636	0.08482248645347268	0.5082288990121224	0.08484390212550934	0.4959734912937087	0.08390111459541258	0.5036470959001413	0.08391428506488766	0.4975013150973172	0.5024986849026828	2.4659131695413303	3.0938859608204337
7700	2.4659131695413303	0.79	0.4153707073139109	0.07770613283567822	0.5786298868818416	0.07940624383136086	0.41032271296948036	0.07476325000373117	0.5939398481747092	0.07600761444254185	0.47086502135398944	0.08328877670421306	0.5291973023800882	0.0832914552743782	0.4109303543099929	0.07638592816271988	0.5814774452721897	0.07775549979203555	0.4402835191788786	0.08099169110961324	0.5647908261610051	0.08001598293375943	0.4087254912242233	0.07792945970023478	0.5785590814445564	0.07750500451650058	0.44705405285163896	0.08127412106364568	0.5544997992680125	0.08016198882272554	0.49022611533470006	0.08440982683879536	0.5035261668974607	0.08366026871891864	0.4965762304907413	0.08474011449781028	0.508120633705773	0.08476170691209005	0.49572558843178316	0.0840287689829045	0.5037035554742281	0.08388683546216588	0.4979231568016615	0.5020768431983386	2.4659131695413303	3.0938859608204337
7800	2.4659131695413303	0.76	0.4152738026612457	0.07767097305532575	0.5785342614638059	0.07933948991862434	0.40990593653202684	0.07476703655727832	0.5945169935704427	0.07586940987535977	0.4710384827072658	0.08321338077140555	0.528145959076926	0.08315458360173107	0.4110912011539499	0.0763803796605774	0.5819257774571187	0.07768699179287308	0.4408924696884678	0.08089807236772573	0.5633405452449722	0.08014894384187421	0.4091778977466724	0.0779305560019055	0.5790347783109075	0.07742286257791002	0.44778253992660777	0.08118272907379508	0.5544645158022697	0.08012545401714657	0.4913066611848834	0.08425681877366784	0.5034182207899022	0.08361482863320625	0.49734289458997955	0.08458313663589902	0.509137009636968	0.08475154668892393	0.495506041838568	0.08411216712685637	0.5034848081147035	0.08417236078304531	0.49846232701178883	0.5015376729882112	2.4659131695413303	3.0938859608204337
7900	2.4659131695413303	0.82	0.41426567069319414	0.07747425031596133	0.5779595403250614	0.079498592421316	0.4097366125239514	0.07460321314111605	0.5947535548899427	0.07585290678190909	0.4721853718947207	0.08322050179975843	0.5276827264157775	0.08311804400221637	0.41113557647299215	0.07623990662956143	0.5831994481213941	0.07769278250864534	0.44130886543708087	0.0811872910523743	0.5635719016577692	0.07999576064806163	0.40885441317466353	0.07796775085251492	0.5791070868576829	0.07744953687456818	0.44855586471628306	0.08127149308350021	0.5535189792631896	0.08039400726814387	0.4927951999631794	0.08441375245596988	0.5025326676454457	0.08379654868989053	0.496990317889697	0.08460461522811133	0.508426889729607	0.08483479965351957	0.496585411059923	0.08408137546615047	0.5026283768288944	0.08415476432002648	0.49911437246963564	0.5008856275303644	2.4659131695413303	3.0938859608204337
8000	2.4659131695413303	0.81	0.413853298016197	0.07724215969283195	0.578082242175106	0.07939743602449537	0.4090955653449016	0.07443035860633537	0.5956339934033118	0.0757010795423665	0.47359709406885125	0.08345342235891448	0.5268997207276647	0.08319510218084053	0.41103793968086233	0.07600129898064321	0.5835611305251897	0.07745534737349061	0.44151556818293025	0.08136085822260124	0.5632209884682975	0.07999285193300518	0.4097526849113485	0.07819537006810875	0.5790005873176747	0.07751711847422983	0.44934316820740017	0.0812484573950121	0.5526464383704477	0.08045563421564428	0.4945229141019248	0.08436178839198455	0.500980932705897	0.08387832152479265	0.49655176362751985	0.08433788453265431	0.5095014034602189	0.08471991988477948	0.4976846807498381	0.0840568707034047	0.5016613143750646	0.08400925655103288	0.5	0.5	2.4659131695413303	3.0938859608204337
8100	2.4659131695413303	0.84	0.414069213945384	0.07716581081796778	0.578684669659401	0.07964003361201884	0.4087088602288918	0.07438747148155948	0.596448153339174	0.07553603277444407	0.47441815033963103	0.08337240511540811	0.5253732386931337	0.0830445113816127	0.41040674740371647	0.07589966274989378	0.5844993004865224	0.07752181762922859	0.44239006752241605	0.08132986309267082	0.5616207567207194	0.08035327936010069	0.409513864150836	0.07814205561453506	0.5795393391655141	0.07745698866824606	0.44963550983773887	0.08133879561392919	0.5523589517159495	0.08059879551073643	0.49485158440805405	0.08428652863068717	0.5004403452779078	0.08374069187006292	0.4964509500039044	0.08419761569030437	0.508814383348913	0.08459461479384522	0.49727590880140615	0.08400614654350301	0.5013380676531608	0.08411585048178434	0.4986426456071076	0.5013573543928924	2.4659131695413303	3.0938859608204337
8200	2.4659131695413303	0.76	0.41412623860889636	0.07717673523686583	0.5779486996670401	0.07962835727274352	0.4088826883169306	0.07445517097016556	0.5967302121598838	0.07550973811271502	0.47401404036525463	0.08334055260026756	0.5253994293471317	0.08318786796158328	0.40950455618215337	0.07578317054099987	0.5848516459742664	0.0774147102996534	0.4432134928440574	0.08157027730585788	0.5618919780404963	0.08032404724545833	0.4102529800759189	0.07823724309188608	0.579064833468437	0.07762095213167565	0.4509452465580496	0.081320669506586	0.5524496397379237	0.08048625681966003	0.4956908503203283	0.08418525967521229	0.49926902225533143	0.0837833000988147	0.4963913862740511	0.0842759208910088	0.5093867065796389	0.08464590830029756	0.4978874183895697	0.08384954578566152	0.5003490397268591	0.08426167637854443	0.49817162359824474	0.5018283764017553	2.4659131695413303	3.0938859608204337
8300	2.4659131695413303	0.79	0.4136885652647774	0.07721535272360971	0.5771131797494891	0.07979521528700455	0.4085146737321361	0.0742476006999086	0.597378908887536	0.07518983351573184	0.4741554107749051	0.08324414406983269	0.5249779137076451	0.0832768035275175	0.4093011183054772	0.07568722892849734	0.5855710902685121	0.07741007167174141	0.44344883427626486	0.08144395950982632	0.5618011205231604	0.08024976214780091	0.4107137166805062	0.07823894279634501	0.579141203381964	0.07754488199050748	0.4520398871921608	0.08148035015628458	0.5520423549981303	0.08063193939896238	0.49652905198562847	0.08391179687374997	0.4987750184767791	0.08358986860720284	0.4965068795831404	0.0842243384573677	0.5097235944103439	0.08448205309561978	0.49761168462538197	0.08382480619097964	0.5006140035016652	0.08432583662166306	0.4980732177263969	0.5019267822736031	2.4659131695413303	3.0938859608204337
8400	2.4659131695413303	0.75	0.4138497478221357	0.07731730020504707	0.5768474072479813	0.07977202600467562	0.4078326257673355	0.07422368435444165	0.5979398344435399	0.07517677132418113	0.47466461025118223	0.0834567768568393	0.5244517393936292	0.08349151234939245	0.40920694689946846	0.07581087900726662	0.585530067739721	0.07724467986140479	0.4433247542329168	0.08159201515713291	0.5617041080792009	0.08022485890828887	0.4121351482393749	0.07842548697911102	0.579119708419092	0.07747623519012431	0.4534013632259892	0.08148140053974344	0.5509588567023832	0.08066761665383665	0.4981952032388838	0.08393525939387295	0.49890567269044594	0.08356091871420009	0.4969691941158475	0.08424245937492852	0.5097662083620715	0.08419865647113084	0.4974697642830846	0.08389886813004699	0.5014971185685245	0.08430883507078414	0.4984531175630652	0.5015468824369348	2.4659131695413303	3.0938859608204337
8500	2.4659131695413303	0.78	0.4136900184735749	0.07734375253505685	0.5762411513455861	0.07979370626587229	0.4073278901826626	0.0741051750327253	0.5984667122962645	0.07519132015796137	0.4752930262562472	0.0837055370452824	0.5235491819559718	0.08354251205344233	0.4089962108657584	0.07577471826722519	0.5854250758151248	0.07726647062191304	0.444134960754183	0.08171468576182984	0.5616363307714333	0.08032324613166951	0.41284015335237045	0.07845812810789392	0.5789998491696899	0.07746504542765406	0.45367964729755256	0.08143246250013579	0.5502857154447738	0.08090386195037033	0.4993973945449821	0.08387895802098169	0.4987472163983989	0.08371202981378913	0.49745371125883703	0.08433416000399079	0.5100168654764319	0.08402715581130467	0.4968784858309982	0.08387130463084588	0.5017175410420018	0.08436545356463901	0.498236124176858	0.5017638758231421	2.4659131695413303	3.0938859608204337
8600	2.4659131695413303	0.71	0.4152542760087967	0.07724206313805432	0.5756879362973982	0.07972946712969033	0.4076530252609775	0.07426717146709713	0.5982531892462168	0.07513506681797959	0.4761127524146482	0.08380088001763332	0.5223100779680103	0.08359717775785068	0.4085224870842172	0.07582630388148048	0.5867396025002988	0.07713787679427905	0.4445004426347633	0.08179700897853923	0.560594776487841	0.0804532323295038	0.41341173374444506	0.07853212432308586	0.5780735769734827	0.07761806274032461	0.4533415878281899	0.08160139259777083	0.5500145720486079	0.08090639796332023	0.5005080778600941	0.08395659155233566	0.4976484727266632	0.08383191055534463	0.49738536366590325	0.08429479663775036	0.5107026432417853	0.08407731235051802	0.4967793415498648	0.08368351061950094	0.5021287947085767	0.08425899759179277	0.4975592747559275	0.5024407252440726	2.4659131695413303	3.0938859608204337
8700	2.4659131695413303	0.72	0.4157835915165764	0.07721205900289775	0.5755856366570075	0.07971760040959412	0.4067755858073296	0.07408238256933258	0.5993036862991725	0.07486313191028615	0.47731010598245494	0.08374961296006382	0.5213330127393483	0.08377020321894195	0.40879332573799954	0.0757134148663629	0.5870480116733122	0.07724283638319064	0.4457488012988478	0.08192265520311684	0.5596303015275834	0.0807459117253747	0.41382421944392805	0.07904206491441607	0.5783298309021726	0.07772740986746786	0.45348671839153176	0.08153777871996583	0.5492466084753518	0.08098792448155664	0.5014774694013676	0.08387333903608243	0.4967887950375317	0.08374906977784995	0.4969995701246896	0.08427626295359228	0.5103334763962663	0.08408156734550237	0.49680009203566644	0.08378207384679404	0.5024890653924006	0.08410490963200935	0.4971277573529412	0.5028722426470589	2.4659131695413303	3.0938859608204337
8800	2.4659131695413303	0.71	0.41671141423804475	0.07731283678945206	0.5752242241123094	0.07963802358257839	0.40635957259003014	0.07402096393617003	0.6004305743873061	0.07472402249653211	0.4778955918413367	0.08399051637703567	0.5201384226348159	0.08380108053074296	0.40803640786062817	0.07554200907136108	0.5866275826516841	0.07739855630941087	0.4461217956816558	0.08208250822986267	0.5578267466552712	0.08117043657135693	0.41477330463239087	0.07921720399494052	0.5768061457363126	0.07792623990190514	0.45439968143508824	0.08151649850797077	0.5494899943367565	0.08089725545491987	0.5019950290127707	0.08397200472079162	0.4956753817435916	0.08378275304953176	0.4972905025529938	0.0842472369428288	0.5105345516157586	0.08409837759614004	0.49691557180534124	0.08366165878234509	0.5027618766520655	0.08398908615064506	0.4968196274420718	0.5031803725579282	2.4659131695413303	3.0938859608204337
8900	2.4659131695413303	0.86	0.41722083222720263	0.07729768519188596	0.5755121762652293	0.07947594190883066	0.4058137204789647	0.07385741813195275	0.6003804900341015	0.07470469362764565	0.47829881790054174	0.08407386452294986	0.5202941487001694	0.08370409557701178	0.40721126040778377	0.07562233698457971	0.5867790184322889	0.07727689037322205	0.4473293974232459	0.08189682085867359	0.5575585318079348	0.08108876403978854	0.4154695582056757	0.079200516481355	0.5766936139106602	0.07797663127930526	0.454509298345135	0.08173990644851742	0.5498043959566996	0.0808811421330543	0.5029220828554412	0.08397551617140563	0.4944450007389414	0.0838894986960027	0.49613582728027206	0.08434941806216456	0.5110247927487418	0.08417634642675476	0.49705058369090804	0.0835222745271221	0.5029116558024059	0.08392415261026265	0.4974168912848158	0.5025831087151842	2.4659131695413303	3.0938859608204337
9000	2.4659131695413303	0.8	0.41647278532017756	0.07734843797702518	0.5753658095662407	0.07961722920549634	0.40580108154108474	0.07365996344366765	0.6004920053141714	0.07458018044112188	0.48000035935725377	0.08415262701121409	0.5197759911439851	0.08381801025182473	0.40601360935916386	0.07536254232232707	0.5878735704995551	0.07707179032302203	0.44787525119714483	0.08182529830397378	0.5564113805585065	0.08102153998986493	0.41696648543434656	0.07942792274499562	0.576606359284473	0.07807812383295076	0.4546490215016306	0.08167676612800255	0.5490623479316661	0.08089199484901059	0.5034057498039335	0.08396925511968055	0.4935365232712852	0.0837095107015261	0.4961840903322364	0.08425338015825276	0.5117377951190419	0.08425244421760962	0.4971303547396716	0.08367340786680345	0.5023600024792644	0.0839422312024359	0.49811195024433585	0.5018880497556641	2.4659131695413303	3.0938859608204337
9100	2.4659131695413303	0.72	0.41631822650699646	0.07743999212674921	0.5747013827724341	0.0795256352892511	0.4052320835953813	0.07364487956688964	0.6012500928710922	0.0744509028760939	0.4811076887022716	0.08416683201635992	0.5191279633255662	0.08381775063287972	0.40591032587659637	0.07518193039437113	0.588798431210511	0.07671268878897669	0.4483104613869654	0.08183598173961426	0.5559271478244846	0.08115354270276441	0.4175703646359941	0.07958877164160946	0.5756288908434705	0.07851589623693415	0.45540973671535157	0.08179026125461175	0.5476274410928046	0.08098020456522378	0.503344502823299	0.08387612895082946	0.49301938707611204	0.0837253985858231	0.49666601590497667	0.08438161397296354	0.5115260948583366	0.08409066607898351	0.49677412254494163	0.08363024191420222	0.5023013256564509	0.08389908562315936	0.49758347978910367	0.5024165202108963	2.4659131695413303	3.0938859608204337
9200	2.4659131695413303	0.72	0.4162228811584811	0.07764107945701203	0.5740992582635598	0.07951683017368207	0.40467460586662996	0.07342468411694145	0.6011583517136363	0.07435027468532147	0.4823408520534526	0.08448610488260906	0.5181169913576785	0.0838994378210051	0.4062590597584357	0.07517538876169477	0.5897558047848912	0.07650463130990352	0.44917528855530386	0.08166569623548317	0.554294317956415	0.08145609405215991	0.4180319464730478	0.0794998302995158	0.5755705716873252	0.07846580188840614	0.4561649979422605	0.08179812159243642	0.5465695706768932	0.08123132955110816	0.5039730802736746	0.0838104679813204	0.49249049920827487	0.08378833272280621	0.4971409689478487	0.08447688057940142	0.5118204679301783	0.08386673557399874	0.49701968069568925	0.08375972802299247	0.5026275400417094	0.08391259970498921	0.49760973489787047	0.5023902651021295	2.4659131695413303	3.0938859608204337
9300	2.4659131695413303	0.72	0.41671678858625794	0.07779525933132055	0.5734710573230739	0.0794270451897429	0.40486326415683843	0.07334859078210641	0.6013174965814545	0.07416412659329852	0.48247373300987895	0.08451347978017984	0.5175090525674311	0.08379523756168152	0.40604797100874296	0.0752040010160076	0.5901079858053914	0.07654734632863613	0.4489335022541384	0.08184786447999326	0.553031389839932	0.08178453652567465	0.4188258887150266	0.07958137318661933	0.5758846016582198	0.07862724821480965	0.4579739695001879	0.08222000546060443	0.5460464827614806	0.0813539373917078	0.5046394215718276	0.08389771465122854	0.49187492501079033	0.08361625295832774	0.496809564366089	0.08454345402466355	0.5121571622548	0.08386822101812644	0.4973977455612242	0.08373778828452044	0.5022108145371198	0.0838159879145291	0.4972055030094583	0.5027944969905417	2.4659131695413303	3.0938859608204337
9400	2.4659131695413303	0.82	0.4169639917874899	0.07773054261738457	0.5738982283047945	0.07937573131226232	0.4047140202025419	0.07329731995305913	0.6018707695337909	0.07412596650242737	0.48211117230685335	0.08463388317161992	0.5170345129913444	0.08383081379768965	0.4050335840945117	0.07503845938750021	0.5909124987904286	0.07667600846657645	0.4488944442538054	0.08179656080053604	0.5522891471450516	0.08198007477903514	0.419499453036029	0.07978369366675828	0.5754231937046868	0.07872538712630427	0.4588829322885427	0.08214981293065522	0.5460395303052725	0.08136842349686997	0.50571385281251	0.08381294319959069	0.49165796125051336	0.08360772000489587	0.49707018159297744	0.08440718840762777	0.5124011243823706	0.0838049480485973	0.49855226105345335	0.08377932671810416	0.5026424814405259	0.08378205923883676	0.4965971926839643	0.5034028073160357	2.4659131695413303	3.0938859608204337
9500	2.4659131695413303	0.82	0.41627078306196075	0.07764571636592012	0.5735805238505417	0.07941481307719041	0.40390276507960726	0.07320764398958761	0.6020000755673209	0.07402825506889801	0.48241173685258654	0.08443398822992909	0.5157478254426084	0.08369432655237477	0.4052564863319996	0.07493534675032194	0.5919172615118606	0.07666363323550779	0.44990760793660445	0.08190898601550424	0.5510412030845044	0.08204726007810244	0.41993199407400267	0.07968571529162573	0.5746827363733006	0.07886867360292887	0.4585886868742293	0.08229290454980524	0.5458862926416147	0.08123117004768246	0.5060690328841656	0.0839732779290722	0.4911287222529107	0.0836334091263934	0.4970399063919818	0.08419553296709452	0.5129698896723863	0.08362135526885905	0.49862345310354717	0.0838683011718902	0.5030498730983933	0.08371063047964865	0.49684343434343436	0.5031565656565656	2.4659131695413303	3.0938859608204337
9600	2.4659131695413303	0.71	0.4173995939136675	0.07767739739816175	0.5732970979456289	0.07938406731147964	0.4042171371775362	0.07294919529127167	0.6022362681729881	0.07387021622423456	0.48343331396256295	0.08438413480839138	0.5150861213946083	0.08348384534289915	0.40500226125904887	0.0746728516252247	0.5918509942993391	0.0765680151179878	0.450517708763881	0.08211265485862197	0.5510171900855044	0.08211354262371798	0.41958675209125645	0.07966488366956424	0.573746064934018	0.07879772725624457	0.4588594717197937	0.0822401470511594	0.5454967829199018	0.08110862167584777	0.5075474945510272	0.0839215098323338	0.49048370976971806	0.08354448281145625	0.497505450707751	0.08409938481741128	0.5131852362984717	0.08369812123342313	0.4982266562982834	0.08379807507643285	0.5032015391597375	0.08364499739667994	0.49718867138692213	0.5028113286130779	2.4659131695413303	3.0938859608204337
9700	2.4659131695413303	0.8	0.41726662567653894	0.07747509111574727	0.5733492888197368	0.07923518136497122	0.4042830528135509	0.07290601721382972	0.6025281877819018	0.07367020243278781	0.4844998980187138	0.0844493895868139	0.5144269547600815	0.08352860221735024	0.40474766373743987	0.07457216694523493	0.5926982827798069	0.07662155453756933	0.4509207086315825	0.08212739966750583	0.5502259151655646	0.08202727230906492	0.4204175325721349	0.07993217672361301	0.5729817609633584	0.07889177634969799	0.4593693408511986	0.08219969679880354	0.5449123791474366	0.08124518963051404	0.5088662781682027	0.08401692064048169	0.48994894936263045	0.08348844892269844	0.4968036472373518	0.08407462991291385	0.5134531845368967	0.08364419451040349	0.4988739712852163	0.08383939509924936	0.5039982637813001	0.0836666240625348	0.4972176422093982	0.5027823577906018	2.4659131695413303	3.0938859608204337
9800	2.4659131695413303	0.78	0.4176921026372975	0.07739444638646634	0.5733879453324602	0.07931890465499082	0.4042874460754328	0.0726957868420038	0.6027421497957147	0.0735569918328738	0.48500929992507674	0.084430812431816	0.5135515426817224	0.08356775055214587	0.4044288775612407	0.07455896074107392	0.593161600956351	0.07655594026425089	0.4520542492764826	0.08197729234182075	0.5495393970407039	0.08204637113123939	0.4208020089520823	0.079808031921909	0.5726042769542102	0.07912447230272449	0.4594749047910349	0.08211214061643116	0.5450237305277954	0.08105460426724169	0.5089818467367226	0.08404731393498187	0.4894550847838347	0.08329971645616367	0.497002944815131	0.08397544570063194	0.5125761223084874	0.083483571576424	0.498603115710379	0.08375419293883982	0.5035827222082924	0.08360596884940998	0.4968380252957976	0.5031619747042023	2.4659131695413303	3.0938859608204337
9900	2.4659131695413303	0.72	0.4183136950422103	0.07754667751556422	0.572894847073812	0.07922722701949528	0.4041477251947904	0.07262989368777886	0.6026345171405934	0.07339151339256776	0.48628682694910713	0.08442175544543293	0.5127029204387787	0.08377689025751654	0.40447679987869223	0.07460065326983735	0.5928339743342445	0.07650676860499411	0.45274584863744444	0.08199688646862113	0.5495397499690521	0.0820999615135383	0.4214897706450435	0.07973476849129421	0.5715930068144469	0.07926040119426189	0.4594069523138431	0.08197510964804368	0.5451561823184952	0.08096214935356986	0.509890791801419	0.0840327218738971	0.488395178532319	0.08331936203303725	0.49709389343908106	0.08389641985568166	0.512896277037434	0.08363325084316582	0.4993971377155608	0.0835165406062435	0.5035000080355815	0.08347459819692667	0.497172859450727	0.502827140549273	2.4659131695413303	3.0938859608204337
10000	2.4659131695413303	0.76	0.4183890416256802	0.07760429669358339	0.5726493729504126	0.07919883089992905	0.4039454139193619	0.07262060292723309	0.6024531628791786	0.07344978316419365	0.48712977394515533	0.08438396317719697	0.5122643548984185	0.08373242578322557	0.40356442898435	0.07455465238839105	0.5934733019434012	0.07643131212185088	0.4537040744240838	0.08199530585697674	0.549428200281479	0.0821342675804665	0.4208625983925304	0.07975363773572992	0.5710351481379661	0.07938676485898952	0.46009047260036534	0.0822235951701109	0.5451162764361734	0.08107464486113937	0.5098187085645929	0.08408418397140624	0.4880507955715205	0.08323472212515605	0.4976202479494409	0.08381814337486267	0.512480667315288	0.08356386098056709	0.5001212239404763	0.08352811048010955	0.5034913588211293	0.08345058911133126	0.49780087964814074	0.5021991203518592	2.4659131695413303	3.0938859608204337
0.8139603960396039
