2.6091248713704527,1.510866869914998
1.7468033325083532,0.6349466809100459
1.7142054237950028,-1.1900233070709065
1.7439584995547395,0.9107939104186614
1.8529157846400706,1.7046689074487495
1.333835177201056,0.27367980169992645
1.2294088499684788,-0.042382394729952866
1.981182282205196,0.4057069031188501
2.1496152536978603,1.0197619010825658
2.0316940344720686,0.5835437199755444
3.1166273858788065,0.025281410073799693
1.8348752222077542,-0.3498051656121448
2.792886839485039,1.9472051455125245
1.4362486212893226,0.7464232479044556
1.6757486219222701,0.24843644322678737
2.8858278848779793,0.8148497739654855
3.2266271359326035,0.9657338355108895
2.8239930011886574,0.07228738277241464
4.711177159996451,0.93752733572485
2.7928451892858797,1.8721194089282127
3.1677386748013685,1.3193185383817465
2.841372769961868,0.43511827928129687
3.2089028669456936,1.1774387697365598
3.5854417061825545,0.885309955633154
3.723878384749028,0.45874446699211524
2.279087676227373,-0.2333891877559403
3.2129797563619418,1.4398626295536014
2.9154723893161893,0.6046630645714416
1.571515846185234,0.5853090138105652
1.9722223723859005,0.8408357164879512
2.029762089353226,-0.21768671638667625
1.5523435367881535,-0.3987185136408863
3.2056090857387862,1.5665998349794192
1.704991585667305,1.8081470551333554
2.407806028905868,0.5276083292020776
3.3300786925732817,0.11535040632352034
2.3274157577856864,-0.20986643434267394
0.8186474714971845,0.8275088863557472
2.5083174015281426,2.0059866166689457
2.557192779166431,0.7319375175917724
1.9342349279502982,0.7124280320772971
3.629468597105105,0.8197431537136493
2.2946213063877,-0.1422104199577815
3.1440393282131405,0.15221046269395944
2.9086195815984994,0.311702519312958
1.877285124360625,0.5849309347574394
3.2502041797589163,0.5245656664755307
1.5010255680830644,0.8250594873193833
3.3026292026744386,1.925703877803548
2.882104625484732,1.9939061565085605
2.0330229732306475,0.7858252548352462
5.073773491358571,0.4770749252836267
3.242116229259743,-0.004351912779974265
1.1656117877072734,0.15876243898101022
3.707248621064939,0.04480230100719629
3.083783508762415,0.18930328656740647
4.040748628483756,0.268897825575647
1.6078902669868729,0.4026223409980839
3.637951298791596,1.4929340895841348
2.2022765775383513,0.9439091158227129
3.259607557947956,2.217204487877349
1.9583319015032123,0.8548033764103744
0.8064576099552541,0.30520589056065994
3.705148194381721,0.928005893153154
3.2025771684013353,0.3087407379977234
0.5297099832741419,1.4399736385273032
1.2076899967652954,1.4418382945503523
3.8271966621993787,1.7459337586828996
2.451569191353883,-0.5920711631660751
3.8872193212769552,0.6571235887812295
3.1467499525709717,1.8482200533274846
1.1469510573958677,0.9042567174232674
2.3205685066959534,1.262096083000923
3.7290398010815298,1.0523339271060341
2.7740263142294173,0.01409329960021044
1.8847676343960766,1.5847448690081158
2.54386533829118,-0.31908196406233613
1.8492492112246892,-0.1769932706110613
2.105741457213629,0.2991799755578342
1.7115778400870658,2.4239294147726334
2.6644453220565527,1.2122695830914951
1.7879601895599935,-0.6182206123232898
1.6396096472769712,1.1495243556714039
2.0715265712903266,-0.6879739909970233
1.70168971265263,1.0620628044659919
2.107906562678638,1.5579646689064135
2.2847747590363525,0.04603744539082788
3.176321526727789,1.8658492142298604
1.4336585677245337,0.9669031931442249
2.36466000062955,0.9815000109148879
2.734534162852606,-0.26726876273590117
3.922833007430543,1.5521677197837016
0.9067780788097297,0.0844882013758016
2.1379243420368295,0.3975237576266286
2.435207368612391,0.34672003200604395
1.9664961262582221,1.8774495134796263
1.2704195481537206,0.7357295981025554
4.136227896290275,0.16563745878303238
2.881020544304341,2.397467692562629
2.596506234508086,0.8023014530884452
1.7009551234964937,-0.2884232909363664
2.310914674394576,1.5163694958512437
1.5233802063436919,0.8705866401191151
3.133114965557332,1.4307129771088283
1.3604304225926884,0.4971759129247336
3.792772887867552,0.8830854771839339
1.7428951128941463,-1.2487771671141557
1.1719713651842851,0.8678952671158314
3.187961490052259,1.0061377043811288
3.8862871553411567,1.111063192353175
3.767025868022929,1.1985635498483795
4.206915436662438,1.1843681174011618
3.3794081206878746,0.41436625978708724
2.6222455528023065,0.447740139898427
3.7650044327361902,1.4690581807490117
0.8549341092881289,0.030990602672176126
3.312680332456451,0.9115399598750679
1.7937515543043059,1.317035913114277
2.779330900775893,1.018534367392826
2.3987019496837148,-0.3414932441282036
1.5634334204610565,1.0427650676297735
1.9190737221596643,-0.31476668589436985
2.582521266564426,0.2955173544937572
4.63246672106226,0.06199444792298747
3.3706275510126047,1.4730294957644934
2.1693130946876633,0.4237324491569143
2.5937950577084967,1.0599880362830305
1.7237130092918034,0.334062257643049
2.8457985854892143,0.47131789132642093
2.18253421470694,-0.4603677535462908
1.279389281397125,0.3070345078401886
3.214544663976826,0.1998947522488972
0.5386714141901388,0.06417548501050246
3.7169798735950903,2.374952498018908
2.3106630998869764,2.0124668395843632
2.8781957391261503,1.7258634922230973
2.506168901284905,0.4363563382617116
2.5706798581168946,0.4935577355694207
1.0719379381684884,1.1685063046795219
0.7163680493948357,0.24384592450221193
3.1276304544886124,1.2079323895162792
3.662130296457546,0.548133052561423
1.7178311759964167,0.22512118768899253
1.251606456357735,0.4330009588314119
1.4587864800955097,0.3194442840698697
0.8681943281489777,0.5685242318845708
3.3294634937756835,0.27092066979697915
1.0389774792331132,0.6880133046311777
1.7387183686010241,1.3186507078209901
1.6470222733654132,0.9951979641853496
2.4203995643013028,1.3923307468090005
3.3779040311348623,0.7935698005731621
3.9286950945679786,1.566397555945013
1.5286992077200496,0.5854451664085993
2.359826525755101,1.549928152585692
1.9988030150956275,1.387109696272808
2.5986322975788014,1.5615181379875016
1.767311452875492,1.4129834183581012
2.590625217578224,1.116868623122857
3.5398599768903996,1.1081044794617287
1.8672340794131723,0.6073446146358503
5.253753000312484,0.8211913207681586
2.17242886254599,0.6805752565575662
3.14421513489615,1.2972685139885443
1.1619176847233754,0.8366179880175917
2.5862122362682713,0.915581775257882
0.9489282216082049,0.7655456874172193
3.42290696440518,0.3350619044865517
3.7299115498108986,1.8687879417817406
1.200962800034606,0.6400525889684776
2.5580905764118924,0.7797350561342753
2.9170122564137553,1.583559126587319
0.07028404889873885,0.5790295702573325
1.7091810342247755,0.3272253489915411
3.771055951753395,0.5556379248444315
1.0723017983477185,0.7113403989681606
0.7860479447915316,0.5044956321327485
1.2233330606111776,2.014538023895732
3.6092606813218007,1.0489324532285822
1.6561823718194988,0.33594754092495777
1.7654840660180526,0.39370431104523473
-0.3619227307409134,0.5845001300973344
1.2449144284776905,1.2094488891484447
3.6657156299119134,0.11931798819454664
3.9554361584648827,1.6457073172855567
3.2893606832777476,1.3882412750975894
2.1351451986309797,0.2036381377680726
0.9369246563728186,1.5030524802231933
0.9450014054981632,1.440019546397039
3.3926328661593312,1.5993245449056057
3.598698730613058,1.7410442868088611
2.9255078449556864,1.0293404134423905
2.552459559553311,0.7176238808801604
1.6462775052193113,0.41918421672884615
3.58187384008107,0.451249188484611
4.770248025595878,1.7000200068882072
2.625746448316834,0.5972656207333614
4.70172494527424,1.203713083035255
3.40337156444139,1.0668618805678596
2.9802117271449635,-0.286245716989754
2.859927248294035,1.8301685748995542
2.7766141380374045,2.0053415565044315
1.5926545303550503,-0.25863210091136835
1.8066619336362795,1.4413783133302938
2.534574117867025,1.3511680772222938
2.7900810389607167,1.6018318903010955
3.4834631700605243,0.1881057921151944
3.216980859682993,0.9804662849175448
3.5057286703049053,1.0503897134469613
1.2021824179597798,1.2700983229566107
2.0544297117283197,0.7593235374533321
4.40181870477333,0.7214471001131317
3.8274848637704637,0.5556357979937253
2.893014531686245,1.683306266854684
3.426576189883102,1.5080917071760143
2.9770032176121806,0.07869863269060218
2.559106648972792,0.4142977248010726
2.236036134532758,0.7680494719837195
1.3224778279602785,0.8048853436416286
1.5597952677272628,0.7964397769622522
1.026874329327022,0.4262049921837028
2.9907291328656243,0.7571950334210936
1.768188033309942,-0.16171974476145723
2.1726254901239583,1.7895299058871315
2.555290281086348,0.678659417134356
3.056194263830933,0.017203451805568926
3.792133269165917,0.06578655404657552
2.3492794408837594,0.9284380846542926
4.122862925744426,1.2583346506969733
2.545214333996807,0.18837839897552688
2.4732310838995644,1.0549538141801764
1.111255213630251,0.31184174307889195
2.4193690928856126,-0.500644803760932
0.5642010799921469,1.1803095081609314
2.1395291892344113,2.253971293187066
0.9529934346622242,0.29984485801794364
2.6403284136437293,1.684856854997471
2.663599293853316,1.6485744150207031
3.232988973488368,1.4994363390668317
2.6646229258331875,1.3079410595877325
1.865599852853431,0.245447621066177
2.290367175377826,1.1880097412893653
2.4270595027284663,1.411798548164548
1.6582456078054522,0.40124143317103644
2.454923019471449,1.2710725107928966
3.6216423977085004,1.8336158801775988
0.5314602683963803,0.3739365702472226
2.4865631964652377,0.3404332551757642
2.2590112480964364,1.4064025246931595
4.493798907696897,1.274511960100561
2.9492190547224855,0.5440138587262439
3.665962606647847,1.0983132900297656
3.487904357135578,0.324397320619797
2.686498733808222,1.1631077087999713
0.1577947161216846,1.1522573603176864
0.5240939770655999,0.6304626631451076
1.747700453760594,2.055563365174783
2.735232552955777,0.4908199586860627
2.79934272485251,0.28860616434827613
2.634055838669449,-0.23425034348344842
3.8331890358932554,0.7721227423927273
1.7176126391792685,1.1553124628547022
4.647085050618093,1.315730283328464
4.0795431903787405,-0.6051361229082377
1.6187539248485332,-0.28035925827515185
2.9212126377351906,-0.39207066903657894
1.116453824456049,0.21106411996815283
1.5767090628910578,1.0327686658271937
1.8822586419139753,0.8972984495588983
2.152213573716059,1.4113252773283074
1.779817749761749,0.6045871782091916
4.587335957175474,1.1736008977629848
4.27457470022572,1.3922913577890887
1.8703658435923538,-0.09748075487766483
3.947991417085806,2.236709774030513
2.503881557315922,0.7432743668025614
0.5452965868376562,-0.02639790528043312
3.920599502096147,0.4595619564344783
2.412429301973443,0.3814156461351039
3.429450649118679,1.445367680833141
1.4021174176491575,1.5175923602704111
2.7744681249484566,1.920042513162971
4.160132902370532,0.3078637315542301
2.31401721465976,1.0955828863936405
1.9194698625490325,0.5760998860284804
1.5945798740698511,0.036091018004964615
1.827339400249149,-0.06516289210968007
1.44639937448221,0.5137344909008862
1.923946926348147,0.851527436645089
1.6144532494283794,1.8321169116268694
2.080434170372638,1.5284499212057134
1.9467110244290056,0.8704878590640013
3.1135413390675075,0.759885400415475
3.9988704452080075,0.8140870160465712
4.798297524604603,1.5217562683519748
4.296312838037934,1.7518847669586837
2.650675595741152,-0.3265864532676218
2.742292354974859,0.0723778726573624
3.970563288486564,1.4818295985954832
1.2629648048959816,0.7804657058276808
2.9139242991925034,0.3941755620383658
3.4796176130868703,0.6784350909229419
0.9023624041308869,1.4317122591656595
2.1644867007343773,0.5421291559833372
3.963400286090776,-0.9810117722536302
1.7093811311206413,2.197170371573937
2.842462390512771,0.06076843776948426
1.6680232958512464,0.6908561492945541
0.9374259261377926,0.12381282103417918
2.105605381499838,1.2500724216232895
-0.6811878211848672,-0.07470089560936588
3.109227356737843,0.5601540400655582
2.973941329205706,1.3623425282255672
1.524711686216523,1.1994139921806937
0.7393614157518895,-0.4584923322265846
2.389752669903184,0.7778335155150883
2.1692498640676767,0.16212470795217582
0.8229125465989275,1.024321535819335
1.8869407146647448,1.7145574431795663
1.5659086166515663,0.10320531578563341
1.8390773189030756,0.2873403161956793
1.3819115602777423,0.003261786231526953
2.8758643763893224,0.3260272468800084
1.590644869272473,0.7368167398441867
3.608738331191624,1.2331255714871467
1.0158578142951233,-0.09723570639346102
2.1013121311663223,1.550464059172732
2.1257138541320733,1.9380708582291368
1.2274290069555818,0.024802318276922253
4.53072628279804,1.924393131459639
1.9958315492854484,-0.09911977640852543
2.6018619986901186,0.24469679410648293
3.481283462846884,1.529212114303796
1.9270219012290282,1.1516412104014013
3.997016591283656,0.3621105583628872
3.12368823627187,1.3677595566440308
0.8108865277511292,-0.42033144457341076
-1.4274571912914547,0.2424269534064057
4.268824434131064,0.9827047411444206
3.7100371491335267,0.4611091648184954
-0.7332090785330165,0.7677078162928292
2.0155991381619462,0.7248869488451282
3.9468356336694845,2.204395135947162
2.6937222221394177,0.10887163878350137
2.1858720851998292,-0.1346617196515819
2.818734682491725,-0.06688946337301993
2.9250034117298034,1.109745718759961
2.196535703225397,0.64213639895581
2.07065831546951,0.027879311324204403
4.261939268235289,0.7202062246382547
0.11716096911226881,0.8031497972271573
2.54736546652432,0.11948583470699314
3.162279242309545,2.4197010288157816
3.2032120381959985,0.27759929850911125
1.8068073289036064,3.576642313056098
2.929380569648008,0.8210999138829939
1.1904558095214886,1.889089386548024
2.9408754074099175,0.06299125167401165
2.319212371373241,1.0443615106724193
1.4303091402774735,0.50705314627952
3.382953467863114,1.7272698768488635
2.338842839919321,2.426336705002293
3.2433523503699377,1.3608151598692402
3.4772685630983746,1.3212618582725442
2.1162183505433094,-0.6330221384905136
1.3248815197933828,0.6308367671733519
2.0664332032877404,1.234323110158074
3.0783770736173963,0.5245094198946759
1.0331328773134858,0.7309239825055286
2.8864799344577112,1.7232340138683382
2.8963988710783664,1.8374223343410006
1.2957640329236213,0.8743515205129333
2.4574495132510865,0.393948617024614
2.1060916903583076,0.6292122912418594
0.9980910541136989,0.21798298736955957
3.2372326312397446,2.559082179784167
4.19034303149303,1.0996533417480874
3.5145484974999994,0.9511240089110448
2.153905701908473,0.4799299136724521
1.371930553391424,1.6565816941408749
1.7684442143519263,0.38445574253298426
2.8548968445288203,1.0475323097665543
1.6467661193474123,0.02578735039273805
1.7569628801928472,1.9159282997186509
2.848953202633338,0.9196720084369984
2.232846317543993,1.2399433159649358
3.481070800212924,0.6289323906139737
1.481018931468522,1.273423943497288
3.167287331373461,1.104635131399904
2.7296694902740897,-1.5184718973455091
4.086763345741576,0.9064007126380267
2.6052926037406867,0.05936803388343914
3.6498615380202866,1.010948011844439
2.5521564871849622,1.057582509571298
2.743809000600575,1.60136292357795
4.317198330106125,1.5600457885841443
1.2247866971037207,1.5530662039611243
1.6597438933968565,1.313355222427212
3.0174645219797576,1.0906791801485247
3.4674182341724475,0.4962282747347092
-0.034323536246186226,0.4533080838743944
1.755268148638352,1.527491466390837
1.1415342338474528,0.696418386597162
3.5894003723197194,1.089008329503381
1.2172319225921622,-0.11477077173557115
1.1355247259595755,1.7963522888950942
2.363897356134031,1.948025872697412
3.559000556105852,-0.42624205798121984
2.2035790245344415,0.26101584922454896
1.818462532357073,0.8140656398959458
5.9929612681261,1.2798774487551798
3.402304051765496,0.0338751934202739
1.8841463806726657,1.3933516991201738
3.0865779604088366,2.628605088082648
2.2744964473875564,0.968851920412025
1.7979180893233435,0.9611597566682437
3.752176129671146,1.1229206998890955
3.9144974314256027,0.3084931963015586
3.1627664776450195,1.532726693381798
1.8948951088202888,0.4976001966172221
1.6996434259939277,0.9278013031707859
2.2972114598311535,1.1126861894032691
1.5656956675060258,1.789570788738692
2.6723431646917426,0.8722343985864374
1.1314774594022272,0.057023004058595506
1.2621665124186399,1.311083754789912
1.564719105662315,-0.5664060859420386
1.0033980789778774,1.0666840692085133
6.04174301385044,0.7658695735727885
2.7157407024650126,1.0625193835004556
3.309334840315687,0.5236796630533505
1.8450880925884205,1.0557570893213026
2.802689037966041,1.2374686087909699
2.5651592111439854,0.5734164906129965
3.481479350674698,0.4100493206022574
1.4917526750470365,1.4525251940318507
3.8094813427918925,1.4549703230700093
2.561977672895333,0.6743019195267279
2.146284708271088,0.869026979064389
4.1421989737367255,1.946983315782461
3.5447951161754925,0.193259582430653
1.8703307225132284,1.2430105963920601
3.3006017459027692,1.9016072659760983
1.2895624895358093,1.8845034729033898
3.417887478286508,-0.150816492484093
5.011765880330982,2.0892718122018374
2.6081424680710144,2.541799238392424
2.953689306241502,0.33558827035820016
1.530161853926471,1.5234936456197148
3.66867518734752,0.9767108284771555
2.6217707872852145,2.02761527213673
3.853775028381854,0.6777875948074841
1.4354472554195234,0.4845252361774049
2.288151047535179,-0.0923758451701655
2.9245832130809277,1.3507457038569182
2.8451641211804937,0.8850339219153972
1.8575487494624634,1.0820170859411486
1.898783123656036,0.7705622296035418
4.567112461545133,0.38308331682340513
3.8799232322620956,1.3503477861494815
1.1215169005329075,0.51115672644602
-0.04623236512437723,0.11361194438006367
1.392598712938607,0.6864865971546054
3.17300600088607,1.0826961232993204
3.5862904563993623,0.9333782068138055
3.3779834974556753,0.7644293913838416
0.6138169971238268,1.0430249200891148
3.598577586367819,0.5539039023428891
3.1271183343991362,1.2383714175058709
0.4603596818492881,0.5267029971082284
2.1802458972803582,1.0687896090729716
2.625202283308699,1.4266080365442497
2.645947459053588,0.4135746143560518
1.9490297774459364,1.0617172742897236
3.321494167922229,1.4565032628771404
2.125857421170477,1.115660084032783
1.9869618702958465,0.7304736209258268
4.298836600536931,1.390222932266984
2.760698588880619,1.753766314971695
2.9858277356852163,1.1863273591125312
2.553272871189462,0.5757573122508427
0.1923884574491801,-0.16755798923706416
2.7551263710658733,0.7730549326186434
3.86973663119901,1.0665184697656065
0.9957184293871439,1.2273634142494747
1.2552514708395428,0.9912063640725839
3.2072895251837465,3.3873764244378046
2.193558774665967,1.6018984692029123
2.502122631925817,0.10385820892435227
2.7685090743893044,1.71270321975443
3.380545032253128,0.059734085626129696
1.6766665373615077,0.6927493442337049
2.0013301837886717,2.6829024409399587
1.7384959227329184,0.9354319712750548
3.1026072539849183,2.4303651653243943
1.2741873199336726,0.6517923491733021
3.260704464031428,1.2458354292332783
2.0779686503987644,2.1618225573486747
1.8489746442881865,0.565295516791743
3.639769719143704,1.5809625798427849
1.754415480522515,0.8406572864570792
3.677275943442041,1.5928794503095034
1.0827138847212114,-0.9404105092358173
2.3206396671269096,1.7503725964374637
2.5237965455106575,0.046239846999616474
2.118284075812351,0.04293174590850768
2.633574041584198,0.4946035171703621
1.738073447221389,0.9786054514477615
2.1906817029021353,1.2980709765914735
1.7858360951471655,1.101148623709406
2.608149127731682,1.116541665623295
3.542279543751728,0.6556398937324779
3.008478477033223,0.5049555116334674
-0.9284905013498497,1.0589475117518412
2.1174180899587967,0.5560532426190126
5.166860538195721,1.325993226727569
1.6249082354509314,0.6235553179797467
4.225016536726148,0.9892831397471964
4.275428349223867,0.6599978032787082
3.3645180209876155,0.8472424783297928
3.081229013364157,1.7432241093395975
2.176752616643296,0.3961126591225903
1.1658716953702895,-0.23383675502759171
1.2507166939947023,-0.06576934031343207
1.1814689291423275,-0.09728043127825547
4.6434205729213485,1.5233983535436715
3.259274246510308,1.6507201392097455
0.8332340795538853,0.6211214707189974
3.2626332750676905,0.23757348126432454
1.7344563668031712,0.5940269303378121
1.9240085023557247,0.4474135438392387
1.5886274305829713,-0.006142170817746928
4.713491901535981,0.8941211871545853
2.2445157105446967,0.6865452742640547
4.078599270991368,0.7485927506526591
2.588768742817753,0.33708410795847815
2.6115848466209552,1.258068090180753
1.8042483392712676,1.2445569264984626
2.4574327533059797,-0.3432036216203238
2.4546463582348057,1.9577083509996482
2.970432598860413,0.01842544456399786
3.3513299125211873,1.3320147136855143
2.7254942362492365,1.7488581577903508
1.9930635788377997,1.2505666515840759
3.9086898056299852,1.2582660611661112
3.9961235306119613,-1.0314432773054678
2.0795010046593436,0.6486090528458537
2.016431510710449,-0.19148613873572828
4.195655335725928,1.1565941784199998
3.106723440964025,1.38872514867567
1.8244060595876994,1.4987270305998237
1.642649430003661,1.3304294378502468
2.8841796573394145,1.6754217506140399
2.2199006447727427,0.49197910416685375
2.1826924139708557,1.2127238106330944
2.901962277724678,0.88050717610682
0.6253390222907165,1.319698687895077
0.6166004609585092,0.4777574942695494
2.876554712177726,1.2432537567491864
2.466347571571878,0.8355134551986064
2.840119626350038,2.918563986586506
1.3241910938676935,0.11335796161758566
1.0410262279463944,1.779806552107244
4.128571141136065,0.7805131885197651
3.0568731757441507,-0.17368050652560152
0.9325277360482809,0.6633337238411499
-0.8264169289106409,-1.0433031108308268
0.9889949759201835,-0.2122349882166067
2.229016451935578,0.3537138422851931
3.1795376396656807,0.16272873166875956
3.242930214632367,0.36229876867238076
4.655153806274786,1.8795022744387073
2.146959300453201,1.8246282971757497
3.032664891214796,-0.2571944159245432
2.10376954877748,1.3475019479343855
2.558633541983524,0.673390258826716
2.971518691930714,0.6130167575911338
3.1751193420950528,-0.19131683428777035
2.7302397365248354,1.1755616384511194
1.1428085508094672,1.9528632483659871
2.827855484319971,1.0859668897036099
3.2530394988823446,0.5224460073219288
1.610502624763682,0.7423602901763995
2.794807309131582,0.6484605606639964
2.3275937843498755,1.572531943230032
2.1874958679862164,0.09570663090766318
2.588457787534542,0.0690428850258954
1.507832068713352,0.38705771354547047
2.6232440653927767,1.5202224326229663
3.5954413163866876,-0.17997434731742135
2.2347043443186205,1.1870941945841464
3.3197008431636803,0.09876448813070493
2.493211809124172,0.8796312758154579
1.9076077000942788,1.531988478653756
2.4377818349328466,0.24279143434627848
6.026547243474802,0.9343843763018455
3.928764248127395,1.5278330601339505
3.264000328646861,0.36476555633720553
3.428269970867075,0.8675188526785883
2.5608821388728864,2.0412857023267574
2.159166855659607,0.4882418431646306
4.23012701006264,1.8932506019887079
3.453077648010472,1.1307379360705319
4.534391631302711,-0.8192176151129924
1.8078407401690078,1.3178799772295486
0.8192323189340194,1.7889229853832906
1.6394081669583516,0.40058838821686793
4.5060009760478,1.545256558202186
1.1084933359438183,-0.464041643640003
3.243024416208909,1.0424595245085717
2.866335933174368,0.7427552786631338
2.460350668295272,0.7106277756278818
3.366576358558462,0.6603212528936849
1.0328532105068646,1.123908744429857
1.4352490898598411,0.9909777294207912
3.2124791147054803,0.7087494361100928
1.096174330629041,0.537801851028209
1.2231646248211208,0.42153148503048177
2.639691295729729,1.6960333545318487
1.1373078022501135,1.8843879259099128
2.7225953752231358,-0.6285207102415036
2.768820657284793,0.3731466215873068
2.6084940945136075,-0.19415826706664419
1.999547250283609,0.13258030773886198
1.8109124391911267,0.30653493228963496
2.1467159796667703,0.13706616118866577
2.042285053476884,-0.5801942824570394
2.4760603566294805,1.228053128501188
4.644919919724501,0.8952151741015988
2.8642098105922007,-0.36325158633645727
3.361619157469163,-0.846148409032039
1.0438244512273962,0.9084098071814921
2.0018343228559123,0.6149565442526082
1.8863505007277435,0.29287665688528075
3.1469229063493045,1.5952485146787527
2.8236204480052693,1.8091040996090517
2.963085407745343,1.3761413479446714
4.293777168160549,0.6967173439112162
2.730717075262509,0.7827794548136852
1.8469493413893079,0.7350049585497276
2.3250350004080302,0.727860060733246
2.318822419803689,1.4961411603326984
4.23266070939553,0.45467853682503145
2.519763279311472,0.3994236455151193
2.698556141807392,0.46969523412045255
3.9182618535167104,1.8703539345251576
3.1039351301264304,-0.44903651593067795
0.5019906009984669,-0.3533840809619081
3.0650206476306843,1.6794240352167746
0.3327104027022023,0.41282629271423
4.018282791893705,0.5682020407516841
1.9547559287043414,0.7320304161116287
1.9697710621843376,-0.08825896985504444
3.777765259181683,0.5040520880645942
3.19039409142672,0.05201442486447749
2.47401666771519,1.695060328854181
0.9828194288967267,0.6522010070085197
3.9732451759055722,0.676603048904941
3.049631507547346,0.5010870165075625
2.4786972204115294,0.6597565381866864
3.24408864776499,1.5471738700177633
2.9679330469624285,0.6747961276737208
2.4080522200477725,0.8122137412344971
1.5930626104051435,0.3470916422424031
2.7378483321844205,1.8240441939409169
1.9647209792628837,0.8512749908794993
1.274552510535146,0.6599558676646927
1.9247973286778617,0.7589680702938835
1.3866973265805302,1.0386962309566758
2.7867765569213163,0.7972122957011569
2.7153029953253576,0.17242080371850077
2.1390533330380492,0.3535665631593347
0.7567410305722624,0.8052088472125414
1.4669851454243341,0.6039258118281828
2.281633485711388,-0.01828023500800946
2.747616419929017,0.8245838142564341
2.0822476721955923,0.040933476297196236
0.7715622775823456,-0.3849140866225207
4.868873583307032,2.0594256000023643
1.2550669741175946,0.8233471138210975
0.6277392685706258,1.230301477245599
1.226069238339129,0.8481457255089624
0.5963433578004169,0.9146384652280789
1.7599648729393096,0.7951589208095255
2.6916319572256735,0.8000198108293098
3.0674238950714234,1.2522131344470901
2.3559894572755677,1.4224962232160472
1.1671152725404148,0.7547713838768658
1.2011527387829548,2.254513517081741
2.1642058644151647,-0.2246366931711654
4.299645288661876,0.1724126217216413
4.050504403139473,1.096766312602117
1.6725426054233854,-0.8076410590666192
0.7128971687592223,0.18783696402450467
2.0431027134532505,1.1539233126355892
2.5627621996547387,-0.19682278183753288
0.8342519113596472,0.4559562581819288
3.2456531256445436,0.15703698233923247
3.354551407578596,0.18903984849385236
3.493655261170531,0.663919085666774
0.5381163807719962,0.5205151085155728
3.3661305059117463,2.5120539776590762
1.9573473917773097,0.3721989775574733
1.2841728136499393,1.5377054543385391
3.1341216229951114,1.6506577383968808
2.7854952328278664,1.0883896982262105
3.4019107364084356,1.5427748259287362
0.603143375656557,-0.8641646934136048
1.9680206323420641,0.6678337495769168
1.7660441507661386,1.5571206738618315
1.713459402945396,0.7338036656331599
4.91528863303114,1.3485483658590727
0.3733887467210524,1.0380345151564523
1.3700211040340609,-0.38063799404778675
2.6069918472581417,0.7697127128182729
2.5976186397094785,0.5455921998284912
2.9814650801935882,0.91523380623584
2.5229542338901956,0.4113227326191088
1.4070169617624206,0.8052687959265393
0.9841627110788149,0.7331857861311006
1.0387102770830843,1.4474026279894776
3.129140515463135,0.21588156530721825
2.132031750706666,1.5585066139183898
2.4731368079590883,1.3419966766338094
2.205541176884166,2.1034587802731
2.3755233890129173,0.3679479904137175
1.1179747117347554,0.03260176583572505
1.278602282419497,0.6645273655318449
2.384008375231789,0.6613112971606171
2.3703111884172263,0.9395149055237103
3.822809782609565,1.785933695412244
3.095876977418424,1.0203412308411095
2.024502927573008,0.12217582052049092
2.684514622695441,0.7494775321991471
2.5112450262464177,0.19056917170774157
2.8409632583365294,0.12744090175434442
4.75827611173805,0.5946630892028419
1.7897803999815949,0.26056332318356795
3.8075494786216426,1.352447827706574
2.849272128545331,1.0098852760347992
1.2018819091627309,1.357409854876551
3.053741953673484,0.27639446706517834
2.9530989298441743,1.8672189959969292
2.2738388397824933,1.3657959192287552
2.774858286162644,-0.5805875871827098
1.0444601366799655,0.7659061686612112
1.752522211781565,0.04649013373697963
1.9924957038227018,0.5023278998071832
2.4352652101465124,1.808000067667289
3.4921000373059634,1.7096928185602316
2.708985277842417,-0.23968259789283897
1.303902563973412,0.7647857940763441
-0.4104438970357771,-0.20265882747448094
2.7289517646651973,1.2791478832273682
2.7954421430575236,-0.7342852682358172
4.006277636153221,1.4726236409560252
3.2346869712739963,1.617888753243168
2.1026939572746532,0.5522892939989915
0.8922547863020718,0.7108699349200283
3.7302885312071656,1.2584189802952872
4.566104885577618,1.4697698792571243
2.7146962839498547,0.43772049809335367
4.123199208305331,2.480388220941749
-0.2575018010676331,-0.5824173765972347
3.0934687804303564,1.260754359520845
3.0605625212515415,0.9801839990680417
0.99457108580896,-0.5471083830978511
3.8418834083585818,1.5311221078483621
2.7202393010793435,-0.2429533926651366
3.8277482594400496,0.855830699484775
2.7118204872783984,1.128789091694524
2.2037990669555074,0.4472021705578235
3.415782451267599,0.7183246809315886
3.792103714901229,1.527785708576618
2.7291646945640426,0.589162398452519
3.6268568920998026,1.0737417301046195
3.3646394933726427,-0.34153233336745414
4.154163415640791,1.363471522234392
1.207894367656831,0.4772899990558749
2.013602197114536,1.0061131995706145
2.26248863652126,-0.4311947814852175
2.4802724707723076,0.22395436798056534
3.7343616736923733,0.6662729201275748
1.6602167970501234,1.3621232387986002
3.7068788259215797,0.3818200314456558
1.9836212807632572,2.119230524891554
3.188058455146522,-0.8427206572628954
2.024254781582606,1.5683831268021167
4.087988568560114,1.0120046804371903
2.7327941023277793,0.3006677231671593
5.971040630068428,1.9966581939268782
3.3367827315858363,0.7181378281651402
3.0130161130294937,0.19570932655641338
1.3907247997654326,1.1293939107318347
3.809196501291331,1.3414254055300816
3.115144443683065,1.342183672171994
0.49087465317714507,0.673038839647588
2.3207540128494406,1.2007900357291204
3.592909086575179,0.23271538192268326
4.90871855431182,-0.08448891085708055
3.6270019839119554,2.15820717352004
2.243304651621788,2.0219434262673768
2.0316646494322907,0.38175014679896235
3.4672672971243506,2.001802708105159
4.730458195790261,0.07974384683189895
1.4552670025811323,0.6262777635393599
2.57151554768326,1.8825299209573019
3.934446074771446,0.9775162463294117
1.1465189415498154,-0.693872682883379
1.1279261059393026,0.44848779952578544
2.9810056775810283,0.5366639535926381
2.86298279820505,1.415678604034584
4.4395485291018915,0.0019464795983998862
1.850035191345979,1.1059729647021066
2.6393553139339376,0.0720243697338192
1.9781133115792267,0.5955709047742823
2.5029715518268674,0.41966238419550994
3.178150245293341,-0.5275456701397704
2.5080114115339422,1.1828968732913134
3.1125228100633695,0.39241858567460663
3.749067824757517,0.8132383919644759
0.6723088618660951,-0.24407256711350267
2.290736960550658,0.48416742134036805
0.9165987712717665,1.4725520862890027
1.27576002298289,0.36564198272110815
2.4375994007933897,-0.5655490966352991
2.587990952284177,0.8285948781808467
2.9212822133813914,0.4764194186221235
1.5291537618552733,-0.21831385342208376
3.767797429198824,1.125121766446601
2.7074163666367426,-0.3399605162671069
2.6840181029328036,1.208071094413921
4.038046218006972,1.4943330725299429
3.290883564682887,0.9639928884148852
3.3702402218834386,1.1333619854261667
3.6844513920713053,0.6001691509418672
3.593758620523002,1.58691861595752
0.9664929601467542,-0.38728530292443475
1.609286210743049,0.6082705462948382
2.4396104431085823,2.075649908630944
5.056447749718801,1.3422035878947858
1.6238431789696914,0.7351478597909292
2.93044731145994,0.5839354904927391
4.068340743334783,-0.10843596683383194
1.9047393860677553,0.13334185515623997
2.4015742940493947,-0.26294759304477466
2.447030978203956,0.01090296771305621
1.618863883307275,-0.8560248033991362
2.4395690435531803,0.8373461087856483
1.951659389559695,0.31171191809519494
3.267039853138604,1.1208704281141737
0.7629878638230034,-0.15670692183506452
2.40342300512693,1.2272684257556805
3.1124195375700205,2.2559017029307142
2.743521499169847,0.8541342351180184
2.9241270464977047,1.5557317604266352
2.3074237798726225,0.8220157612986314
2.704599899417513,0.8699577538082657
2.975890184688968,0.672459568601482
1.3405287080599535,0.4645486779441379
4.078428694721033,-0.1490992356862626
3.5692116544995685,2.276531986496458
2.1430422577011154,0.661076320254222
2.795454435639202,1.009366479013567
3.4745532240891523,1.0800943926271849
2.3531824554182776,-0.18795221588289757
1.9075203970091228,1.279157172691806
3.421207409892531,0.6036935776120469
1.2095481145793576,1.6384753878005593
1.4539649549013707,1.1237606014680108
-0.2184131718503517,0.30087160679521724
3.9086286187861443,0.08029655700499494
0.8297054442644449,-0.08602372442375827
4.1789481120389045,-0.7986103627296302
2.7104410724835857,-0.5500138620604671
3.1826617099298695,1.052590218837263
3.213298492417234,1.1707944000939476
3.055968057442744,1.4915686389692209
2.749950354713139,0.29786088328976834
3.5082085618387477,-1.2142798685518428
2.728029308355961,0.47912556526502387
1.5596451592289706,1.9495332718873557
1.913656154805088,0.25138994717707003
3.0967057633741137,0.4186602715260134
1.8758250359351858,0.6884334744840921
3.4682786628334314,1.6523421212404688
3.0142791174325407,1.4830128391477524
1.7557213644915377,0.5108053997612195
3.121831451204413,2.1434652841223456
2.0736249115062506,-0.5882454879660557
1.7289186825762113,0.9384680923792988
2.5711470460750907,-0.33705501124266335
0.9944923232965437,0.4302874016110122
1.6040433184066725,0.9432043814169516
2.2878935467501647,0.6633398852491659
0.6869510284303739,0.12008102786131963
2.684406570570023,0.04765917156917143
0.463715665828635,0.11303483579874068
1.3338110612720215,1.0380259003940195
1.632784886751589,1.4684199430780365
2.9733392461636683,-0.0210987978136441
0.8745105053551667,0.9821994275822666
1.923152937823357,1.0607966889529212
3.521723459826098,1.4591044259505015
2.6349548562805576,1.5692166674057577
3.3369884717129357,1.2218002206727923
2.104253782834329,0.9357359168908822
0.8874259872270258,1.2015998266773114
1.9000798606330076,1.163262783858124
2.448060660741301,1.4776331117600345
1.5135044912887596,1.1333510120140673
1.8830188709277587,-1.0591947780317732
1.2359971450105998,0.9775961957128759
-0.5436667673819868,0.5147803591384675
3.1198838169609036,0.8630027549533256
3.8219936098267775,0.8631761946030825
1.9630265165191014,0.8167176347983662
1.2811991241765763,1.2537738966824978
0.8648764531331086,-0.6662241587816489
4.391797197308776,1.0304463395556773
2.505914830819402,1.4312849522152467
3.2915879711448612,2.0027454096558657
2.6328849983334086,2.009541160555717
1.5286230753644725,0.5086211932530708
3.829339564306477,0.5714249397322603
1.1882220027708348,0.7706471116580048
0.8488136956397498,1.9770574221729382
3.532295774814944,1.3440704269400887
1.1212512539399808,-0.3049737524488678
1.6865387812675303,0.4316836042699346
4.967422899310714,1.344957238053785
-0.5567178790482954,-0.06296292768758971
2.5947858639123065,0.743843418322031
2.2221505258235563,1.6792694145434712
1.9362966410928975,-0.15116002866431022
1.4083400009025213,2.0756319833514096
2.312876635696621,0.8556748706727941
3.3478711336811973,1.7624752626746045
2.352052088731536,-0.1743449423564104
2.524474117796026,1.304933525677257
1.9428277242986876,0.752747247040482
2.048813376375145,1.3501984943587901
3.119142087931529,0.9139496178029122
4.014941161755095,0.5757826315345946
3.8323875003969894,0.3791312381364589
4.96192146970154,1.1929230147414411
0.8233471021026331,1.229080006761597
2.196739810148966,-0.46485420512386066
3.1280942653423045,0.3029117033668435
2.179332316773836,1.8989631537615077
2.5021925206001754,1.1858821395836854
2.32773129039661,0.9747662792296157
1.4395410647441143,2.443258073078027
2.919633311382081,1.5932281998630082
3.7531151412136703,0.16573864189933996
2.0557077471869105,0.70170646362913
3.2801260576273132,1.740177031360037
0.31938716263767475,-0.4566627231162344
1.6189985067345405,-0.22870713575589263
-0.38468475988075035,0.43529028942859815
2.325658570433213,0.7845481701086158
2.7658497029852778,0.09012132431103936
2.194287677560073,1.160813837207785
2.9424213445597553,1.564927278128589
1.1505243714587623,0.9559896658810895
4.117166311344821,-0.2588755888491261
5.231868681531052,1.3277720684368304
0.14053818651138483,-0.5623738362176469
2.3126926699412156,0.8728038573597229
3.605635281536281,0.29718719471443045
1.6871846401602597,0.970065937114909
2.4845815473352553,1.4222771016128646
1.821522871878269,1.0465756134801054
2.079197478560044,1.4794975696855333
3.0766101578529472,1.1742752892658903
2.7891614356737437,-0.2519089801740044
3.484668887994002,0.13627510883610616
3.3196840582856524,1.859984445147803
3.274519428542787,2.3218753993472263
2.176612269376498,1.5502747698196544
2.1188145762194432,0.8930836748287136
2.1341038316827836,0.15470566785644968
1.6781284649954828,2.2551534427511255
2.6502509378999313,1.4957884103368841
2.8993833216800176,0.6066365026359126
3.1995326889814666,0.3286536047531251
3.3297520901510937,0.8916380606500063
2.57836200817884,0.19899062913998133
0.2729584680484103,-0.9559822524611796
4.524670192036486,1.691469904099298
3.2568652506861056,-0.24538111737195556
2.2127019151036724,0.45578225599778127
3.7211367521307963,1.452224507488809
2.2017215817694455,1.5267621042664858
1.947946025362912,-0.40996957203600126
2.9871392700139516,-1.5972336627622767
2.336667318824052,1.0908355483649412
2.935618566492601,1.1308204768657204
1.3487956542291715,0.2847521927364547
2.480784137291641,0.30399463407945393
2.5739634961378286,0.13484939469961044
3.3950290622873167,1.3921910142796057
4.3533119785016385,1.1371449642297637
2.3033449097374246,0.7760871905937798
0.28863101076212194,0.9129523273398095
2.4827151178186297,0.7862932431135801
1.928582919032674,1.2233832160227016
1.4327382521322753,0.5484222637223743
3.7580526615226084,1.0487900229530775
1.8213338724812993,0.7616340785336507
1.7540278773608655,0.22955875352293548
1.7434030178244524,0.21241895565105323
2.1583751291487356,-0.2589369405024372
1.950409111047871,0.5605140093875478
3.0157829797682627,-0.4737921564042633
2.997125276981164,0.2698818450027026
2.5974526606069097,-0.05094542108329103
3.6118329909553566,0.9264997860914104
0.3150767326999597,0.2837898080717024
2.680342639437158,0.2879254737507012
2.751385810592941,2.2710721979350263
1.7022282182930044,0.8153125851141203
1.5344292498893108,1.3166226327647337
0.298575696740107,0.04062036832587601
2.6364764455315184,0.39715218936059277
2.6345067080083697,1.1138156185142123
2.680252657534863,2.7185537426938624
2.9081254080245413,0.7515727691295595
3.155106926935475,1.7151104174294058
0.6126084101199243,1.017540656419772
2.0175298228113596,0.5939932937647135
2.7631155711558546,1.4402200570212529
3.631932513957004,1.258366815959263
3.439590785180177,-0.02174147758603928
2.07450157504804,-0.5086327169284844
2.7778677218917,0.5137495611000618
3.770211745094923,0.2518654757056451
3.384748318104223,0.6697880643508543
1.740093053788618,0.7284105797238922
3.2957393475427477,1.3712359874593831
3.041241284487449,1.2726572759652464
2.0888990309057816,0.921783752762031
1.2867136497583473,0.46021489158964035
2.653179161993345,1.0781175587777105
3.639943441320609,0.9222761002431743
2.3649437401935316,0.4856445350863487
1.6004243058154901,-0.32895051784164775
2.504557827462656,0.07707037388106563
1.4302791283580905,0.7516100574572809
1.0959731105929076,1.4707642774706344
2.246356320183887,0.29815871569806707
1.9179820946708057,1.055251072773618
3.060062782781986,-0.713491170093963
2.8909257717203984,0.5232680788992192
1.3356568592048386,0.9904550325936662
1.7455045007240009,1.0497365350337877
2.861745164552425,0.43478752668798115
3.741595229433795,0.6504557988071262
4.836596701395424,2.109806226559702
1.3355614511477123,1.0638144193655188
2.261843186378796,1.2407684030885702
0.7135995127616803,1.21185657449472
2.7672134508266706,0.9932637717998632
0.5578383556525017,0.44107913919249914
0.9850936777273405,0.6658348387090705
3.2668313925180756,1.7750859499626914
4.164543713371775,1.1359995631981143
1.2657656343761852,-0.02984911569668336
1.5381113125191823,-0.3228348217955678
4.349159481807153,0.6645076358475821
3.3480136751338914,2.6754295427768184
2.5307718671947392,0.5926720114773953
1.0742650266958198,0.6253688248461217
5.324067782551737,0.7501019197473203
2.5182713071249223,1.225968934802884
2.1864025652240793,-0.04979429850205386
1.7841715660670165,0.6388104593940752
3.2985518749697045,0.48109425662682
3.5133279540225537,1.0689708002922127
2.3679450670111093,0.7457936847929543
2.2819987394729644,0.3720065236987338
3.302689914470952,1.6125262177729371
3.614912997623139,2.0520808863944238
4.022863804256249,0.2803936202872914
4.5739864455501005,1.4593844782096215
1.9896565661199332,1.4501549803209597
3.778449975540994,1.502960938544235
2.3537374048094732,0.9540851913489782
2.444036701159894,0.7681396597359378
2.297624319989083,0.1572951599697875
3.6781852626955356,1.7094963487624362
1.3566904206969044,1.614482616502682
1.3804733161074023,1.394936995979093
1.4354902772841,0.152471984869605
1.6380542384022883,0.3017004752196219
1.4365972679652068,-0.22535853023722963
-0.4334307747089401,-0.22685492089302578
3.5046890904602153,1.4159122380138236
2.9546164382583373,0.7004243152014475
2.7874062375788013,1.0176704887596666
2.133733186942492,-0.9861191789000636
2.4047524720958333,-0.035796994833758866
4.2682568516805794,1.3726893075853481
2.570611374118176,0.9128752442199485
2.4051525562575127,2.0557391799912215
1.845941285774056,1.1348660231656515
3.5720033369735242,1.4947348922861934
1.793800512064442,0.357888982934113
4.8023499512663665,1.7554159125344766
0.9309337856172519,-1.3804328768422742
4.26000255149742,1.4415222220656712
1.7001808073740383,0.247599441659199
3.0802200001494215,0.5561294708765143
3.4841413089276547,0.17704893847285574
4.92504265434895,0.5649813547915263
4.397948186832299,0.9952037960670851
3.9633781013856533,1.9397736621344164
2.811900493244552,0.40112712577068943
2.2984858507440626,0.45848639865259383
2.661894197853696,1.6900089476825773
2.3306706595306745,2.061598792361173
1.7226010389407849,1.0903674312430003
2.5963249096297223,1.38051141696659
4.317513513680595,1.4390388099570413
3.8019934475740405,0.43714535239877905
1.5692131651777772,0.2095679736870149
4.848802921157249,-0.035985333628749894
3.2623081057476933,0.3561569390668614
3.5034424696174438,1.5987479860875906
0.9319777554261683,0.5262950296191388
2.3272934554648783,2.216346151036113
3.915878863054094,0.7949756195254286
1.6323667402567754,0.9810423846428524
3.4167017613155286,1.2040256774501263
2.4452552918098687,-0.31745969671127305
4.1231219195873585,-0.3204675442776015
2.9307678990017707,0.4888502060150287
3.585453324643721,2.8488856906373172
3.4257681712740284,0.06274368579247114
0.9656999444890495,-0.4625702321016354
4.202403608915496,0.21901821489230444
0.49139321842811645,0.8600959415658096
2.718968567240156,0.6563130355432629
2.6388544891306136,0.9187943065850275
3.7835888619354905,0.6000779460861929
2.120792214682642,0.7198071791964193
2.5165854116908477,-0.6683702773040676
1.3497606806667657,0.5473066034835211
0.9117486995654986,-0.37833921005186244
2.2013238887242212,0.6101442105912469
1.94464097820607,1.2753292881742415
2.4240980346660823,0.4750578098907426
2.655142971668831,0.5501039130771804
1.7069747797639576,0.9062530835800904
2.4203395632588953,0.27271306306319
2.3451564645966245,1.5709169698424834
2.7263606386419523,0.8526793217617896
2.6376529275934533,1.0117962912364906
2.9755488224435607,1.0296065491588455
1.7556024151555252,1.42039040640562
1.1554549470344488,0.5809217179428433
3.8619011696066714,1.6710346301171786
1.1629885118119103,-0.5307431628262621
2.342069652793542,-0.46293010227839004
2.147100875696322,0.20016755053651825
1.8225974131091245,0.4951207174358132
1.6828251475835045,1.75040382009323
0.71043689186802,-0.07054394355464833
2.3193816884232628,1.811629809244033
2.445493817680565,1.5146409844404012
3.6933121136025187,0.527339279322277
1.377643622189608,0.9764434988603176
4.903056442389449,1.5655959263120325
4.05466506072089,1.3678352232303994
2.752536937802446,0.5754162926816495
2.04747338765336,-1.1349203381605535
4.096393884267769,0.5948508409975578
3.06574914096106,0.7086719090223613
2.894470308506428,1.3752351047112774
2.4559584370691967,-0.1566593774576569
3.7145693886487767,0.7429977076619602
2.8698784929431764,1.571188441757723
4.26103071792727,-0.013352775492905256
2.4585278804936497,1.022942031375939
4.0739511071281065,1.0607937635754106
3.00531021160259,0.9158416144522998
2.137386309089378,-0.7606358077787019
2.806141544303877,1.7818139787333664
1.002057949690967,1.2669309937277455
1.1046394380282103,0.674564003724496
2.5378332947542557,1.1456836482442758
2.6049776085024248,1.0241902115752335
2.1925297393684047,0.5755253920127014
1.7116027288511786,1.050560708238731
3.297724970361741,0.06036129363425191
3.5906678097913654,0.9554313258495961
3.08105546955436,0.4204523541078352
2.328129168989865,1.0150138613402686
1.3003647772163602,1.1133001514669347
2.2746143283876883,0.9309816469155425
2.18350184311483,0.5424953289690932
2.4171337878068595,0.5964736466367725
3.11244610393581,0.5315164010198916
2.363145599806624,2.0909688108593336
2.7494281269680076,0.635348933068778
2.0685439223219775,1.0875720285039059
3.7659139091240776,1.0109402736613704
1.6725378050740747,0.09791874380697019
2.5963353237557274,1.201445250915131
2.0245710002962776,-0.835992665007566
0.6919381076006503,1.044591349470184
2.484866260592533,-1.1879821282412157
3.036268484363125,1.791679192638651
2.689133396199515,1.382402110235908
4.210542932428779,0.5558388978694351
1.0752092013059602,1.8647603100998424
3.360896007358515,2.160813778557954
4.1518453304982605,1.473777687631646
2.4089236845301034,1.0774960920807286
1.8947916040247805,-0.3701144520339672
2.803712954461846,-0.19442533283109564
1.510844731096989,-0.4283987454310081
0.7649436717842744,1.0672777266729803
3.0534678898740557,1.9117401967026564
1.2668729450394063,0.6807843137442204
2.5232362525202756,1.8671113928675833
4.161240860940506,0.788439575571044
3.0400838704447746,2.021297729295274
2.533999700473753,1.080640471299285
3.5725000609166537,0.9063343346225442
1.1240142644545623,0.3772935024926509
3.1906415065948983,1.2602022547759786
3.724208305572162,0.376910818423254
2.4471477360101193,2.084247724888253
3.577744168528999,1.4401561338600404
2.3022039059593022,1.8931720014495137
2.3466921396141416,2.916670257804414
1.627271117148139,0.7844381155875841
2.3860240976669163,-0.3054222542426659
2.7721803962351452,2.2114032389836207
0.59893165070939,0.12168105365267678
3.3768795210588287,0.6247917745379599
1.1991433808920204,1.6918284095070164
3.2952230712901573,0.29021316667789654
1.7635288299378789,0.17480705201271834
0.5429888667288925,0.2913320936132203
3.8307816837182607,1.3613784466585677
3.6285957631020396,1.2674600492264962
4.093287473803332,1.0823039995150483
3.831583994175656,0.872887051857645
3.0983280033969383,0.5394577215750649
-1.3373247093338354,-0.43656635132435717
3.0168363227580275,0.026723089459106508
-0.03709112836799111,0.26688077830020934
3.865289734978419,0.47583380756945437
2.3019631435222707,1.2510265652365047
3.816275698790536,1.0881706607748522
2.734651597450791,2.1667555955737914
3.7555893843573154,-0.10144677526896584
3.1553391171966325,1.1123463277745524
5.282041520515427,1.0086477313416171
2.9739403822227644,0.672947124869018
3.5147840856545303,0.178068172884712
1.9153083748640665,0.6386838178133907
3.770437770015342,0.20481658627039045
1.0438410623570331,-0.730351284407172
1.8147612263367008,1.3139294274642366
3.54932140284673,0.7528271263281354
3.110984194933448,0.4201987551575899
1.971528455086892,0.6613562964990666
3.6802040471539783,-0.3082649690891167
2.714366652684273,1.2487613696708617
2.973668163337446,0.3331725749274146
1.0160321134205113,0.8539317095208607
2.7410696037336533,1.3634144909848072
2.195375445990226,0.543241442719745
3.4055569046751657,0.7250007103924576
2.1063364995159204,1.1130972361486582
3.2908898065561343,0.9208637736658674
2.314450824811914,1.9002609683117204
1.3346726338300163,0.4655997668577732
3.808084927234311,1.4238529052824447
2.108450081093273,0.8092723931182166
0.9784621456786389,-0.4581082841201588
0.924485463768743,0.30924827182214126
2.2559800494195548,1.2209747150900165
1.999576687467437,2.3877800039264887
1.5690426904509058,1.9195195881156368
1.4977207089696027,-0.4526080463286455
5.767269923382474,1.7078279534269418
3.169764782956955,-0.5289230144112953
1.4306002346121083,1.001570457562353
3.7811020927587293,1.4878935512663283E-4
1.5887296884624664,1.6395655494234993
4.734651706867889,2.505554364374671
4.9207497702653935,1.3204317655669164
2.3985949295919555,0.9262184716665102
4.149389103002582,0.3444516283527932
4.137305879403169,1.0611059229746795
2.0328901116908553,0.9011966098945577
2.7586818011840366,1.0622593950323092
2.9499232645886266,0.8564903475561193
3.0876007417895623,1.0798109428019655
3.2811976853700227,1.5037918771866827
2.857500393002368,0.7294648790200653
3.6217248782295446,1.2685563446114287
4.24705017653041,1.334786405738417
4.183801027709564,1.565604815050773
1.671841982699273,0.4336370390283718
1.2975424464822376,0.06059422949703863
1.4012586628438168,0.5819931943749889
1.3581916027656356,0.3748418072743768
2.4078138995737834,0.8728459623295882
2.0593670687441588,1.5294842270989681
2.712824269515025,0.9722423900882743
1.4590288014851411,0.5491739757623091
1.5821960078416422,1.4573183163451144
0.9600368787492082,1.4342345586049823
1.4283855408100397,0.44657277967221704
2.821952016629353,0.5834392229559776
4.770587405355457,0.938311938218365
1.6607728257840373,1.1344168607715082
1.0571611435420436,0.8924655648286914
2.781334231604202,1.7329278789671587
2.9445302786908636,0.04716876419538729
2.9211786135610383,0.3686597295984317
2.944790775909578,0.4385739256428924
3.5683601602040644,0.03494057540626627
1.2433359521532492,0.605283771470093
2.6974777047304705,1.3283159795628086
2.7992671101491142,1.3143347170623993
1.8433856568182905,0.13060906159420593
2.4081359733099035,1.2783507752914585
3.4784974245332787,0.2578583846279138
4.338268220271377,0.19626522568140659
1.2762297237651627,0.0015091297969255235
0.6467061761144108,1.0336106907968976
2.2618374713729508,0.2460969141509754
1.7128173728406533,0.40744913023250584
0.9121777174250658,1.3744801525482122
2.1075140082371906,-0.2538836030085698
2.024457159754023,0.6442152304709348
5.26026195268863,0.7414484623667775
1.3138715958364469,0.5370797838776243
2.0952891190957317,0.3138279796306573
2.872267477286567,1.58941451052093
3.3106826551922994,0.5884240909316448
0.8871664689125971,0.6900187105485183
1.9762181467510378,1.3164555636400683
0.833669902726899,0.18800491121008994
2.2105519967895084,1.0429645175102091
2.10148327589332,0.9162363657963405
3.4367344309107244,1.7045722928283624
0.005373002871748245,1.340771144434762
3.9717663874522415,0.9365175392623366
1.986889023734939,1.0149422265683983
1.3555506894937412,0.04254739429477006
3.0157495879552307,0.12334882071873665
3.015615246178008,1.062739387776175
0.8027087443724097,0.41055397245412983
3.2264776260697987,-0.10770697739916091
4.409998796011562,0.06901398783777113
1.8840551706298263,1.6156080837997226
3.2257862567389024,1.4231810318352187
2.566526490471188,1.648778276699451
3.3479533784499242,1.81533961709425
2.4930884509525657,2.6457363685965323
0.17784002981269253,0.2694573456769095
3.1839404695670934,0.06960965520454032
1.5346026122465268,-0.006931390992452768
2.8338432496229453,0.43403759145197435
0.0901104178256582,0.32766863366825705
1.284237210711933,-0.10683285562812528
1.2282931720801653,1.7749757390782133
1.4712559866242936,0.9727074651875673
3.2623270872000667,1.5052379812025505
-0.42636696966987353,0.2991526968113659
3.3605055689035632,0.8174934208184179
5.316728888515813,2.1957042805831652
0.5948181631398259,0.587155572857976
2.696733263119758,0.8791545882261933
2.9858920317573125,-0.3722831867798302
3.1538566908860757,1.7674437075728644
0.5838911596083625,0.5853773662312507
3.6490720214742867,1.0304503905569609
2.610339590822737,1.7639200149827468
3.1672839150545644,0.8299882026225979
2.4085866798521356,0.9393546417809898
2.5439894960564735,1.412892660527575
1.8420758545843907,0.7026380954068958
2.597758864943772,1.3131025231062456
3.458343473981204,0.7406652040885758
2.6944635543338498,0.8008517008169475
1.5458774804430833,1.3169616957801082
1.8205786465041895,1.0141775346456914
0.7568168478323798,0.8021178603437935
2.630803752357329,1.5162056605925494
1.3133487497078984,1.8521494853790503
1.8909005565928068,-0.3143099662955273
4.002685433714471,2.361649391162996
5.221159708849276,2.2108948676607385
1.5992468978745582,2.4648189345414906
2.549909063335035,0.5232932075745986
4.293375575800955,0.49583381221402845
2.915009717621084,2.139037847967151
1.6006070215314998,1.3371137437782927
3.9924368550418547,0.6599028296650302
2.5835827089196934,0.7691857617497373
4.498487898013807,0.8005072845467173
2.57596511506374,0.6315531436459859
3.149553531809461,1.8302533647413828
5.029178151389647,1.417157453567505
2.315589623617087,1.7519751883437955
2.6013604583898235,0.17518108533827847
2.0297978173468922,-0.2340187561277295
1.640389271106939,-0.5818216469428374
2.6621113618052448,1.4413478057839473
2.05019833301915,0.7972964795421088
2.7024548491123404,0.5323672587948214
1.8395892337517434,0.8039828257475814
2.1712604796371995,0.7688679711841897
3.529550330079595,1.3566007404260454
3.9769772455005965,1.3454701000026281
0.8079874647195,1.3753293829499555
3.6029138465034247,-0.8772692753815698
2.0828020459004115,1.1179770885340152
3.9771015115858472,0.16840730744312205
0.04878388852382365,0.2527958458030763
3.245794719050947,-0.10729823806383654
3.5904182359140266,1.579267541395283
-0.229945712393413,0.7960201694645701
2.7519059385629605,0.7291454149772839
2.6772783946151266,0.57231732534892
2.608676918593384,0.46167783284215286
2.2604812558345695,-0.4769601734326723
2.308697197700429,0.8420584190944558
1.9010876030073263,1.3212655658962633
0.9369421222148486,0.5883867323162053
2.2397988711815042,1.806309574843647
2.3181258890820535,0.45645635207870994
2.483032501860874,-0.0043902738475535275
1.655129212443177,-0.2562699675662836
3.24928266649577,-0.30661856314550473
3.2048295074561137,0.4388246075501588
1.452059407189909,-0.8112348599175623
0.5521171185850908,0.3309065384056766
0.6988185114759067,0.17346405109973906
3.0631743094089923,1.4383477217069425
2.9586033158004446,1.1880302141475074
2.6824037170810993,-0.18051657109600117
3.2108154642911124,2.0018212881553996
4.304058638228612,0.3345925849334629
1.819815180056961,0.3873160906667586
2.128084512810657,0.6148777581793927
1.3240579569709703,0.8274857746225089
1.3068165983044078,0.2707203770039199
1.5499958913229603,0.9259959976642593
1.1288354890634082,0.834503090495486
2.7154092935005303,-1.1883286759885279
2.5590867103238155,0.1956025072816705
1.4852032963293147,1.8474121663138594
3.303538557821532,0.6963979490769057
3.019294573630653,2.162736164728179
3.2400164175301898,0.7687017390799853
1.1576487836026597,0.7777031073104796
3.053319983864981,0.04875081243473667
3.4019255896862894,0.9257748140744938
2.824163601063731,0.39658006840472154
1.7313178606730437,1.5109564963600017
3.993304331247734,1.6377040665330869
1.4752652883334176,0.17104596869778088
2.422389062516395,1.2090425399589781
3.3186456748442232,-0.3028752608110832
2.4034736733469044,1.9097777378379257
2.960708026983152,0.42776367228801143
3.06518031827299,2.4363451764164856
1.959161476369271,1.6143837225579256
2.9198716644223865,0.5948592169535991
2.468144914916601,0.10712816722735596
3.0957784306796547,0.9738184989694314
3.5479546849586145,1.7109066942508204
3.117786400307748,1.4500590626861047
3.32734940045758,0.7756118271014429
4.132853672328848,2.0313729442469373
2.74606293999495,0.07875132237779803
3.4853265128783604,1.416995698733291
2.1489975898754192,0.6610910928978002
2.3570503117514536,0.1212490423603676
2.457643998407194,1.1237729108388679
0.6615611818764309,0.5799445083502722
2.53251329107221,0.15076549313007293
1.078428628851407,1.107179485204178
2.6064292104614286,0.5075258254493906
0.9076306712877613,0.4678507524609842
2.62255186115451,1.01767373836952
2.485039392307742,1.2246092453833501
3.4803813729823276,0.6395367235960681
2.5933071138124273,0.25095082037361394
1.6354157396295603,0.4744452581044955
2.126641155554055,1.6496782293079688
2.1601568417608887,-0.3629119012351021
2.617938896433033,0.7000324422473668
2.5020537405378245,-0.33282673857037426
2.84235803971917,0.571777833337821
2.288449674870975,1.5497794963216853
1.5650632884081206,0.6794155734230155
2.6550606116481172,-0.31762773153539037
4.285448230259798,1.0051647660285963
2.5937802568790946,0.324598144578236
3.013086832885019,1.0311783995553798
1.9435812127933692,0.45106826018370216
4.692405524456619,1.8513465440922372
1.543995114230511,0.1263612709461608
2.3345288589532345,0.08694926814249959
2.080405169702378,1.1819389278512014
3.8692823899610134,-0.046075396737424446
2.511830957257094,0.2753266589319965
3.8511875312557393,0.35513028280689096
3.0967359235659253,1.2350514758515247
1.5419638792278225,-0.300232369168956
3.694044782752135,0.34320319314293746
3.9469834915356117,0.7182329204180122
3.079976097393743,0.4707492918824764
2.173782695428475,1.5107175744433596
1.6551281626186316,1.121555176007434
1.927773287409991,0.7554490837199187
3.1588892572209866,1.2448872062565466
2.490725007737326,1.0089533419232641
1.7803602970701595,2.876648633851676
0.8681007598783779,-0.6398220742482409
1.9436721261841141,2.0947018096672214
2.2660860621003396,-0.9350286797372702
1.5458741853794384,0.5805388963906892
3.3643956876895533,-0.3078175252366264
1.671889577653432,0.904863055817943
2.8052726621227224,1.0593403865061561
1.569185492680547,1.7256025076261055
0.24736355414488642,-0.20607933576774334
2.702258449464351,0.5052764519108757
2.765778592071297,0.6776191155992111
3.8880783734429345,1.4482968582690734
3.1816821501997214,1.0973694763440922
1.703382289709143,0.5988654872313715
3.1158765685612066,0.09866870650399273
3.7474544867261628,1.3663482343732918
3.009350178103018,1.4319526103903473
5.101210345626219,1.497209294227384
4.037126898277053,0.07429611534701197
2.124022027256781,0.6090890937379423
2.326689198631312,0.41689437220612424
3.393971049758484,1.4720562981711012
2.9338487966022933,0.2957369272955427
0.8109745179907641,0.1796630541555972
1.7781935428764575,0.700540211712863
3.2975453840912343,0.9686522263641429
2.728924897337918,0.005229446855878117
2.812600147213827,1.153419085724993
4.743737549082123,0.8561225455078572
2.9505403831053787,0.3631947595806502
0.9925365245049584,-0.5832155268694037
2.4934435604151854,0.5140179718857012
2.561630570831785,1.049550882721416
1.904096981833781,0.578014652568361
3.2075855783508134,1.1673430187105043
0.8197217131247541,-0.7387700356683905
3.177206590016,2.577792976327654
1.2060774527430633,0.9844070589223191
0.43942860894364655,1.0659708108172585
4.222792314684143,0.20924300318458122
1.853600975922126,0.741303774989264
-0.3623928915727892,0.03918956424682085
2.455803646726347,0.483120024778307
2.126352658174757,1.3996311620680544
1.8158549375454849,0.19381660302736697
1.6131173675883363,0.6380756059861972
2.4062655770618613,0.9558514367822861
1.276422748934398,0.929086543038153
4.071768249201431,0.6028271360870253
3.1512199822287794,-0.11412276672580335
1.637813871863092,-0.5076586600126394
1.3295086377525378,0.3071675311975823
2.1643974887879045,2.551825350006345
1.08332176294589,1.297855814625474
1.867910062284275,1.066333923912756
2.595883748679365,0.7415547041726229
1.0884221335192068,0.8155817549170248
1.1755602040110011,1.170450598371111
2.4028047347868604,0.7004521482309614
3.515656669192209,0.46443308187824023
0.7040938016904561,-0.008564777508292654
0.424240444288011,-1.4954411380369272
1.9699636570579702,1.3604910337885445
3.5416632466497244,0.4812108182033864
3.517565570668861,1.7184599664978997
2.3842484980166034,-1.0870037928659397
2.208803035250509,0.9408797591874858
1.8312086297325745,0.5288567012827908
2.679959862485386,1.3051595205542128
2.879729157817943,-0.22132147250970802
3.007377709665765,1.0752155670664014
3.708088819677055,0.755876321430051
1.8743169442669618,0.19484263730636742
0.8848140934298736,0.46373400160101486
2.6261559688094374,0.30494212083367306
4.404658425444201,0.696414360617454
2.494353302556606,1.811769681393544
1.9089092670037724,1.4129968293451878
2.0750390195856196,0.8626916482362235
3.646002027010824,1.1565777301851727
2.6807089277206195,0.7953907940957173
1.7132943804039649,0.3030219730131385
2.5925252485998307,-0.5703673507255499
1.8465033373231934,1.0503218815711879
2.7659189192339104,2.0248215027598766
4.03314767722504,0.868995700570811
2.8606294863399704,0.7793516275341317
2.0685648278931903,0.926991275109231
0.8219319053966283,0.48306269060112184
2.208107198455884,1.3773666249677792
2.931861446591535,0.47664065358388036
0.7091662289672427,-1.2264917505219626
2.701886767640169,1.1628581548034462
2.9249635682038826,1.3808402129981594
2.283541808992658,-0.47246539243839547
3.544836246810236,1.3118288333333443
1.610088130921628,1.151688144926132
1.2344828419503264,-0.19530469452834154
3.5489256953268518,0.7524973081915383
2.971330534134861,0.548561176352736
4.130604296950661,1.5075281678757486
4.2321857890604315,-0.3842878100624294
0.4908952156320723,0.8888620719109573
4.29926492546386,0.8528086844221813
4.383992370489591,1.011287709452403
1.8255768252434204,1.0359127293354848
2.6350557947675246,0.48864888928220807
1.0902857081080426,-0.6136712700674607
4.398090025043901,1.50871049578109
1.4114086391876957,1.042982772842625
1.0711042076817898,0.9399308488024991
1.949799031003963,-0.13053955842913145
1.4031961267344057,0.5841080988485553
2.886990787485683,1.3857434824882668
4.424457789377009,1.4148213002718582
2.815501356069194,1.9126968036711907
-0.012789885623600838,0.6102485489234224
3.8430303529149246,0.13578911695954998
3.639578784373326,0.7379538474638329
4.626819409984168,0.5232731364027943
1.1264274065959623,1.414346843090447
2.7639268697545045,0.6455877335539623
2.803770508807583,0.8418193971797141
5.011839673528151,0.7620626897409852
3.5841756334297754,1.127360327717135
4.18022483937445,1.1058328151075465
3.978721094811632,1.8786909228423085
1.9039127078614735,0.11920167265920834
2.7098002382476327,0.5466208091373204
3.0047026080387553,0.7332742430644326
2.32247454273638,1.6583898688552643
2.2741679623140354,-0.517648606618226
2.1867362027273862,-0.07690832520999047
1.1749992885052831,1.3865487768232132
2.72682503588666,1.5655984805956042
2.052066319253243,0.148851164077625
2.2411357195364023,-0.11856324875283186
4.898038891074432,2.036578888373715
0.5062991575056066,-0.15381355625404303
1.2294324770924479,0.14756211875336123
1.9663870317648549,0.2916091860937186
2.734026989032263,0.9283986012113441
2.3663880360641354,0.8258032109488757
2.784952881139012,0.3884866898985531
1.9395509488368283,0.8231571899757041
1.026485135653005,0.76213999016538
4.292608196507832,-0.4589131499974155
3.7740616603240613,2.6397134940037867
3.506151852510505,1.0502828356474594
1.9540837002208558,0.4680188457691631
3.4527033118699535,-0.2755585875078307
2.490489020096001,0.39405585982187813
2.8691257761716615,-0.053196837531854446
2.5836107807464934,0.23679527985568238
3.926116020873116,0.866073076029993
1.795974862976625,0.03427274757420351
3.7459881805719144,1.6923654261572796
2.5657999989115514,0.8211792033501207
3.3079242636348654,0.598273622582643
3.695471156552158,1.50981040679417
4.18739155632737,0.9345542900334487
3.537409224706023,-0.04717327976285968
5.339898618245104,-0.13904362124444236
3.847572372662286,2.2260164023801963
1.397707821393207,0.953033977247029
3.423444565743589,0.7046248951089
4.83848607476174,0.10123732533309115
2.5127388740945715,0.268036075894872
0.17928992258718957,1.1068341828842185
1.5334575501877032,-0.7600820902707862
2.6966798219268187,1.586990387836456
1.5398246312571913,1.6492383616725719
2.229459362735179,1.0931158501038873
0.823739594417989,2.2783035419618614
3.3508021778221964,0.27144316053919426
1.687339656301485,1.5288085189188576
4.127108357565065,2.6776368607511225
1.7126554262363038,0.3683030562417741
1.9592270858100411,0.24481470050396636
3.0766010847594574,1.419016363278966
0.40735627771487426,-0.5377033919424561
0.7443930045395999,-0.41040378295859103
3.91226436775447,0.6529746901101132
1.5997615029670467,2.091591795546035
3.743848072450845,1.5997480813796625
2.8537045275500534,1.6809992879986062
2.532005179585765,-0.8413318059192676
2.8347631279447247,0.1521137811492499
3.435799822941603,1.0070628100183134
1.7117810494562675,0.1347525179513549
2.747249719043063,1.2555219717938244
2.002681839355195,1.0414576798957893
2.791867129165956,2.5669378080295258
3.7846410453726937,1.2679201518263685
1.6566553045508572,-0.4619069355475294
0.9537688745261816,0.13194769266173245
2.8314499430671987,0.8793440673589658
2.812616643874139,0.9351816262105745
2.1405119997798794,1.0944760445044666
2.261743425384797,1.6408730108057932
3.470500217608936,0.9062428825374869
0.45351268879309936,0.2760366741749597
1.6425278540784065,0.038459551197388975
3.2779341753876707,1.289160826838201
0.9960794976214,0.43947637836781434
1.9901662859506457,0.35994702025745456
3.0210633707794963,0.730937709094558
3.6759815650799785,1.9539979856846235
1.8827005790665836,1.3071471901008165
3.3933432043595366,1.3392413181840512
0.7049162105687503,0.6120101362546598
3.3503163665187508,0.7492555719211482
2.672949541672047,0.3514926321699188
-0.45737073751392154,-0.11081523626058976
2.1792322785646503,0.13595237930859783
0.951442932351916,1.559375919246865
3.280442480349001,0.21726364553421462
2.9656729980858834,1.9284292739166018
3.774521906375055,0.5600930946244627
2.8518862764927535,0.4429094757750709
1.4536090993764883,0.46236023663777703
2.5742338119853265,0.46065153236805495
3.755355910409832,0.8882766516676031
2.9890101207508737,2.33220011093293
2.5189888748780147,1.3360208122051809
2.314334098651392,0.6512404399968097
1.1047693176051863,1.7412430207192853
2.02125665089876,0.4515292440392424
2.6512390060429665,1.0003277605282344
2.6526626251848424,1.4104333543251195
1.113279901969,0.3554698400402072
5.49941889127887,0.7267690856536453
2.426853382998819,1.6752118556703568
1.0633957102535974,0.5725860774015731
3.6826857806033617,1.4394112217632282
2.119962373447577,0.24758901487030094
1.4422233555214934,0.6039992206625915
3.3023241439189466,-0.7013710327868176
3.427767286793823,1.5689528146644198
4.0993807562478395,0.8232856514413677
3.2077471080617075,0.656028821575259
2.698030716214318,1.0178230004673776
2.5159736133336925,1.143500417791834
3.9762218744933455,0.22620678160085783
4.507653814358717,1.4735929287720804
4.18568259964061,-0.5619132344398277
4.792141850614039,2.43798596356224
3.4337170969966877,0.7764311118988659
1.845543715193706,2.0825573718025874
1.9392279457593993,1.07747348729155
2.4126078720599513,0.9676572353933591
2.4468046239169627,1.0677018772489109
0.45365094233495595,0.010783494597444432
2.804432622091895,0.21080143767209503
1.3413313039317767,0.9409258035991603
4.876483165012198,1.2915058038213196
2.800965729440199,1.0801975954053669
2.5604863466964645,-0.30461127718533343
2.1167329399874317,1.034766083050447
2.7025597917700823,-1.012971295067554
1.1978828013626872,0.09920382178498016
2.2202988564563992,0.03736690939373
1.9057513135508763,-0.0192315977499391
2.3862147844024766,1.296922866231518
2.8069573429791457,1.082837908439922
2.8032043218540434,1.1368672511036166
1.5125388906469712,0.6258131789312509
2.469038294670956,-1.264175029194518
4.206199028125841,-0.5133037670037286
1.5611068822093788,1.437039898273473
3.620377456488977,1.851193463341847
1.215537897832642,0.5890812381880488
2.742615875397469,0.3916506857764727
2.6317181167489636,0.49827848699317817
-0.015507429835055042,-0.25797112184173127
1.2472988388908985,1.2413370896709877
2.8906311360265953,1.3430198653952488
4.527643030850287,1.104081537697757
3.535609235029226,1.5299646291782123
1.4068716237309924,0.021257582122998442
1.8837850777628056,-0.46979803834612666
3.3222160578649413,0.595116972196671
3.8133004372423933,0.7218001750278211
3.456559148934468,0.6590613858302058
0.32282866224072926,1.0153483997450141
1.6952965307445673,0.3409639582267887
2.110514873945267,0.7651316589894466
2.940901499096215,-0.97544354066238
2.6396576524828745,1.3288008703114
2.4303968627087817,0.6280781478377286
-0.21269604347565574,1.4013706477457846
1.2749177009348205,0.046142276769288615
2.7376521424386118,0.31505198721181676
2.379401333689038,1.2969801701556687
2.250610968884745,1.8924737917472303
2.294219743082334,0.7773657063750583
3.2529396124460392,2.2019865068329927
2.0977677367739944,1.0876871037690123
2.7574571395960894,0.46079335932005877
2.470277787136555,1.2094428548572331
2.098998403612404,0.9334111661467185
1.9880120486760928,0.7080865754936624
4.369712767259432,0.44963928275764087
2.9443720129002258,1.0129556656035934
1.7427637271795402,0.854691988313611
0.630964118524004,1.2993870703431318
2.2894639785438438,1.8296227284327486
3.9691569383910394,1.244663141257276
2.345894280701578,1.4648340725400528
1.0569628067793493,0.850594024856349
1.3400360888590208,0.08071405160516842
2.8476816575434265,0.9191490042638651
2.110388732390244,0.1479636051904003
3.4722850729913386,1.6509610651300655
2.6306781050328123,0.6952042295105711
2.9986148404979156,0.5618619661320712
2.551302645227299,0.3471565327982451
2.3867998743451837,-0.49722058866188923
2.481707211317205,1.4570012628923077
0.677848168321556,0.542008079844315
2.793148888077698,1.0010904659358288
3.364245293316231,-0.3349246705426413
0.8800080209251158,1.3514762332484809
3.311827403760409,0.9030076448053598
-0.2318085899570832,0.628907148994563
1.8817270698079112,1.098075459816831
2.955101938432616,0.38427013715924885
4.760787455814283,0.6492902646773211
4.214955734593525,2.5327973088479494
2.2091644216340516,1.4560323494673963
1.2013377342709863,0.49173365790705253
2.2132943963608134,1.1303402442316373
2.4410446039685825,-0.3263010284655854
0.6360094841310568,0.6818527429138347
3.5020491613479203,1.5368044724613676
2.6254512029418713,1.1605403658942282
0.6487561257377616,-0.16262069321365735
3.6698068042065297,1.226247959188828
2.5003274399341646,0.2745785673000466
2.6107833610927926,1.5884608984731134
3.3588572183217678,0.20951371242278827
2.6514432923234152,-0.4124663946790573
2.791753918098205,0.816345415222973
3.1329921506029015,0.8787183880236012
3.2954511637758395,0.656311276868257
2.2579677947642893,0.7654654848012706
4.4566226059664045,1.9899990384436883
2.2115857036061413,0.32314452180502157
3.677750633480108,1.4814553206391232
3.387488024640646,1.8072993765209286
4.701294180536513,-0.7050079386413426
3.148092489061486,0.0113901973279672
5.842584385989322,1.4314267828649314
2.964123132741911,1.2849490623643627
4.1323807806233805,-0.08048489644388401
2.6070564869969854,0.21996344295817738
3.4320867335763894,1.7633627088225357
2.2800035572200015,1.0279571497092974
3.5163406232061014,0.9671643348073772
1.56489369749017,-0.6682109378809903
2.610188294956622,0.9694836325821012
4.3956925485113105,0.327565333663949
2.7554338389164097,2.0815319362219515
2.1223005614892707,-0.3051139006591347
1.1367048870404868,0.7280942821431906
2.579384465222864,0.7970340500389935
0.5804346202678692,0.49852306639793903
3.5136092176472387,1.8234168601004668
1.41266915864265,0.10409718503288812
2.9483532204183454,1.5681842029561606
2.167361574082144,-0.1844399223786778
4.319371545182144,1.456916043918605
2.949242450423453,1.1611160868211923
3.6378887482003925,0.1505801572511083
1.7458476806704435,0.9817167389113508
2.042012524938217,-0.7867583117708085
3.362041609593944,0.20077062958708602
0.707793908434126,1.375215897638078
0.9042953457282914,1.2107676453029517
2.818033374914412,-0.0373553713166237
1.0472391815986724,0.4440829504363228
3.6743985971994917,0.27176648005402204
2.619958144188221,0.3170730017992432
3.201306194658128,1.2423826906125524
3.1604193902953055,0.5928544642423557
2.1997933306191952,0.7784486844644497
3.3286419327930044,0.951184837102739
2.6275111914938174,-0.7239053696799023
1.606796064997912,0.43359234241356215
3.716587685860408,2.8737237261791986
2.3296199551816237,1.1110787386553111
1.2676684450665647,0.12368116313192035
2.8432502363078545,1.5462553524079743
0.9834902602624274,0.17707847874409122
2.393146291080222,0.14783888335525308
2.091324393748294,0.7466194676039637
3.750840099682564,1.0007835059626502
2.9190592137462814,2.0344185255498837
0.5894697540451157,0.8249665712103196
4.060981811777729,1.1819209855720756
2.4517156324830425,-0.49672908935119997
2.8858871506862056,1.0839352397254158
3.4583561919753834,1.435999921409235
1.9352157179046636,0.4152292512936596
2.285907591681058,-0.5470008115943835
2.0872366045382815,1.1619486061873014
2.999582092561558,1.8928573421771338
2.983946176697588,-0.08578232838891764
1.4016068092859388,1.2121337758679065
0.15672382033399357,0.9353049688969148
3.194007917144666,1.2769840229998857
4.848484084440059,0.24735500741582117
2.463919303428419,0.9604955588281965
2.2097787909506557,0.771021988877335
1.7626145375857152,0.8788976180911787
3.914417073503154,1.2901775440223926
1.347972093604861,0.637324073697053
2.0228057904327907,-0.21474655902295092
4.392011157030989,-0.5294919123407844
2.5357010443613364,-0.5938985473357752
1.105415517066719,0.5188902216051007
3.7973985285405814,1.9749494140647588
1.9512914779962318,-0.19731998842563292
1.5411319595933133,0.35050524477893125
2.355771448827004,0.4962261373016897
3.455694798009451,1.8929347519883333
1.6205284009317116,1.698721673439271
0.7247532786460908,-0.3723470183829062
1.6681716568625207,0.6079482916630412
3.3555802668465455,1.4878897249503975
2.492661583791824,0.8628732577955907
1.705553373066188,0.9655366231014413
4.439813276562543,1.5999587702915106
4.444987057348475,1.083642515334278
-0.6025755374825508,-0.8606419041895359
3.4550994537321547,-0.3623863439590269
2.4410112709138354,0.9173312577572658
1.5429024961808708,0.9877779801643987
4.747848560814399,1.4415444519039418
3.3438096619604165,1.227051951758166
2.549560630253602,0.5965270786587955
0.8194451664848867,0.8175833554092529
4.294521930209051,1.669234394527579
2.9546280090287587,0.4663646114347425
2.9685536666525087,0.9878161991822707
1.9351479172905397,0.5125284813080992
3.2342030518239557,0.16550624667463454
3.9889254274366657,2.024228469483841
0.5459275874202554,-0.03059279801907866
1.69271751048796,0.2776085907239869
1.531120114130153,0.3523478955905234
1.4651636585510188,0.1586256984936466
2.030384197426172,0.7455980880182947
1.5101878923421728,1.109310000842446
1.0303316365467132,0.2565774931399311
-0.21262392476890923,-0.1371535872712975
4.621547170053454,1.0850905455516
0.7463568631127027,-0.16424979308979104
2.739889006714651,0.5795437726749024
3.0854699857396657,0.4312440855997312
2.6626136769652184,-0.03882065764830689
1.710582209386952,0.7450790146587973
1.6476081285284319,-0.09535387185880606
1.8887369291560878,0.6349460020231064
2.9937888117500298,-0.6063823774809488
1.8751437738025518,0.34339204664594
2.7356167012926442,1.2309089917772207
1.7178311737648837,1.0819519956334207
3.286901584788059,0.2641054156724574
1.9284561600404055,1.6741869786919676
0.5349735573749141,1.572622296164448
