-0.9168648723430906,-0.6018898059573944
2.319238428130887,0.39008445574005346
1.1270255443992798,0.0815900425196851
5.062089839271885,2.4795398867398744
4.520983376843528,0.20289748830925225
2.9906344069205106,0.5513507068332426
3.9711866893307586,1.1845440178682711
3.3190561677844874,0.034209620829092846
3.0787978263416376,0.9519828795307853
3.8707568879681653,2.0382660020010896
2.1073088114193674,1.3154656774405518
2.7443020261778046,0.7574297993701999
2.099501551987192,1.3682564902306467
0.3532774645899721,0.27186775006661223
1.83906011993689,0.3358131281430035
2.4544967926499957,1.426324740417913
0.5858519961973017,1.5144730705760798
4.143892656914813,1.8384736765844476
3.7977148745273204,1.740236702425991
1.3369147198591067,1.6783708871839667
2.951302274967256,0.8200399130100122
1.780912231925217,0.9264478075180049
2.853615721719398,1.6615162239414771
3.1152246993546724,1.6893330612499908
1.834417908738743,-0.18324346984083273
0.47130771816579653,1.385537448362846
2.189952604672146,0.7590889735856342
1.4980189908111727,0.5420198816432198
3.4302421143276063,0.998636797900107
5.923274433332386,0.520964152103624
1.0716845189918909,0.5859864504247341
2.6191788151245405,1.3659160479341466
2.68006820905417,0.12464889087639275
1.2133893494532444,1.214758444026618
2.371068464635034,0.1809134478214789
4.705544817782695,1.6192422042059547
2.7303862854531875,0.43903809574586083
4.0199381648690125,-0.008232712562275646
2.7765106262117847,-0.009235729345986488
2.576328643436945,-0.655444888113819
0.6441553428633426,1.2939278848695028
2.1092606560319873,1.6012552758318468
2.3900160311017897,0.5552387879940006
0.5550837736968488,0.3853665162685524
2.221003637654972,0.38088344693426024
0.33507467784599054,0.3473022647887058
3.968725715387056,0.8232417228103172
2.3032275369184623,0.5323768872514729
2.8706628498539795,-0.2296185373019275
2.3737203396501534,-0.01101125449627438
0.9434093563657484,1.3239547458510565
4.353549457473498,1.739558394097024
2.467280699279518,1.367536247005487
2.263470638523704,1.3489121451771093
2.8261421608955613,0.8653678490418169
2.861902104372033,2.072310686951808
1.943791809453573,0.5246513867125049
3.3923099388742886,1.05264178083759
1.2200817045122256,1.382346109441843
4.0112692508376995,1.281553153714297
3.646827737937076,1.140462791646057
2.9133803024625724,-1.0341220082823306
4.142575184426114,1.1457782564269903
1.525353611420437,-0.01746746789270648
1.932134873573471,0.9258019756886696
0.6165829288860707,-1.0061485779489157
3.082128088782189,1.174566228819511
1.4246343144411737,1.818009226138628
3.6362057187882963,0.7200314110490471
0.993860713282892,0.14211611229929216
4.316696246914654,1.110420909354722
0.6575146691522831,-0.6066218802157131
3.077196966452338,0.03880355481082676
1.9150161989443788,-0.20394533763159217
3.2524114805488304,2.3990634410493668
1.9230541464135062,-0.18409885016913086
2.893811798707862,0.4688352987628105
2.3941910446500447,0.9139855336102882
3.15514084541428,0.9645990582362448
3.2074425743314334,0.17850756598937434
2.2129457501881826,0.3704551165234428
2.9041275932661748,-0.4745139592985469
3.2593481021227406,1.7133346038387516
1.5455246261275901,-0.23913284507708565
3.7929074920068775,0.9940259373355601
2.184201741678601,0.5582132238987111
1.4350849984753398,0.751394489312179
1.868533708916277,0.4170337460863753
3.323766753029163,1.2841998207226357
3.680676822693422,3.1461964460122434
3.017566566208746,1.398814703752839
3.3216986026297266,-0.6649501072544822
3.795045358901244,-0.5755964151120465
1.0612365540016742,-0.1338133264034298
2.1710188408235886,0.10154599246514717
3.4067524277230703,0.4318705499499309
2.5173168994016133,-0.2711406886645191
1.1629048998562321,0.9509913365307652
1.385273608182178,0.7247565662774211
3.2589069176280208,1.5953224201697105
4.103630440280362,1.1887140925094148
2.3311070083765535,0.5415139674680574
2.534664669298193,0.6792572387826932
2.7550301967705324,0.8250926580006794
1.0981592806109544,0.12050339829257117
0.7121449159657209,0.771524467834497
1.3847750669382077,-0.82853900951911
2.786426049340351,1.1930599487975546
3.1472740151022944,0.14722625587786808
0.4193407994530127,0.2734462620362369
1.739760715187964,-0.08712023936031621
2.805668541237821,1.605238996671174
2.5242441582472988,0.13401765817788247
0.21288221195096257,0.012062143902580036
2.274376719459652,0.14793058056531172
2.3427638662845656,0.866109678207946
3.2652114417192233,0.5405687541842579
2.644272432520247,0.7874194464958658
1.3960745928442717,-0.7039416296892852
2.8383627925863015,1.2463693484764773
2.498685174816379,0.165391939550246
0.9544976474574687,1.638322280793405
3.9128368972248175,0.4885374540609855
0.6615011697263729,0.675354581875066
1.6160005302995897,0.023228656672416803
3.657967007911238,0.16381369275139857
3.4554218382833186,0.5553196555593725
2.1336139711009894,2.245083809390921
0.4608510537972057,1.2525000323231652
3.646108942843026,0.35780352889475386
5.586691001652667,1.9502774129009424
3.7734803015349963,0.25704389728164123
0.5372854810377361,0.5761223169536732
1.8088003968277473,0.7994335314152958
2.873290265534536,1.205754522262296
0.40024016057793643,1.4777991671267257
3.9177020433430085,1.520862793155291
3.2871259412516913,0.9108799969625766
3.166199939063013,0.6562122328063367
2.2866508378900363,-0.22841719067194866
3.99293951725019,0.7837816980066497
3.6049991136218784,0.7264889507469731
2.9859597365077177,2.426505789979945
3.351167648393789,-0.1450700358235486
2.422344921873172,0.904746786216772
3.6262187229856258,1.3393676314781497
3.6841742193915192,0.8294544622580066
2.926874908267412,0.7422384993142856
4.697101394745933,2.8078282015755684
0.26492032675265786,1.4528718123233286
2.5244385105343636,1.1169554479763038
0.7831257449584632,1.7145030524862561
3.4047016346212424,0.866104785745937
1.7556321512363495,0.48177955233724823
2.1716013013625233,0.28701841872751865
1.8329018105489185,1.133923298927522
3.5036748224660204,0.2787641508358337
2.5428294632041246,1.6710686358062048
4.055362265745308,1.0603854551199186
2.2175138919573203,0.9147698552157459
2.579189464565083,0.15259515632730325
2.75246708574641,1.257375678617838
-0.3566322143677336,0.4880200216282159
1.8072457629706649,1.0196867918905577
3.8327245083742767,0.12656718140283985
3.133130236268359,-0.2882366233212772
0.7819594178433971,-0.1039438006775063
2.02893207087219,1.1780754408826066
3.1471869691528367,1.2650849095725913
2.6380226809814036,1.291841018929001
3.1186893559412,1.9428294919737743
2.0049217036046794,-0.45641327825944134
3.2187407530997367,0.48392962762509073
2.516310369690126,-0.24260001406339393
2.3684452813500148,0.468620768035761
2.0752274364264247,1.6426011817931663
3.181142632405014,0.42290795655392904
3.2656062552788327,2.7911365231565877
3.655662594629242,0.23903893973866386
0.7179311416854881,0.9697346287159261
3.796377458430584,0.8601015104935689
1.9208664394531938,-0.7523085186282432
2.3922799205248375,1.0469406099776404
2.626837036397145,1.0828999203586451
3.853696612655791,0.9988366520786087
2.8132298880959556,0.5569859970671582
1.898109018266126,0.9606737132021526
2.2627780566264692,1.074870226556816
1.968473312685761,0.36460998060417815
1.1546479742475928,-0.8318221884096264
3.5694791633506524,1.4210400658291895
1.552232424311411,0.6364048260132193
2.8623303361104586,1.3839196436465961
2.4072540401231466,-0.602645550275313
2.134144731039345,0.3065108935725192
2.549416412473431,-0.3721762124766175
3.9598201942557774,-0.8340552193653061
2.5584072886406477,0.30677679368260485
2.8830875879692504,1.056835455852431
0.8069592742002392,-0.3864061848410649
1.1891189338770665,0.7705040864557351
3.7575280763913854,1.03883542038401
3.167840275089761,0.09769439486702136
1.0932704000076592,0.9774465471857102
1.0145086568255384,0.7640698947373643
3.6731072623489647,0.8513835138041459
3.404406458038576,1.6720384607121137
3.120012074312893,1.9410146651539195
2.5360303747431026,1.01846661847737
2.4441509100801566,0.0783732095342875
3.834796477422284,1.1091652692820053
2.3574254510563555,0.878984280907489
5.070172019907904,0.9394737832115105
2.2217705352846044,0.3175189315232733
0.7789567062257656,0.11842539043620232
2.4304260219442533,-0.10271712756563711
3.1070042020781825,0.5868754087693743
2.5637810271122694,0.5692537227934027
2.4398345649831614,-0.39402727018666317
1.2361979882850884,0.8572027098247319
1.2512184825813333,-0.9876462681790095
2.8434838382166507,1.2454330483984792
5.158573557958494,1.2869848756182851
2.7133466395590236,1.744329956834
3.82919243821221,1.0825686564949197
0.8929992850693094,0.8615523797318211
2.0976616026556876,0.15346509278463105
1.7113943426143485,1.1814713337471998
2.0600255359407753,1.1097156988738255
3.2882897722030124,1.4516771097499763
2.1779250025478336,-0.2177730374219491
2.248298326060518,1.0310032640557163
3.3685343995234636,0.059895374723330175
3.2228688126844878,1.4713354330043047
2.8103763638309833,1.8855882385808247
2.122408494252962,-0.013525602471060494
1.4276639141840515,1.2800085387488351
3.8106218148500544,2.0751926724157452
0.7605103785289729,1.0290214929805417
3.6434370733851242,1.331892034996625
1.2401700663797304,1.7321287732527002
1.1422615441303203,0.7943905768499256
3.2884895466909407,2.0623351964156544
3.173566100897873,0.45029201229025123
1.3548951682643908,-0.3273285517759771
2.0130634047875096,1.4085953597195902
1.6294685239537094,1.2637673921200219
-0.2682153195848711,0.6621176755193583
3.7733243057664687,0.9880038642271736
2.643652368834738,0.7923131986772792
2.893133092893966,0.45184382827755076
0.01866132587828684,2.2686494623019193
1.2082226644347736,-0.13659617430391757
2.613174714631741,0.34181649854786167
1.7874190072187797,0.504873444720965
1.460466703564032,-0.9521095708637011
2.4629057296721117,-0.0576192966312814
0.6758230396838507,0.2346986777799165
1.4532043070297318,-0.2802582384052129
0.49037740734560176,0.16141112630857446
2.023421407301106,0.24347667937824485
0.7507886224092466,0.7605623614239597
2.636643053800576,1.2118136392057588
2.773894858530966,1.6815879816719062
1.6053792594195955,2.281721982504988
1.0196739107606385,1.0025429639008616
3.289650551006579,0.8806981206083786
1.6788833556829235,0.5270951153245809
1.7843133819391288,0.9679695255596817
1.1729064579698947,0.7249380924505717
2.7898690602070944,0.8520432917942637
1.3646322352949773,0.15776875830662324
3.69554749020756,2.6829000500618627
0.3370978368763322,-0.9166832902257902
3.691451413759713,1.5050797998755578
2.615683150866805,0.9994809889425929
2.6441428502798825,1.0155680494038895
3.2614421623363463,0.6925213932407954
3.4300214425755122,1.0579300989277112
3.998585328738294,1.111143580343473
0.6089932023550522,-0.11488535608726164
2.5969839074533367,0.8822159630055477
2.92051490082873,0.2852625699157797
3.69100042891289,1.5390525450750243
1.1433320566539007,-0.5329891502064434
2.385083169987813,-0.22059225068580446
2.565956992953919,2.0327811225227403
1.9437761301065426,1.3559087514743116
3.7101709338790476,1.5818678350005435
4.189556115274064,1.3137311093242265
2.0901667386020613,0.04956580828019452
4.51783095019084,1.4241055977890988
2.484985333384016,1.3954300037598526
4.205228435397132,1.3948046490450523
3.52570340825483,0.3850348795836068
1.2428178884241532,-0.3625555862894898
0.7538400012148752,0.4503546595759763
2.6235847011911857,1.3685601305082062
4.531277353322629,0.7264517692195249
1.8493806640826047,1.822329555190896
3.9118460692205606,0.6396793689428644
2.2573732129202964,1.5256277156402192
2.870564165053044,1.924678054003047
2.2808463511150436,1.5586495730600252
2.971705622664259,2.08022477485377
2.355438889718683,0.6743411450220524
3.3039053731674217,0.7089078962011658
1.3152778694455807,-0.24505171869792142
1.7242257018074765,-0.10258112821941945
1.3969859165173548,1.8032342345620809
2.237605498246322,1.4306940806494588
2.522453036105694,1.7460051253876494
2.0825503482411425,0.8624972300272918
4.640128696334624,1.6337499786820746
2.9098723449266477,-0.5688311755984314
2.5625022880826767,1.1427658518581163
1.3560274332584747,-0.2963566954862151
2.95070177173626,0.44955964002150806
2.330188765724227,-0.027864381510093517
2.7878028318078742,1.0295303080354696
3.215513959519588,0.8388464800364013
3.266813077381716,1.0211496029613722
2.427615762125802,0.8206542976489579
2.795058556797292,0.419435942198641
3.1574214998586374,1.0140761685726292
3.081922917441321,0.015944631310288893
1.224783516677516,0.22356570940527132
4.260915790351887,2.060941611659462
2.928735408482707,-0.29397956041499373
1.0462652217264163,-0.0860573399674529
1.0131944501801393,1.4728879731486217
2.7677898931531395,0.2111776855583547
2.206429627708591,0.7718960145545558
1.4259872766632131,1.9488869513597673
2.256919323586848,1.8305965557797723
0.8041282989363974,0.39179688403471324
0.7429531673298302,0.3068393491946301
1.6905638215350725,1.5517158370181385
1.1467075296189635,0.9696448431562532
3.176410968293888,2.0889949086539783
2.1125133454329394,0.989332700287166
3.2306803287727783,1.1126848252182753
5.050614144823534,-0.24890127858103428
5.363753659123884,0.4468367783080902
3.3521596283782715,2.6634914510208345
2.3017045410334087,-1.458180222872199
3.040010628451604,0.14553060802439144
1.56941771707353,-0.5801557180873513
1.6032289136009374,1.5198347303455173
4.58953546687043,0.8983651596032444
4.276937514417427,3.07098214123883
2.0485799037166137,0.8371903075205414
3.791077590698718,0.6386268259252745
5.816526525503196,0.9344320293513503
1.2354839523929528,1.1697607951543656
2.6059171072393115,-0.01645124211238258
4.592556135597588,0.9260768276007111
2.8365924085817436,0.6069753485195553
1.8307505271437894,-0.02134403401543017
2.73261783215878,-0.5915161022642385
2.141512661031234,0.5394161838447313
2.4022906012819796,1.019554431197032
2.4398394753519894,2.0386799505603697
2.4228974475431113,0.5559036403804771
3.3035983776416944,1.1224742610695038
0.8254389352320839,1.2744857568569086
3.5792982127256536,-0.1700434685033374
1.995702226296269,0.6101413390464551
3.9891912788144674,0.7726268690660192
3.3659670259784846,3.0863656620141624
1.240275907667857,-0.1327864138109318
2.3641550623924448,1.1670856321507506
2.4658525761298478,1.671696357540072
2.880952846879044,0.4291250515704901
2.940555279285194,0.33755181917250787
2.8840373152811125,2.129829526856226
1.9258749550617544,0.9449697931413612
2.3196602911994018,1.3150725367764697
4.428847493019727,0.8306650485762903
2.5488935417121645,0.8589720705100261
2.9456249752675037,0.0055240792832794705
1.6242070802963249,1.0989572904803475
3.741817439725053,1.2577590776703742
2.349414512021926,0.5327311582489032
2.7411095553326414,1.0232274404665924
2.4762422216581528,-0.08369097077570808
1.8248583905128142,0.7697441647190706
2.4600825723413084,1.3610842026465515
1.5000781522752473,-0.559341586152834
1.812067940325755,1.1934450862187882
2.211903560573908,0.6661988529187854
1.2673343594992617,0.6878926776551183
1.8202605956640543,0.5781778006423828
2.241812369718986,0.7787110054997939
0.2253830625558182,0.5793369982169212
1.5301361040021138,1.4089834653729243
2.608049351881668,0.7993931062107396
0.22509649283341604,1.0142315366736556
2.9654755395408072,1.6523847546296195
0.9224758341856258,1.1885148992731103
3.4040409923536377,0.6407335480846506
2.939395126006021,0.19518669189125193
2.278495933692863,0.6378228810570495
1.5837453625638975,0.9379816518987818
1.3060504424238013,-0.014573956256697884
2.0052473290190114,0.6282290156267133
0.7825805147875333,2.080446134293725
4.891491420479421,0.02555147618169995
3.521246175403843,0.25718847287076385
2.7928089244257692,1.7936581456693088
0.7688174365418177,0.5293709045977693
-0.9908405490572458,0.9246434476297114
1.3000178889547145,-0.24914362072545204
2.5858347358192644,0.03122155767124546
3.7334223373019384,1.8161782688278678
2.603889204646211,1.28246154920712
3.416649301514721,-0.018053120702359537
2.309520057785,-0.8369215948374649
2.5160650301427587,1.418595543570726
3.1191949163687425,0.8905236727319356
3.169950816388237,0.7548819770693169
1.9984144253093572,0.686128464696498
3.27238675262891,1.228661789876826
1.6581149503453299,-0.551521878542798
1.060474421159063,0.26548200531111543
2.4069043271768096,-0.3128614944079119
1.8930440578605756,2.0537554540858984
2.720670725690624,0.6425682689532539
2.7257249953897493,0.609800828908285
0.6136399751164814,-0.38733276223056634
2.7696424492736127,1.0931183920552252
3.176888876766739,0.6856913420754428
3.4745343715018553,0.027609063993268124
1.4663512278378363,-0.9835130775885599
1.0379854389031151,1.4512679591187307
1.0527254279660376,0.8732225554833807
2.2632457286697303,1.6898568665088392
2.396771494100233,1.0156724454614352
2.7518950002470985,1.1610202023105514
3.9417081664391276,2.2772335455902377
2.0836001390053718,1.6288999095755063
3.4289616560932976,0.042773913865512436
2.200962991469725,0.33171171437017244
1.1865735847171281,1.6101869385253174
2.1534642266651693,-0.04464366214099158
2.72434291234898,-0.38486686692498595
2.246860909629256,1.6310076593067566
3.414909054551532,0.7362485600896266
3.45363912542551,1.5574404204170331
1.874265082572976,0.6694993771929207
1.8800789206327324,0.4959221132697482
2.138690579155107,0.6836614019365234
0.9655321366846228,1.221016789703297
1.3060623637878215,1.5809838551161508
0.3464252311700844,-0.3780378834115774
3.5883244265100824,0.3796918131958694
1.2402263300691776,-0.034578151170986504
-0.5083174378107485,0.036295825034131646
2.310262831068906,0.6896855902294982
1.3074330885294925,-1.6077434451337824
2.922057060155218,-0.3467518438929713
2.84589927283247,1.6450498148467827
1.3072448111638921,0.35425195488074634
3.8161424303386493,0.9242783059296215
2.996927255733712,1.0116460067718427
2.4899639229835904,1.075125705113568
3.7728418982552734,1.066437163609908
2.7864320101011524,0.3603603550250159
3.3640884422469606,0.556059232166666
3.5458604110316356,0.8235265274515051
3.5886130277248984,1.0933738915127196
1.230370480513858,-0.8999982459137763
-0.16695221750885958,0.2535035348603135
1.0048108669777465,-0.2950331617453352
1.3524656977780936,-0.7488187468770339
4.136437693867952,2.193372509967513
2.9769656373062294,-1.2440606519902753
2.86954483059997,1.0808654625929925
1.2249003868038968,0.9062580207699336
0.11621550297422356,-0.9103886069999918
1.474702513773918,0.22941261041146077
2.6850036496116987,0.1779075519434431
1.2766422161107682,0.4814292307853502
4.217971729311571,1.550146945731547
0.7625076397041393,0.4807000159066592
3.5608493192580166,1.6029842719064753
0.48273569711876796,-0.5482601533159727
2.959388347171223,0.5111260503560242
2.2296327659133452,1.9454682742249716
2.4061755634519426,0.26537566604200236
1.8654232332380178,0.2428988958822621
3.8794919997802975,1.5749341134049153
2.317046432681168,0.7075262869611737
1.6212858998609911,1.2648437704597497
1.1496422451557498,0.3146127555489973
1.4795131435588926,0.7799670735597799
3.0145686484778267,0.9976033923401472
0.802674944578466,-0.16362419457140043
3.247369625377932,1.6405227172711974
2.890214296046021,0.7626449063635476
2.0516717396719817,0.029995703703503795
3.1466110540290315,0.762726625813229
2.347276087105453,1.6569349557985857
3.397756756284667,1.2552799251217426
4.709019637412737,0.7772403187510433
2.700527116587587,0.6027285011140908
2.114051208601116,1.2283327973589921
5.022721806075195,1.842283313192069
2.6403832248504444,0.052619080252498174
3.3477135428027935,0.43837735590440274
4.670217544972544,0.40603197052508266
0.9234999098364074,-0.39296957696544377
4.194814891189492,0.8619831708111545
2.039678706744957,-0.1824942532557592
3.7361297738064145,0.5520095522644924
2.5785010836325992,1.8044924665576283
5.18637374021864,1.3766620696806557
0.33241072826593987,-0.6332234737615281
2.8665064912880696,1.1465695027300589
3.9108265805326914,0.9938734079931755
2.4598250725555975,0.9881430455676744
1.6964508805821956,0.7918539910878961
1.5939159215592849,1.2542487330822767
2.5151091756061317,0.8964446838313332
1.5535351867638578,0.5420038170034741
1.4371960658550025,1.9972232544642485
5.2491929740248615,0.45528206135438076
2.9958448647823377,0.5958269221615001
2.5762801437985248,-0.2035335131200654
5.284166941600172,0.5001490417545414
2.547256967478526,1.1388360292713084
3.786538278837159,0.6700837405874064
2.3079371749406636,0.8718752280783915
1.8608274234614641,0.636525723932203
1.248287242461599,1.0755300280358289
-0.08161096537038715,-0.47416060268895094
0.9560280932306684,0.8698993443760669
1.5210779471390776,0.4104220075690619
2.2782176603727695,1.3693012027996823
2.484015589834887,1.7442138050191631
1.9351308553427766,1.3718759325455911
0.1790154052025792,0.42674048675870935
2.622631957733451,1.2738862051412605
2.832960828004696,1.9381873212656462
1.5080098978989989,0.9397778417183081
0.6587756477896605,1.101817855807194
3.188814535656746,0.991734214131913
2.791529564386071,0.7983816410460124
2.3254232144439158,0.7697461693064229
3.4604665851582497,1.9033075347166752
2.062032684728666,1.0662208442463408
1.59176358869535,-0.24855421750541362
3.9526450180801325,0.6833341713738769
1.430813157938217,0.6532036703093519
3.437067271407472,-0.2634470381204719
1.9992256345423944,0.5156419903897413
2.1074615764177804,0.1391699990274744
2.0597637342901836,1.6172979445371298
3.65009856378732,1.655492617413073
2.1406835051147,-0.1392179303422315
2.3726305581469687,1.055234998553998
2.3200904517017236,-0.2975843123957216
1.9847395028057602,0.20331436665983277
1.2111127070578271,1.2191269626767824
2.0132678637552903,1.4083174870308834
2.572378896883996,-0.9459894979871954
2.4615387804072877,-0.48604484547493576
1.858463506245414,-0.28973071874202916
1.2364195693472924,0.1288564255697648
2.859201592799661,0.5858610977061756
2.2835467547626265,-0.014781630315560457
2.6294136355413715,0.736229767708529
3.5596097779813727,-0.00926467499393513
0.8533685089375058,0.8681935839815547
1.1961336116181203,0.343525601657375
2.7606852629529532,1.2126764688373717
3.1931220386386494,1.1987221051675983
3.3686207786146407,1.420093631917502
3.97759043536929,0.7323018642682938
3.376617711947782,-1.1121277552613367
1.5038932606108593,0.4755250882877763
1.7129266620044037,0.9242934970169638
3.308388971045932,-0.7596803032806105
0.9372848343657598,-0.032771834827936
4.245212261407799,1.3055216542917458
2.7590624932823244,1.4802669764573912
0.5732727804139175,1.2439711586332665
1.619668768067453,1.2634449753454033
4.358277272985125,1.8769415371218827
3.2269457346382957,1.8917322417454727
0.8120308127084224,1.5189738802369745
1.4083497067141308,1.0925956831205592
3.9515607983771925,1.142375573073287
4.387558922116625,0.5882733817222009
2.088877577584073,0.8434735726860499
2.3910382291434944,0.9685119603045842
3.24109818999851,2.059883557997182
3.296114572582839,1.4470591675845907
4.07349695272665,2.0909473261216753
0.36946267997109583,-0.4129753976359481
2.5960151584717397,0.5038672082109354
1.881915517941732,0.04339279066057933
3.8660751394460338,1.4354943332713779
3.4049391892826386,-0.8278284016440594
2.377054801021497,-0.2608785455166267
0.1395962432065012,0.27218590321516656
3.1725000324874815,-0.2598163911670771
-0.06267794502763913,1.0265726209327541
1.84909688251809,1.8889777145917277
4.040643897677129,1.189756017545427
2.22747538887962,0.2143172169583809
2.3251046070122,-0.6165709770067831
2.8736738405107487,1.5278774300833404
1.5745602117669797,1.551074234958731
3.6162196317862385,1.6137471001695642
2.1484777684334055,1.0450629486227598
1.3232640917932057,0.07831104016111856
2.2735369898447186,1.1019237711783032
3.506895160534153,1.0112255916919703
2.3965728848903165,1.1704926307871832
1.9405747955739683,0.4974062254272688
2.2976734537979033,1.6649604566250131
3.3882475274598893,0.4171510322929308
2.650378029839163,-0.7371861834664064
3.4172911864521356,2.191640405990291
2.11689523779288,1.25280963914857
1.4358041771376788,0.2611583515862679
0.7873062449872659,0.37476448367982224
3.661231156023468,0.9693440364162825
1.7833958029708787,1.4324193078664584
2.255210932464884,0.6439632259189962
0.9996408591490695,0.6208884141295062
2.8625732525644882,2.2698086145747043
1.2381990651662065,-0.19155681692500304
2.0418311415040664,0.41419499809787763
2.794642237664608,1.6736250756453144
2.649500378705778,1.3067658351771443
1.083931222149343,1.26702425446483
2.3983119739474774,0.5900765486355672
2.235492978130383,0.57603528742629
2.162164594424895,0.6906385678100632
2.455901288315383,1.0740733190410803
3.4434128245426976,1.0322612013213337
1.3308483843689878,1.0775638792250066
4.910464251647239,0.7443507126716231
1.8087017011304596,-0.6708139050350154
3.9446307237214224,1.9177605512035591
4.77842387598482,1.6273906820857187
2.433883712758523,2.545507388673323
3.9092884155270653,1.5610025420127365
4.210410467484599,-0.06206147678984997
2.4041648598648977,1.3366117664113706
2.9383256716778763,-1.4313473648971937
3.397374551773712,-0.1932835717231598
0.5422877766769838,0.7670847655877537
2.741538742224182,1.1701351991792261
0.9214442440200694,0.6806403861219127
4.424847184371833,0.4331296554157863
2.9550412350636734,0.9188755156551999
4.423848652208544,0.5963064728211642
3.817821086038389,-0.8428493311625493
-0.15036598496161302,0.8932004670311515
2.542935209675829,-0.03715919577092186
2.3939216235192005,0.28328684923513825
0.6314316717777133,-0.572877868823608
3.7691942439222372,1.1590974167104318
2.4952999120742407,2.18268274971999
2.2642651939144924,1.0358637138596363
4.160173208919774,-0.33248206825779403
3.091441257859426,0.6697696431459009
1.4741829343947628,0.5050236675775437
3.6188293522174066,1.3486260713722154
1.6621884491848586,0.7153297862914652
3.5789209918769203,1.595701914904975
2.403100788373466,0.6701484072227513
1.5950180195676462,1.5011934300532621
1.469759386732853,-0.916455489792189
4.368741789044893,1.3805939789446726
3.0536494173674,-0.3153988182439774
2.0492133273639013,0.9559557360541187
2.3822075320758715,1.3318664962872568
2.1121725656732173,1.1087720156310255
2.684817532722873,0.17159154066366156
3.802529488727837,0.7608574801083801
4.248251766093828,-0.4938219318171275
3.803659610975972,0.8537666426980334
3.9784073512007234,1.387340631515543
2.7812118534456474,1.4993194448022615
1.3203340223224806,0.34454777482310955
3.472336188793757,0.021872064384986345
1.0925294291028929,0.8279158400224511
0.6205838553389427,1.2868728163467595
3.4098197250839037,0.34612310340743013
2.5711933656411303,1.2157152727533622
4.09714367592945,0.9410437151718869
2.7185348868814865,0.9282685574158046
2.6647510614839653,0.5939723830323982
2.5644422702631053,0.7436242244772027
2.4646418916296087,2.5066412756887884
2.64721908491478,1.331953188987283
1.2837237184199217,1.1107719762077886
4.903216900686451,-0.016631726151325354
2.89072634381436,1.4982146955480358
-0.1832665489425951,-0.08999967143383181
1.7536957086730105,-0.48334416275371805
4.358414021394006,1.3321354907782648
2.269540831047007,1.5905715353602359
2.377608043060298,0.11731923286049306
1.9147532526833486,1.512312759881126
1.0409467456656585,-0.3852476956719896
2.620296163951503,-0.04327165876739392
4.06273251422882,1.1208638344173587
1.711026487973485,0.3746790052553536
3.524973706963851,0.6601800484874663
4.607671980532562,0.26257070941465466
1.8484376138231906,0.9371516689224666
4.672217047796501,1.4223328089106282
3.499297372105283,0.7923685540512373
3.65620030211112,0.5031055347909608
2.4158151981436893,0.871154587468441
5.031269781829453,1.6363803441797027
1.7320014238100525,-0.7781690165209557
0.5781914846887255,0.542892839677799
3.406849537520068,1.399417651981449
2.4551536738466444,-0.14733805321659654
3.4359802687410737,1.6430554671025788
3.0317175369520135,0.9641112338017607
1.5038765280900193,1.834391075741173
1.9789612808614123,-0.23682468609664797
2.6435952563756513,-0.2848055258767016
1.4528600709411137,0.6842071787271593
0.3121954109864329,0.3547640275062482
3.1109629228096924,0.7557056241087134
3.3788194383002814,0.8453405490592008
2.658451675930196,1.607795732052268
2.0471004219182602,1.9706002083083292
4.262567485695089,0.9419092529611677
0.7279885088170381,-1.880649484128681
2.4036758968133607,1.0214850950764522
4.487218761096094,0.2705780779170277
2.0047868034866765,0.4456908162541447
3.138983537096691,1.6857799229817152
3.2255824803402935,0.7606937139240264
2.853957595230656,2.0787608892566753
0.815359099057839,0.43601423207306844
2.423407967590628,-0.04108545189026025
2.1249149932618616,0.1283560575834476
1.4598855390588474,0.2260433647525164
2.4984098228379414,1.368191123978423
2.846736766824575,-0.4823843525886291
4.052105700828966,1.354200810069587
3.2112382902343337,0.7549345487236911
1.195334158449156,0.47214607354114957
2.458700573680946,0.5221118272896788
3.4956182805700444,1.6663600672587136
2.705638919860309,1.1891551497409532
1.2025145556401975,0.43806834997579625
1.592964163007902,-0.04125660668175968
3.725123188521928,0.9139075274207638
1.5404562127121904,1.3434041685746179
2.362136357317443,1.212278002642095
2.511022851227237,1.0291605107153137
5.270679558428283,1.1293045591931472
1.8580568056985547,-0.05876568294154472
1.2682071699221549,0.02788446657718302
3.8416741436405255,0.18773714645030581
3.504138130507706,1.4328184243802706
2.514376740663653,-0.2265473393760944
3.9082291207662796,0.46881779628435527
2.4820797660916636,1.6827386680839356
1.9145458861416773,0.8005739159597072
1.9975111510402173,0.5462478441752063
2.516455781838989,1.1707174154749964
1.6036865709483958,1.7998728969184987
2.0636745901149687,1.6234357194203386
1.826926023075528,-0.005011438092385578
3.9480163829823978,1.7014717290028212
2.443689291926501,-0.5070200613854874
0.9450346325477885,0.014345094508691925
3.3369158055082737,1.2628865195767494
4.275326310348458,0.8846353779595972
2.5881786037121657,1.0229568696224578
1.6214743170353216,1.5023680936404347
2.615043951281665,-0.0267101008818178
1.8252510830147592,0.7485772644300446
1.5402419194432193,0.9679595859973684
3.99399976049881,0.7016292051095309
3.753929295565659,1.1076827007367225
2.9348399144944493,1.401518418786218
2.8813185635906375,0.31627214851710483
2.626327609261832,1.2108736131651794
4.073495769945168,-0.08305967896711741
1.1310754969157482,0.13899892331538705
1.209192255203044,0.7666079973738193
1.845272810533396,1.7846175602298313
0.16108451158084147,0.18216047151509085
2.349892434055607,-0.353742449837375
2.267579219457691,0.9565927449632823
3.91672945823523,1.2016133562427278
1.8655625133695748,1.0660288497255994
2.292911490888126,0.2511447269443791
2.4387463528690505,1.4615738086672863
2.0418890293175376,1.502710054989977
1.5866214161480379,0.09319265709538016
3.2695524548568238,1.9808134959938812
2.096291233034649,0.08098769118773652
3.550913327256761,0.13653480355866388
3.2563974347828832,0.703540932963033
2.936294045107939,1.6542876863316955
0.5420215073425232,1.1421334137258023
1.7831144335656823,0.2453039731707813
1.0065109320064605,0.030493753862371742
4.343874695717598,1.215669365779071
3.2434071039326735,0.1715869566942314
2.5716623321060244,0.7252604134900202
1.3546747329001156,0.8232041951177586
2.8937823124626325,0.3683396158900919
1.4095996718447203,0.057008724874907046
1.128340726339142,2.1844319746765057
3.0483515992707084,1.1787435888046986
2.3540205326339945,1.4793033508300275
4.0533566688335645,0.07789221075165642
1.0705296782099403,0.3258384304467364
1.563044493049846,0.11250870757645004
2.069790816555981,0.3780769048019021
3.2871167187970505,1.9056586201209582
2.2958431041283096,1.159895890583893
1.442682889698958,0.6278128248787505
3.2026699815304176,1.4270420004104145
2.2952912010599342,1.8710629740465798
1.572512213237535,-0.9644254581957197
1.7754815982468912,0.7151709465113694
1.9012924014268653,1.4410143267132594
0.9847700175983947,0.39828085074857256
2.342043048440091,0.7963626141622673
3.9613232420339237,1.4208070562252644
2.0657993324548674,0.9694635341432708
2.835550584943606,2.2766381573443564
3.0459311177041664,0.3425823298039906
1.5331832089299955,1.4400437750454418
0.8355131658832116,1.2727685576531869
2.3874168327610024,1.010714330098652
2.13856660778708,0.09048730308105324
1.8501042563567571,-0.44855607529051145
3.901762571916887,0.49159794488026837
0.4570561316954316,-1.4166069443704314
1.775352863115382,-0.140600021158364
3.1644325094727113,1.7048344394343724
2.2696994110271773,1.8561838457768411
3.9480014794219187,0.3017851650855674
1.1375942582639802,0.7829992906541554
2.989345021151985,0.15853234159905227
1.6410280887829,1.3417958271630062
1.7741709830709924,1.2716710361132382
1.7210602117029032,0.9379547760254525
2.8504143262553887,0.9619950127976505
1.806798434584378,1.2432696659250047
2.4380894815234733,-0.05492755050367637
1.0731246143225415,1.6206143650880882
5.267072723229141,2.566955044438437
3.4370431876154863,1.2755381552861773
1.5955252579637622,2.348738093588598
4.613878841492308,0.9528667200666756
1.1917943350620614,2.095159058424177
2.632053743543623,1.6429849463790527
2.1477941844917483,0.7453986826046811
3.730844159493458,-3.356541250170153E-4
0.9547977659183886,0.2879277477031056
2.19787342364484,0.09967762966469562
0.5684244873514142,1.3856895237433378
2.591034843820474,0.07214129726493457
3.3777055516697994,0.72447313284758
2.225217351844335,-0.6726324137191968
0.9627855293160701,1.3747443287260923
3.650856189570911,0.8226623678273117
2.563000866253828,1.367036887830881
0.9416722923400693,0.672261345628395
2.1585721261029063,0.15000752984579968
-0.6801297382961602,0.06095602933391667
3.6928175800766603,0.8975697653717711
1.9137595637586946,1.194453751743997
2.7233543221478955,0.3974974820712266
3.815326978028132,1.4013967428131122
1.850208800175373,-0.8868144498374746
1.6743315902056501,1.1470255906450837
3.9520037755862263,0.9698321755590031
2.589359088411509,0.3744375396685055
2.9476052579145646,-0.3320523942408762
1.539097657676069,1.6152298090505604
1.9405967928513659,0.4254670667819352
1.4331889816317662,0.9074452218000408
5.356064039159683,1.573979350046354
2.114637123169029,0.0469607943878817
4.579175792413115,0.774340059661268
2.450962572986957,0.9689436065056837
2.044058180491388,-0.19578252912109706
2.365008779752165,0.26873936856468644
2.0387836831795596,0.6486879383565456
1.9275083006293365,0.3671398864286048
2.0552238677707,1.3316165180904576
1.2824715629957546,1.5399438782936286
1.1919870637099474,1.0331577235616523
3.646520372821205,0.7531291260191241
4.31147641708897,0.5470080384517637
4.876926734633865,0.2467219373083891
1.4042408053429853,0.6797200867536584
1.3643505467927142,0.4462023191014759
2.9282757126800734,1.0318047349365997
2.763869946474262,0.8973901637259377
4.329291694966478,1.2321844548648533
3.7369808251300114,0.6927358710140272
0.3133301345407058,1.0392489280383976
2.662113450108769,0.8733055894798413
2.42417573267602,2.1694883502718545
2.856807180355296,0.5806637975398498
2.332058318716153,1.250281708871995
1.821421795553892,0.9998355471150351
2.0222572819733986,1.482771836946585
1.5526017964796575,-0.033603818446166
1.5108412971829992,0.903986046447496
4.610505255350123,0.09603565802548986
5.604848523897703,1.07181735990687
2.192529216880575,1.6390695219251787
3.3105624328777266,0.43413614456242977
1.4983319123157748,0.3605805014751472
4.3223759602253145,1.003903271753086
1.9124169615745066,1.2696655794880667
2.9700348778300225,0.3826228625295775
0.6001555791622077,1.1158963041521714
2.1927436371370583,0.5386431874680402
1.776005641482571,0.8215513253787259
1.8153444691099136,0.8024077179680075
2.262201191114737,1.3202288944773177
2.6629693149556153,1.5371278864513256
5.401296009879642,1.8732651018882083
1.653481526136,0.7951937880914287
2.793439950011356,0.6135552066701184
3.0741858540902935,1.0207959126306836
4.315924581478902,1.5066619724464645
1.8620587290365909,-0.3927365926248776
1.9622273299427522,0.28228581390871077
1.1147306990979857,1.1453788281423853
2.938031523906812,1.3147823378025272
2.7761037837114917,1.2386278068816716
2.78865797273228,1.677279784126645
3.2939479989443883,1.1924217287929681
0.8165340684305007,1.455350972812945
2.962276512018877,0.6946141261900142
0.6559441533969019,1.5788657165489897
3.86820206145543,1.262362220120755
2.51030813858659,1.544636061379715
2.596262577384846,1.6551892805470498
2.693717574225375,0.21922787003740707
4.571164299166012,0.9774283828442701
4.67747723116529,0.6944038625919255
3.4060757744398353,-0.5106289448620822
1.57261560924632,0.26295742407893813
2.0255825823752853,0.12025552202923073
4.021278241785812,-0.6810821731524157
3.5286288727165145,0.528607345177202
1.816161360132577,1.418009672592512
2.801947551701527,2.8342224525473343
3.3492859417772993,-0.44019694395558273
2.321049619004812,0.47043903004120347
1.8802790245276308,0.06159342772141929
1.7400806776231033,-0.04230065075874634
2.192931351061084,0.8560333092033348
2.0622341600330896,0.40155013039607657
3.5398747745821337,2.4329884946926095
2.458581227033139,1.220123192703662
3.271934594893182,0.051939182845963106
3.4971417056818326,0.7220397577873889
3.6913850018237166,1.6087857143867947
3.3632117105439123,0.4429988381060302
1.756108853863286,0.3919814308019786
3.4944867193676132,0.10014020705810933
2.300640741107042,1.0181406166013742
3.673746843032503,1.2023832873519782
0.43772503879769253,0.6513905222023334
1.201636534424584,0.7284614856897009
4.81938831654154,1.5147311645735981
3.03059061255071,0.9305260679068786
1.4569741840309354,0.7510319331850739
1.7312308276343935,1.1991318325358276
4.609315147865246,1.5043996082327575
3.793503985726817,1.8013731907981403
1.226642438480184,0.14584508073657354
2.252894950464339,0.17307140051068204
3.377402935999802,0.9168696036096233
2.1912872695277565,-0.8249755954837599
2.900499500132426,0.3823952661733032
0.8834371601347473,1.3550621219733014
4.02321102261771,0.7443854490558476
0.49958009870650066,-0.4977028582402267
2.915195507843754,2.4426354859052077
3.549670048590527,1.3373615672580743
2.5083414121070033,0.857293397102786
1.4916584956342127,0.6303128114666431
2.5326886692225083,1.1039018831811438
2.9815439898240563,0.24096141272441374
2.557900001345334,1.3496251135544586
1.5718073308539018,1.3559483871086253
2.1679955852144377,0.7952211891936497
2.4911697136316815,0.45405044667878536
3.5572692066322036,1.3232076397205148
2.4013816538066752,1.4810301555416343
4.354359938751532,0.16529051935242023
3.897605120414042,0.8700660583607609
2.656539269284977,-0.190968417736593
2.0225441106334037,0.9458519163185382
3.7015391674192784,0.9891292627935976
2.846554461948492,0.4484847773258647
4.58550989757842,1.628376295870764
4.55681401692895,0.9222516386407522
3.2510164566077475,0.9756750847395302
4.591572165297903,1.2799618360839728
2.434119765097299,0.38019552742879364
3.116593412301498,1.8881709626169756
3.500742677249904,0.5346653298964228
2.514035936384733,2.0176666853719785
2.412366944818984,0.780858668571687
1.355949990666578,1.2476817357361945
2.1204945474350447,1.0688799926989276
2.27247314582802,1.632657704669973
2.5581539641015527,0.619486315316506
3.025877168743593,0.922627695552326
3.6213037846747254,0.509475081777439
1.386408817052196,0.44046037391596937
2.4037035642086293,1.101098952123472
2.690983011481499,1.212180462796398
2.170628529989507,0.46730664485532564
3.728359329219133,1.7153695025001263
4.135651282476965,2.642177507705564
2.1495607089307667,0.8286443357280557
0.8131374478450208,-0.15074995381361067
2.622263467214897,0.26513504689915146
2.433765140779787,0.5969660080377613
1.9574631081640295,0.13466208660968682
1.6364440299818463,1.0489660524856155
3.504099568681382,2.015058880943911
3.2419963428771332,0.4639226298879097
2.30159331092837,1.2606157791326786
3.4805335594414637,1.0856834821968737
3.8637840445464136,0.29325730968452557
4.873352296240004,1.595648459919643
1.8028873057489538,1.2146546375359657
2.871282960350766,0.7762924427739869
1.9663409729633274,1.1335611660342886
1.0178224262994293,1.35639652800374
2.378772775148173,0.4163178594195782
4.20364161782771,1.4308629574226992
2.399795072662062,-0.4791154813021078
3.0849843796058134,0.5479694214186721
1.1581169195982903,0.8694928255174632
2.1869983022347395,-0.882173355821026
0.8797747922456196,-0.1805739797030419
2.714621914154457,0.06117539492336965
2.2916398602078476,0.045402919723029234
2.9987771483730805,0.37202696673699254
2.786519760496632,1.4481864413414316
4.06709417345263,1.7764421818239682
2.0794375669112544,1.386049210646644
2.7422907505542167,-0.9359107595636778
2.9360536482446675,-0.6206227525429298
3.059421150675959,0.09436194489589844
0.8336782631262529,-1.599333748110594
2.100520868655943,-0.7156386152374665
3.6900512183213685,0.7500849777941689
3.611897146997933,1.1776905074702362
1.6397345929422331,0.8978593658378154
3.487035832594229,0.8393907274752259
3.18390920063014,1.6297828031433106
3.7774623468024613,0.9565812951547377
0.7051104606693326,-0.12078683948386604
2.3460106501456996,0.19031253806279547
2.7060787127737553,0.5932403311783205
2.3161465082024253,1.6269620008299608
1.156720019723962,0.920445972034835
1.8971520824868424,1.8178241778602993
1.1076415166504985,0.9234043035826581
3.0274368559054605,2.4738468079893927
1.2794198031296866,-0.04384673403874295
2.475388166401515,0.17660057948267027
3.2958430455088163,1.3539168650499716
0.5380191486541808,1.1675532609439205
3.1495438605768804,1.0766092239310485
2.551906713897149,-0.024919872418689315
2.4931289392979314,1.3785663319691541
0.8624644797244412,-0.3473297037068446
1.9073840764908212,1.0532256509889102
2.6358507279938563,1.6629995255492054
1.6281907027364306,0.07715569881541007
1.799015678042063,0.15405520000574435
2.604030503879878,1.5996607397827893
3.4148230544781604,1.490032836976495
4.017325795430503,1.7095532500667059
2.1495431444866915,0.4710254925268902
1.4245828337851658,0.3909577847150437
1.9799238103457664,-0.17874754806270343
2.3388637321401546,0.5411203293730076
1.561583008565044,0.9064658778205026
2.6571237391677194,1.0240219012655805
3.6907593480411665,0.6897117010087815
3.0766429368179793,0.5041431027201395
3.0243116110697654,0.5121470351446447
3.3525944610314533,1.2360380915074554
0.04143328782418276,0.8952526347265173
2.22464750274571,1.0079812438403604
0.2746932137087601,0.11336916870921548
5.27377417205665,1.8969877829965511
3.544914938273335,-0.11763035723174053
2.8353322755697645,0.7667626388247171
1.2552835891487184,0.9161988824038205
2.4983217684680654,0.4857637436663351
4.85858809706605,-0.22688933350337437
4.509247749010028,0.5893448708014599
3.4819173426116223,-0.5927637168632598
3.3200184390001812,-0.7761064179271002
1.613186747940006,1.2100949658720774
2.5798721832690283,1.6886885714017148
4.264349749527932,1.939732509073382
3.569058841549812,0.6974831655349875
3.184586019225071,0.7855456073792383
3.069980893776636,0.6217827076764837
2.559391246882076,1.0057169353539086
1.5786774962896302,-0.033034775024132323
1.2230442486786461,0.00793473244184928
4.359063477262639,1.1427293801229395
2.159690129897431,0.32209214216296495
2.08333789215724,1.2280533632461952
3.3211058233660857,1.6415419943609182
-0.3536736620365102,1.0081844244525162
4.476051076870876,1.783846441260601
0.713568291175845,0.7060570899438257
0.8767201462473786,2.010464483577525
2.6693815126483007,0.3203220963148637
2.5515468193652353,1.2649981340780048
3.2426663715109534,1.2910959517572858
2.6363827180626735,1.5811109544424418
1.0752803152462385,0.60780418403118
1.387812768654513,1.6336446351266782
1.4568704272617412,1.3910160170146404
0.2673736156484243,0.8109593718607109
1.378195705113466,-0.3234423720923465
2.267065708938801,0.6538826586503952
2.655613102709546,0.12392350372734695
0.7072766315788104,1.5314533326784798
2.879600976752074,0.7968204367641185
2.3285486011895045,-0.7332841486229507
3.0363848593070966,0.6984978275898192
2.39437514102574,2.137031698685127
1.279644851232221,1.2720545556487908
3.945627758901645,0.5365490912181143
-0.12556629742284642,-0.02603947531915296
0.9920798325157427,1.2875561054644151
2.172179457445009,0.8891508690590162
2.5304452610292607,0.18143102636897135
3.245568021092416,1.3037598207543866
1.721109251845918,0.37446862568812905
3.6178417480792566,1.5789564527625215
2.549273693868588,0.8387010178101929
3.8693125698928323,0.7739872750698269
3.9294942216263484,0.7585805367683878
3.798520630760259,-0.1064837083311625
2.0814869752610377,0.6995525034273781
1.6000268728751437,0.43665806071619656
3.070964957354835,-0.10758096526213612
2.8875044993928047,-0.11537457638906412
0.8109478092789348,0.7575122401774362
3.2458145193889614,1.2941613429577161
2.199836478108465,0.5906070894176697
3.7217798532395756,0.9293231811272539
2.633217443741974,-0.23688299995820783
2.57577632003775,0.435947160020947
1.9235519842269462,-0.27301077330921886
1.6285679262980786,0.2155410329108659
0.9589069183615031,0.7042282313308348
2.2092420602460994,2.4513800037492657
1.4863244440834578,1.7740673924883854
4.139675149588114,1.1623912726343755
2.0886187298570005,1.580632523218533
3.6217318758963675,0.3564153072211266
2.3395340846777994,0.548713149119653
2.3936885105933174,0.4959188400493941
4.340147982209291,-0.23070260991471558
0.03999811723101132,0.46490732331025364
2.0461192692078836,1.0181869992929615
2.016152492443472,0.2740572690657696
2.601988558565895,0.46795298048115463
0.9203043393034664,-0.12368059514507002
2.489284140637156,-0.5836242654127994
1.8514740517090331,0.9102609444603658
0.4189970316097269,0.8342659094658078
3.2940662264293348,1.2408390793590638
2.2997124347153357,0.620690394831193
4.284492886079761,2.4976124613502653
2.0223937546952224,0.7883564597781854
2.7321144106889412,1.837077698338736
3.093458507074852,0.42391239823596144
0.9583355671431459,0.5535912594797154
3.868704658148234,1.2817594760273832
1.6850917698068701,0.5378759640365162
3.861371502718562,0.9027972966284645
3.8131632790427297,0.21586376155908482
1.77183338677276,1.014986621888994
1.883478085538346,-0.12298766304660202
2.845950948225164,1.3213987814355206
2.6552561005473247,-0.7930182614774484
1.0123259527782067,0.35208292828752774
3.351954780966353,0.8368276946986957
2.371843995144594,1.8461469308455678
2.65175413065224,1.0279216524936317
1.4036728206269462,1.8688945551756322
0.4128669368250626,0.6102593757484387
0.8227509793466707,0.7167988409246759
1.1148655350775774,1.378984277179177
2.937624615771903,-1.1014404263455524
2.1917284399005004,1.2027549608726265
1.5845216944354799,-0.363390346346976
0.6845511830800495,0.49430973581505017
2.501151226821287,0.8349816094066147
1.281066906202463,0.7673849563001779
3.656464758303307,0.29777729479740733
5.115787718524566,0.3678860476145782
2.797633004728554,1.6732556276343082
2.1832584481812,1.4014697402476894
2.092330415354486,0.8485674988484793
3.5807896004135364,0.44373925250935586
4.948949219584348,2.092839787514026
3.3086989332652914,0.933102883109536
1.9114982092579267,-0.1628961089192008
2.570130430478794,1.1338458719558913
1.6495274960812547,0.9684935480190272
2.4421916828617207,1.856086803957085
4.3463092339547105,2.103025452326628
3.5180721587610293,0.49771133918662414
2.502180105357892,-0.0609223945826437
3.806487197733216,0.38135110610295353
2.711716900811757,1.6641842636480648
3.04251722498276,0.38539734476875487
2.6276802425708436,1.9645740088163495
2.9810261143010184,1.6029170021343857
3.348388334988603,1.6716691140401938
1.4551311935772653,1.269897505630354
2.2343621240177742,0.9507489345790666
1.5488391510860722,-0.4049121754642895
1.156958375470598,-1.063667676877853
1.8754699009137543,0.6110799101289174
4.436369733511642,1.0445010345288817
3.1709708556741054,1.1577050233114443
4.875385595238077,0.9517064468503746
2.638228441563242,1.8028977217222746
1.6460449360470415,-0.10413803917211983
4.025432062141067,0.45599252591621053
1.9629471787792365,0.39096091495629426
2.10619016356407,-0.6896611228223184
1.3953509142309175,0.16206523523327726
3.0428617812363794,0.9975979320461927
2.9859845605001283,2.2311516578586708
2.514114299077812,2.496280086426549
2.064847795282896,1.7434465723501988
2.30642625806036,0.7744993488799848
1.7092311673372451,0.812759734271974
3.9109299049978743,0.3921510914509482
2.3501734366676192,-0.4090505811330647
3.1981310576699835,1.8428100575238227
2.3040016632351192,0.9320101374461945
3.2527539142357926,0.9231596761060064
1.4771145838200244,0.21380015898108917
2.4881863719911412,0.8639778716214023
2.661328873287011,0.5849862152698033
1.5823685205977889,0.18601007069339742
3.363905632994156,0.6018058327194427
4.089471931764119,2.1501419560483717
2.5071966546158277,0.7886619875071171
0.9670463716612296,0.7853619543935509
2.112249270051508,0.5010521466987004
2.299743762773693,1.4193510501142814
1.1692079854838757,1.2469302702738265
4.13347395776665,1.181221570847651
3.1812000324252097,1.701482351651587
1.776111393207667,-0.5536082695629596
4.143403418669178,0.544257998607796
1.9018373398731958,0.9632557014826042
1.8405435704680269,0.5938254986012169
2.1025887754664407,1.4292429722883317
3.0900093441288408,1.7822820562462796
2.313638234158576,1.115927163866268
0.9738280691673455,-1.1851557220652165
1.1463413643228513,0.4572616524418078
2.0712588573521544,0.40946372874200904
4.026759441593935,1.2268664461710859
3.256949129923824,0.8500542952232228
3.392524771745628,1.1803631058371837
1.5704126871116522,-0.3414175610170437
-0.1473603743031191,-0.631935353118452
1.7581507465626034,0.4970629199613925
2.610034351419962,0.8789903629414378
2.4500052568425588,-0.1776352467073553
2.891032477164288,0.8446810715992273
1.1685328820435839,0.9897799561807441
2.4262558852009346,-0.13323979759075522
2.9419104354858296,0.3491443580607788
0.8205636200415849,0.48526034783761235
4.089441396336168,0.4718800926770048
4.3646611316701645,1.0156990017171532
4.060960508226701,0.5949495086482406
3.7835093890548936,0.32911227172286783
2.7123486932642056,0.6887824312794321
2.6745375138820986,1.0560562369110145
4.095431371664556,1.8313019736686136
1.439673415890373,-0.40600687293475823
4.352721087860984,1.4096551552274632
5.608879600575364,1.4604624608080474
1.6733579025222012,1.5713039705563592
2.8895915519272277,1.212486422087102
2.8530548693554914,1.389176863681521
1.0179565772508978,0.8875851598481889
3.6076318056574666,1.7379025699632369
2.0226511709732247,0.19583599141044006
1.7611434810157136,-0.6026954996243084
1.7705248411009755,0.7215806148891374
2.299053636271618,1.7910885627739166
0.5814229233560779,1.4707183663096333
3.479337226965639,1.6138873320961125
4.105309377616166,0.875617352759523
2.9449710059680787,-0.0629813601459297
2.0418873925529084,-0.7746596534838932
3.7931002236913876,0.1220330060043694
2.13708417311903,-0.2363332822046098
4.966201544550656,0.9777885577369486
4.05506806656026,1.6648333978841554
1.896420082997066,0.5439620123491025
4.057007579455377,0.4164512300387577
2.175398845707043,0.20724649791673688
4.496459726054933,1.2883396503350237
1.4644574104414403,0.6843757835373632
2.3823237023133497,0.4425647142859869
1.8182136068432222,0.1886156888722944
4.375969250988486,1.3541075869310193
3.4576642700697744,0.14517478658755967
-0.07884325680860016,0.46782129946972356
5.574346042648443,1.2500941979002351
3.4266809206805604,0.4413148414091436
1.6944643066118137,1.0844982507800993
3.4638719420448902,0.7474534455490357
2.5672944665203965,0.1526738733728269
2.800511262342289,0.35512729647535296
2.090115369045491,0.3210315936058502
2.4993808122325274,0.6757999852908063
2.7581500234391774,-0.08166280628100464
3.383067965385391,0.722044652295613
2.82056741401341,1.4887072322729504
1.7939527815596563,-0.8532840260368081
2.3083868718818517,1.005325692958161
3.917115999220548,0.9986651726301807
0.7093441608599755,1.2083647287813544
3.2246386125743607,1.4096185106362904
-0.308875480966579,0.004136805785692477
1.6662353769655893,-0.13021566123417416
2.6394937144873207,1.585178349302354
1.6098053581448692,1.289255044601462
4.108343035373378,1.5798019251386712
2.1134599263804037,0.4593962845346978
4.687776721116688,1.0895909968090451
2.8159598682879037,-0.0777846871088419
2.5544260505149876,0.5676995347830025
2.6446665644156413,0.5721777210683794
1.1426255441582476,-0.4003413986659571
4.312772462040623,2.0705675877980827
3.2649354087921387,0.27312844437770667
1.7804730824447808,0.9007306076191466
3.2232369898214843,1.447527720212734
1.6850907047745403,0.3680173963451543
1.7770468153982377,-0.2305836525347874
-0.1315905347262354,0.7794253801109328
3.776019586690164,0.4280100801849889
1.3074745732896835,1.2999731310330307
4.681073132364621,1.7742638910897315
0.4619477927960003,0.7291932636776044
0.538508967802867,1.301528579859067
3.5853309423051902,0.8844428000960284
2.219596154361178,0.4966143199437645
0.66936917402641,0.2737473557894774
2.661928259618899,0.8190787763557923
3.6394800027411756,0.7566386794481582
1.5021798645130358,-0.16073236538574076
2.5950063375758434,0.8958450972835181
2.5025396302266447,0.4847391298183568
1.417486622224966,-0.10794235814870246
0.5305626656822435,1.6798378485487575
3.1565305316318026,1.008406384609224
0.9958659912958949,0.6789232933820336
3.369828249044093,0.2148987209741824
2.320579872362366,1.8714100394696833
2.270020770558316,0.40120494444318006
3.1587129330518264,0.9910399151080135
1.5053651846029104,0.03956669624004816
1.9224535541545176,1.5153798467671957
4.04014515929417,0.43012020779966764
0.9916274136677754,1.0278360283984194
2.8827506533487557,0.37820023448630447
2.720728614530003,-0.43949652409692264
2.3435776798882864,1.5841731391442488
1.598509525128809,1.333806170534996
3.105211488270787,0.7706064825007909
5.0905815816388085,1.300177823366904
2.741330448189128,-0.11811767532661221
1.253874786548212,2.294754184274153
3.415968418239521,0.3510272141010703
3.9657367125143956,0.7498203609854464
2.5955714195313093,0.4875361251733332
3.27705995832271,1.6006539890248663
2.162661294183612,0.0012981579568643875
4.31880417510359,1.1181736863889453
4.0285419501045965,0.36916478371099437
3.432145483645593,2.605896908551432
2.19525125448613,0.8180066285328425
2.2628080047852412,0.8560312759122305
1.8218875044103773,-0.498870028475801
3.6304857408923787,1.6745670230378489
1.2875899587203155,1.3360801384741783
3.29956658540279,1.8097286661679632
1.900247171222949,1.3587727789194535
3.669196771088675,0.7614448185611782
3.7378254899643366,1.6016897224423794
2.8804950979796007,0.7130047936919576
2.71672906197905,-0.28666057812201795
3.9003078194323884,0.006735715425091771
3.3958626624315995,1.6432827607552718
4.051746215121065,0.17008212520596488
1.285377441233095,1.4108572453302988
3.1732072967644895,1.331473853946425
4.008939091565297,0.4239746870068001
2.3551558779924475,0.5431538830543204
1.3650553864923058,0.5231875458488983
2.507824146061121,1.4242880543441496
1.6251455948562326,-0.06119755488130585
2.0446762812216606,1.5370083523683902
2.8967273474920945,0.8284211871199648
3.4457505351037883,0.4010996113903006
2.6193096444021435,1.1096412004351612
3.206921818402021,0.1172489698634892
2.199305336688627,1.0233291635182376
2.677576253117542,1.1095987202655124
3.190426344050729,1.3022998830199417
4.9493883432926715,1.6293532524734524
2.2677277179709385,0.45443958981776417
3.0260341850232355,1.4392034871308885
5.645458830305591,0.5930175670522198
0.769711079169475,-0.4128452118582786
4.0767207448614515,0.7807853145640518
2.5996948940122446,2.118715494787965
3.2148055803786946,0.902085139877205
3.4817524465862175,0.3831643922562996
0.888993596585985,-0.10004757674845488
0.953972500622948,2.37156858861153
3.8709278579750754,1.0736656870230927
2.2713965388397543,1.0394378693745874
0.013609045217681803,2.485507115312376
4.499334895968362,1.4235808644347618
1.733854960646687,0.9192512089560617
2.5388189324259662,0.4630330163506821
1.8206218515923842,0.43328179864192073
3.268652608691065,0.3424618839140885
3.733607664685299,1.3540988058051164
1.7351012222347348,0.7433178634042635
1.1737237775374791,0.41847154080721294
2.9478053371441395,1.4381977275147797
3.526833191848146,1.4402923779943904
2.139276947844609,0.12176435861933577
2.9863100590807408,0.5233175669782186
2.9837207349047086,0.5736061151295095
2.4426587800267465,1.4221080263889778
2.6950354240321186,1.0220415881291018
1.175605109588591,-0.5502629364889287
2.4133075948368834,-0.18903579881557397
3.6514813301090383,0.7754632729855385
3.4895215319645287,1.4023562796405469
1.998775099994089,0.23416818901991782
2.228607787935193,1.7426980474946885
3.0978790809083314,0.8920594592514542
1.6635883736269075,1.2540176948069683
2.685047369243177,0.29708702770793916
1.2636450105719748,-0.4506417579540074
2.9144090895468424,1.9208307677246415
1.3552555518359812,1.162664930986217
1.855502306986462,1.1224147166354235
1.257430340352446,0.42290469953580667
2.2606791861166857,1.31645241171868
3.6656997933189963,0.563883497247415
1.757467528360341,0.7018268081060437
3.2799108928980405,1.061966585539691
2.012587954000515,1.8646921977918915
0.5280510732670767,0.4280626291223433
1.790170234011611,0.8558596100482024
4.051301632683089,1.0978238766606796
2.1238876516065694,1.536310165873546
2.7614829550159543,2.3283777712457203
2.44917793174787,1.4708322370881626
4.039592976471903,2.284419091822003
1.5263133629450687,2.9300719547778646
2.85941804647856,0.32761223946900864
2.355770848957388,0.057420380324060716
4.5582854184868875,1.0922843614799782
3.4301323789848293,1.5470585110205155
2.6811445524710846,1.1401265525560853
-0.6336948409890644,1.151626796722168
1.8297718969848344,0.3361247296199219
2.2062448639888332,0.002513760441244628
0.12377234791264558,0.7568660050090836
2.0440131729771958,0.5316030965946831
1.7041169035168882,0.6264711179899407
2.982107059738745,0.9198587913516907
1.432377145765646,0.6796716067440703
3.9468109729631387,0.28908436814819205
3.4208948929413663,0.9930993553366176
3.8805785949008786,1.379535580487734
2.2751191722908874,0.44291987642814845
2.134362494496711,0.3779305523590608
1.915589392959291,1.876722927496081
2.9370279611477867,1.4002289262768635
1.7612303015466444,0.24354370195263508
2.2688313254501797,1.346359637124079
2.428718014566599,0.5407311449140375
-0.008951154215529833,0.16392401062977738
2.4889648200926997,1.2358878041288013
1.2329313143156033,0.6338844132613102
2.5702125701248013,1.64085497714522
2.2327584352332965,0.4400730127687983
3.3434475940251263,1.5397604133783425
2.642122036633289,0.29191435141517796
3.7867652752154273,1.1064217436387478
3.2722153605952515,-0.10138383235405268
2.875525123949546,0.8589616378924361
1.722202787603524,0.7091086107907504
3.0812819217402776,0.5492184965609945
4.103073595917169,-0.19759059266951362
1.5089579411646412,1.3917689521623207
1.6119259583567367,-0.4916543229767647
1.7754821342035823,1.29811858659242
3.495034544658983,1.8515477835761125
1.1173400501112507,0.7711904398512331
3.043891062502931,0.5521445146942844
1.0097144903727853,0.6167905809644383
2.770853671933407,0.9283497797453943
3.4276777551933875,0.9437954706714738
3.0820138841659426,0.027601134346269984
4.324403845777107,1.2495737111420868
2.3269386426451946,0.5006331552946639
2.9820575052077514,0.8548772599121657
1.7890336888195821,1.3830268243967638
3.3283736130104673,0.7195429484983281
2.812131795242747,1.3014416416117456
1.9097686786560857,2.1746097430975904
1.4227021942498987,1.1067463322547741
2.812356484298453,1.609390326701172
1.8116746063218965,1.742301397332164
3.527890963183572,0.4149179360927938
4.067081939827373,1.2149075700397547
2.64625397217546,0.19573299606723116
2.4642228408762685,-0.22647011385836258
3.601144255417954,2.168434798351049
2.2355203683628853,0.42893054532689084
2.0189394863769343,0.9129475058708199
1.4536832908045838,0.9164937123642067
2.9109263455812977,1.0185848547132188
2.5814191739590955,0.7453794222241422
2.49643613119555,0.8003954817121528
0.6363220246225014,-0.16960705788233577
1.6816088724248703,0.5990438427684012
1.7175774070455376,0.9997783402045666
3.0671511779399774,0.4734324861792749
0.38794816336148585,0.3482192606720315
2.2357439094655067,-1.4861835493957567
3.728064476238493,1.9444885912687393
1.5467745009453107,0.9898325207954866
3.322240325061835,1.5206906442496362
1.6479048573870647,0.5672313547991527
2.893547510929517,0.9394523565876389
1.0557633756155318,1.05868232114251
2.0271950437122737,1.64093420459203
2.5994745500666263,1.6850026481993727
1.8758964459709049,1.8569183390358681
2.8331739187960387,0.280552963759073
0.46380564464475116,-0.06645261505510502
2.570943583025166,0.4095797579459823
2.156730974157147,0.9881210603224369
2.5228355749909466,0.4812411683330699
2.625139260937973,1.428222127749422
2.886846876875789,0.6933830857546879
3.3534438112000577,1.247299378633638
3.391053979994576,1.2737217136371335
0.911290230677839,0.3897243954758623
2.2815900435366245,1.1485999184418745
2.74150769739505,0.8691284336172431
3.0670020256184176,0.3327668593255084
1.5312565110837115,2.0950416914683725
2.94909324650003,1.537185800091245
4.0295856293530266,1.4858811051401077
1.7631136724043337,-0.04267019968661856
4.813622611861819,0.969348188497587
2.944557274939714,0.8570591359248246
3.697469500317486,0.42368321521044283
4.187879545892777,0.6369330705776882
3.002236187486705,0.2547900746954612
2.6116581634072213,1.6443620067209963
3.4801294306361306,0.47930151329568293
1.956787795190196,1.1390057037588863
3.7336702592976447,2.001779904457999
3.3915711350943756,0.7166263514064489
0.8570241622820589,2.218384120355484
-0.0750346644599067,-0.32565203001769616
1.4091044330540372,-1.4313573826459036
1.4840743526011324,0.504226686757071
2.940455618828587,2.4526207340620427
3.957079304155375,0.648438986185641
1.1902849012797967,0.5990452552694763
3.5386011676574403,1.4224380798447962
0.9498550737322027,1.0923809937666364
1.529522622361136,0.5198277879551773
3.5601996819366013,0.42014108026971975
2.4415675291271537,1.4973758784741222
2.973734355747308,0.782333253658455
2.9198084112789418,0.8290512560003951
3.5370236147499936,0.6158744579370199
1.7441970825024518,-0.052252567629040514
2.413536732000004,0.9319498954835638
3.3922870166084564,1.6292131352035581
2.670725879306827,0.11976200958012162
3.644416003739466,0.9466256152841407
2.8311565586517373,-0.09291442808490824
2.6378103755016857,-0.5223145940165838
3.5294046503192824,0.7288047576579055
4.128065447585152,1.8702661623916201
1.9573131807167803,0.4674414765957362
0.7012388421491051,0.8121162115395445
1.4611709215068784,0.9363362148638482
2.0641373966454264,1.069186524766721
1.1781373738400764,0.04754835901448795
2.7791104173961445,-0.01440005915969167
1.280626399785255,0.8307024344805912
3.758975560181442,1.7983409644385229
2.191888110405178,1.2722333788860611
0.6945388388032518,1.4353498913577973
4.335093948515544,1.0074832727508207
2.407056579800102,0.8674853665124119
1.2298431844877595,1.185020952834868
3.8367385911072898,0.9328727410985928
3.5085389161148006,1.043753556334967
3.7278657978519742,1.5006373738295014
2.4602830316950275,1.584061835333642
4.582543212825457,1.0877388429872508
2.0771759516760433,0.16855959344029126
1.5738796201830303,0.5910449831812078
1.647305388087228,0.356114936561199
1.9949646033059762,-0.06389616030767797
1.444859220760946,1.9947480231018886
2.9640958832055224,-0.14087014746231452
4.509319801773982,-0.017231290424219114
4.6361769653855065,-0.300539934507571
1.6213365736584864,1.5303403061311944
3.056588818277916,1.5503129581531518
4.948028656034074,0.7090829019667817
2.4710820734341667,0.5650146169973863
2.2038460262478905,1.4513551059302146
2.3160744013567593,-0.3895549990221392
3.265681323697148,1.258525168301943
2.067342713327687,0.8677570876168835
1.7317833016236024,0.713675256913742
0.7302473017440814,0.14138640887494136
3.54324617943809,1.8133731980996814
3.7551994944321483,0.8943292645934711
4.295685395153248,1.8051265800480172
2.3788072137128813,-0.2836589692563648
1.7295433083096152,1.0949801406097834
2.5083526099752467,2.0191357345614995
0.5654771125807498,1.4971171304239657
2.2171374300950775,0.8008348954210753
3.3540953344409496,0.8754137169987337
3.911162472958606,0.9244850662441223
5.114602176714649,0.027883500432948738
0.906899481634682,1.0141689614594123
3.1036437058044424,0.9782635113858092
3.8321896971600933,-0.09191827128496355
0.36221134095036156,0.5811017167778254
1.8502241367979133,0.7121873268723443
2.8927361435699677,2.13053543680467
1.322854846832247,1.1699701710955843
1.6145864199044744,0.4579411921333638
2.882568585188128,1.521329506386453
2.89767182143312,0.22001489292782417
1.344413148915932,0.8116331278112421
2.0734869147573174,1.4320559507131034
0.4561655530760951,1.3703961186560953
1.2986158961471808,-0.051320652600829186
2.4725806845046496,0.24788987907944737
2.9071249778429618,-0.02945620357045331
3.306805205412659,0.5513451833258252
1.3041170729133051,-0.018850227722299717
1.7729867692349743,1.4227990884282686
0.661219752786596,0.29035748713561316
3.192493794843574,0.9670812837316263
3.235229294033187,0.2855664098288586
3.141174162157479,0.7050042863845848
2.092045429405956,2.8738516696113665
3.1390670057886103,2.0761380164909156
1.7937831420314052,0.6091173895854238
0.5875978849368109,0.7898620144288684
3.551122510922446,0.41953029005238485
-0.6448818722035705,1.3965913618460404
-0.6545092154138379,0.776243758285219
2.2946561933460052,0.37477099227740146
4.10677077041935,1.58958062398468
0.6083003569362073,0.4844558305352302
0.633958921382251,0.6460882206919066
2.0144794237625727,-0.5746514120352401
2.0606926420365985,1.0477445483175445
1.4784552848832788,0.4983386010003161
3.3714743069471895,1.1872049762571162
3.770045110665159,1.3306725235253385
2.1043931503535265,2.0739620636282057
3.4749197983823623,0.4894815557557737
1.0485182260142314,1.364957409689033
3.0566610984339144,-0.7361338510443024
2.665763091759847,-0.40647971263847293
3.683589181466964,1.1574618609316358
4.4288637589445115,1.0736627522514257
1.5013781972403963,1.063761468970586
2.348287529692145,0.39435499142458413
0.32825851031469755,0.12904314044756093
0.8934191862730432,0.1546620756923518
2.2697166189379474,1.2103320750980266
1.8450142215329504,0.09904388521364449
2.8341597539785703,0.25543710770101036
1.4234586810340832,0.5911292756192482
2.4599503781742107,0.2696264712293848
2.2147589602812907,-0.08243818860249252
1.3748785889159865,-0.020750311697076418
2.1990365798274647,-0.06723074240871485
2.25193848867416,0.16394203906260152
2.3561856596797366,0.15348115419027064
3.806537703103857,1.066903755453357
3.8396597568454807,0.47259219627958926
1.7644838000551455,0.9840001064546051
1.529326958840704,0.9603243850212626
1.943412609112842,2.337417907878393
3.625916632417673,-0.4339104332102688
2.0982413759423486,0.7003267399996029
3.266709101457007,1.88224967423056
1.029260641067009,0.9030808560435688
0.7831062759676883,-0.7119169648030204
1.2205345962848013,1.7771982185645092
3.0415725825054887,0.1897063333279858
2.598918861981186,1.0920469509680724
2.1972823992489636,1.348033335796628
1.3008447672161383,0.2771513358254114
-0.010333818222141744,0.37048971041797263
3.5715869035372876,0.8647983009171417
2.9889881614258673,-0.03248857541361705
2.01433934449164,1.6083292369593645
2.174113771940702,-0.7808916206294005
2.6784013561040427,1.4131818884718443
2.29153086149252,0.2581781454368773
1.335466722977167,-1.000910152434551
2.814393343102039,0.13001260726179953
2.2141906165243777,-0.2513056483629712
0.37760384724671603,0.8335661603190054
0.9965332548453343,-0.48813588407323705
1.9567096037896452,0.16182839507536073
1.6633177962769268,-0.20987948954081959
2.4290397920673237,1.0245662525495236
1.1141458402011872,0.9563141481404354
2.92843948303191,1.5992563283491998
4.014025999911378,1.2506682248504055
2.759314903896069,0.6574294642441564
2.6892631988884954,0.46098431325741324
3.746667628321422,2.236536624035044
1.3308569373789898,1.785894876270477
1.9710296558771334,0.27788491427011214
2.00282850652866,0.604356850555474
2.9054040339724136,0.5016943722792159
1.6475476332707635,-0.3631781327335043
2.5257603382403486,-0.06806842593179574
2.199985681460043,2.5371366511508837
2.111233635278947,2.3283711341007143
2.234540327283673,-0.03956559706252405
5.083199694448285,1.0653645585466878
3.7514343313786256,0.3830266088376889
1.5354367815329453,1.1802299218634587
5.667905415018311,1.4075927348450092
1.8359318564332465,-0.11996307109923554
2.457589569111603,-0.29727025733265766
2.681946186453217,1.0080631938001834
1.3221912465919876,2.1818966092040295
0.4408056671265719,2.0188225922025467
2.8687257052124244,0.7079490236280412
1.7026572807087206,-0.20642797234104193
3.4159483170195286,1.8359415854731755
3.8427747302449493,2.748262919451082
2.6163064530751328,0.7620488220175894
1.374631944266614,0.1532309796068222
2.78852502909851,-0.0897169474364874
4.7029618090686105,1.3839607847107906
1.6795262870713892,0.05875406712526676
2.0023947743905857,-0.03676265722570893
2.881000280792583,0.9866706972416681
1.125986438486745,0.6256452518470841
3.5844579213691947,1.4383895721137
2.7511418992083554,0.7117466579150707
1.3921079907205094,0.6092193246468857
3.5006185431120533,1.1533651768969542
1.7863098972533904,1.5727804787633772
2.142601583652515,1.4248653272247858
1.9530606573874163,0.9901991824462761
3.0068043062725955,1.7370565141659227
1.995146387063481,0.5511026873062332
2.2743896610474,0.8867082635445789
3.3549273648168856,0.4922070408807993
3.8082680853663393,0.17529570814998274
4.790077706652069,1.532053043990489
2.255696734406519,1.0318335400110374
1.2877462500801764,0.7004457737174785
3.2192962295136986,-0.4613421931862558
3.8317115822835506,0.9616032412387227
2.053811336839302,0.8256994316721407
2.8447626920341063,0.695641855864033
3.5462900188596613,1.5297881166344682
3.218652448725524,1.397667840959973
4.7033849527735825,0.7719334855333657
2.5078700931686475,1.2829603448623952
2.1661377804101134,1.1973592073433594
3.552696035672606,1.1811954994452263
1.2605282875863626,1.0952887133770641
2.6335244202429497,0.6427249391038762
3.952760569002117,1.4507071810877936
2.373926205596687,1.957267524167449
1.685694742800531,0.8993365285262324
1.8312643074378971,0.5807803682077609
2.2440574320564415,1.5164073948918078
2.651927455745641,0.05346361436497349
2.1301428026391234,1.386198864625383
1.7846870558936399,1.6849443808272033
2.6454077909877776,0.1660572033662303
2.1064146189420203,0.6670060590713024
0.8651837614025204,0.4979498960555088
0.9810692053017742,-0.6393877923882675
4.146907131404395,1.4093768640124047
2.792344606536458,2.020713929904491
0.772882764212401,1.3522331820048634
2.1178750057750855,0.7533026571361927
0.29218002424477607,-0.3211944978737352
1.560495495599283,-0.030061391388930048
3.027410816340827,-0.08829430814993122
4.529843518376548,0.019227413530306103
0.8672209522913308,0.33551895148624217
1.8134761812769804,0.8759814507628693
4.616904564633098,0.6525257717111904
1.723249421789065,0.6286023471963426
3.378849590148059,0.5437565685667719
2.0097850584563073,1.7455795602990443
1.4939424084055903,1.9537864946424317
2.0743641351357183,1.9146425760931682
2.6848546099970942,0.7197486272332023
2.0209689113778357,1.0217461818136224
3.737341370147191,0.41044651290616174
2.580445605415931,0.5434423434957066
2.122165871554076,0.006625535458758991
5.047242886245976,0.9086343291612989
3.202985542622127,-0.3180466360342151
3.8636003336555182,0.3202561739994424
3.4069542691684838,2.096360756306189
1.197473697990407,-0.08727478011524192
2.4140600831015098,-0.26309707483626754
5.1161881393915944,0.47853828982971536
2.063311106634361,2.1673591582997105
3.7386834406379283,2.7734882971899024
2.214089658786745,0.23223326605734945
2.82364332089453,0.528556781946676
2.713456968904287,0.11223581691810525
2.9379143144066235,1.1303027470268894
3.9581312884938473,0.10666387511790165
3.155992619711358,0.24755887025433765
2.6122514052151415,0.8203385501848752
1.3080160932797056,0.1070670221970268
2.905043302101052,0.7874460717727451
3.6815174140044458,-0.17447831858671659
0.41838606620179597,0.7723350496310913
2.583143457771436,0.9334129215796005
2.944959504759869,0.6001590929421674
0.7396898990757244,0.07800291967022377
2.1845137098283813,1.16861050694379
2.5563481004908435,-0.6655059745740866
2.730961626747064,1.334300915762444
3.023612713898543,1.837540258725725
3.186362415594576,0.7555388336632832
2.8960330196471493,0.9384690425281935
2.50833868631592,0.459255969808458
2.3487352702685977,0.17211092562028518
4.385526792226113,1.3723180920774274
3.950120378267572,2.23632231041497
2.859788133274063,-0.11068223888762296
2.296283959210725,1.0036232880940816
3.6335492884302294,0.42247971007508467
4.041985554716766,0.20267061569905664
2.22150667439372,1.846091549678943
1.9251725031440379,1.4410287573977976
1.5844440195732368,0.6704642385696191
2.421277837766241,1.5959571614141956
3.098762783617184,0.0428425236406107
1.566624193007783,1.0390012555966435
2.420691422830241,1.003271698335085
1.5898800927723098,0.12948917432766527
4.244116225521778,0.7833896007323384
0.40683054662165086,-0.42286225412078265
3.9531844108044956,2.2002919639370138
3.7404072898387044,1.2520587449606162
0.741791220865474,1.7222343660382045
2.763514015175367,0.49093139995408064
0.7413130161090395,0.4263848394157644
1.3716749086823388,0.9105286902207821
1.947969298784544,-0.026077223979946607
2.8215617438313245,0.49324988381799767
2.6853095480174924,-0.017666223928392122
3.007515113151369,0.799500718360093
2.187287452245492,0.4970853606747495
3.1587860932496823,0.9499010402223682
0.7682908658805314,0.36304281827255314
1.8039031950018294,-0.21230910164773809
1.7805930005426407,1.2963008040563972
0.6011525371497524,0.6762514322759297
1.5568361182915544,1.1036437062925317
2.2290257591218983,0.5680829321387074
2.993307876661449,2.518860337352012
3.3658395343337624,-0.07366061808074253
0.406473606444266,0.29353718586098
3.2240419756819305,0.4539994140023963
3.0978184076118427,1.4026001597145843
2.0771635702397457,0.7914305790477946
1.2528193715012688,0.7966640408414165
2.1885758779093982,0.2733527561165595
4.54773448132055,2.109325747166173
1.5160004568219838,0.24723897046651766
2.4683409817350923,1.4656717071031011
0.9395811896644475,0.1922219367025073
2.2814017775168347,0.9155476944006703
2.6482531266959333,0.2532683101937382
1.3058991286998192,1.946154503202704
3.2729347619629987,1.2810364441914355
4.09489479306396,0.07196907541499309
2.681054824164713,0.5563242371222975
2.511422850969995,0.9135810428736186
1.2654717004165268,-0.47661766154257146
2.3338969827062956,0.21440185775224552
2.6579080181994623,0.8386805642040343
2.5639025488963627,0.6489841664478796
2.3447659403508885,-0.031688458783595275
2.607378152510076,1.7101093201180382
3.5693050254017296,0.8231929754793966
2.5343496336243887,2.065106334720288
3.775514915755696,0.22303955365224082
0.7634245413416727,0.4988064722682317
2.7148766144115166,0.09373103510328318
2.5357730213595957,0.24639662135464302
1.9509568699261637,-0.04981565417754108
1.9153477205995009,0.6259510223771838
0.3120501250424943,0.4107051563706969
1.2332991702890213,0.06167261747717789
2.536543902620799,-1.1182007163909278
3.5632304073208063,0.8380752186153736
3.8450500194810444,0.4400685489881476
2.3534091619615483,0.45704698724085496
2.2740732488627002,-0.3410342993088662
2.3403289751953573,1.099234730768361
1.9870454411031522,1.4930076151133407
0.4206335064765656,-0.24880437168422287
3.4053224122014156,1.575251373074609
2.9686139908648213,1.0386396367955446
3.5545929299930346,0.7211500759549139
0.4894801929579198,0.4370975366201324
1.9888288347915317,2.2138257202627507
1.6614358252569161,-1.339920170976129
0.8149050067238877,0.42467770819026696
3.8539076632383575,0.30637367504936264
1.294101315774077,0.6525746568262706
3.1184139951090026,0.6382718442170161
2.9971063447840596,0.9792853301467506
0.9854921574667534,0.12126454360276023
2.708365373009356,0.10569518121046828
2.478713321419057,0.9279641144988718
0.45211384936708887,-0.6675436433118942
2.2367801244508785,1.1130030137012605
0.9457647952805894,-0.3926986814821509
1.9647929022226358,0.3665844400475404
1.3959550366306812,-0.7531264520294216
2.3985102882646765,0.4844967653858996
2.8351426243030597,0.5674178297039065
2.131954576714793,0.9764726653410778
4.952846182147304,1.6575520305143048
2.214763962601308,0.8177318792275229
