15,3,0.0,1.0,1.0,1.0,1.0
15,4,1.0,1.0,1.0,0.0,0.0
15,5,0.0,0.0,0.0,1.0,0.0
15,6,1.0,0.0,0.0,1.0,1.0
15,7,1.0,1.0,1.0,0.0,1.0
15,8,0.0,0.0,0.0,1.0,0.0
15,9,0.0,0.0,0.0,0.0,0.0
15,10,1.0,0.0,1.0,1.0,1.0
15,11,1.0,1.0,1.0,1.0,0.0
15,12,0.0,0.0,1.0,1.0,0.0
15,13,0.0,0.0,1.0,1.0,1.0
15,14,0.0,0.0,0.0,0.0,0.0
15,15,0.0,0.0,1.0,1.0,1.0
15,16,1.0,0.0,1.0,1.0,0.0
15,17,0.0,0.0,0.0,0.0,0.0
15,18,0.0,0.0,0.0,1.0,0.0
15,19,1.0,0.0,1.0,0.0,0.0
15,20,1.0,0.0,1.0,1.0,1.0
15,21,0.0,0.0,1.0,1.0,1.0
15,22,1.0,1.0,0.0,1.0,1.0
15,23,0.0,0.0,0.0,1.0,1.0
15,24,1.0,1.0,1.0,1.0,0.0
15,25,0.0,0.0,1.0,1.0,1.0
15,26,0.0,0.0,0.0,0.0,0.0
15,27,0.0,1.0,1.0,1.0,0.0
15,28,0.0,1.0,0.0,0.0,0.0
15,29,1.0,1.0,1.0,0.0,0.0
15,30,1.0,0.0,0.0,1.0,0.0
15,31,1.0,1.0,0.0,0.0,1.0
15,32,1.0,1.0,1.0,1.0,0.0
15,33,1.0,0.0,0.0,1.0,1.0
15,34,0.0,0.0,1.0,1.0,0.0
15,35,0.0,0.0,1.0,0.0,0.0
15,36,0.0,0.0,1.0,0.0,0.0
15,37,1.0,1.0,0.0,0.0,0.0
15,38,0.0,1.0,1.0,1.0,1.0
15,39,0.0,0.0,0.0,0.0,0.0
15,40,0.0,0.0,0.0,0.0,0.0
15,41,0.0,0.0,0.0,1.0,0.0
15,42,1.0,0.0,1.0,1.0,1.0
15,43,1.0,0.0,1.0,1.0,0.0
15,44,0.0,0.0,0.0,0.0,0.0
15,45,0.0,0.0,0.0,0.0,0.0
15,46,0.0,0.0,1.0,1.0,1.0
15,47,1.0,1.0,1.0,0.0,0.0
15,48,1.0,0.0,0.0,1.0,1.0
15,49,0.0,0.0,1.0,1.0,0.0
16,0,0.0,0.0,0.0,0.0,0.0
16,1,1.0,0.0,1.0,1.0,1.0
16,2,1.0,0.0,1.0,0.0,0.0
16,3,0.0,0.0,1.0,1.0,1.0
16,4,0.0,0.0,0.0,0.0,1.0
16,5,1.0,0.0,1.0,1.0,0.0
16,6,0.0,0.0,1.0,0.0,0.0
16,7,1.0,1.0,0.0,0.0,0.0
16,8,0.0,0.0,1.0,0.0,0.0
16,9,0.0,1.0,0.0,0.0,1.0
16,10,0.0,1.0,1.0,0.0,0.0
16,11,1.0,1.0,0.0,0.0,0.0
16,12,1.0,0.0,1.0,1.0,1.0
16,13,1.0,0.0,0.0,1.0,0.0
16,14,1.0,1.0,1.0,1.0,1.0
16,15,1.0,1.0,0.0,1.0,1.0
16,16,1.0,0.0,1.0,1.0,0.0
16,17,0.0,0.0,0.0,1.0,1.0
16,18,1.0,1.0,1.0,0.0,0.0
16,19,1.0,0.0,0.0,0.0,0.0
16,20,1.0,0.0,1.0,1.0,0.0
16,21,1.0,1.0,0.0,0.0,1.0
16,22,0.0,1.0,1.0,1.0,1.0
16,23,1.0,0.0,0.0,1.0,0.0
16,24,0.0,0.0,1.0,1.0,0.0
16,25,0.0,0.0,0.0,0.0,0.0
16,26,0.0,0.0,0.0,0.0,0.0
16,27,0.0,0.0,1.0,1.0,1.0
16,28,1.0,1.0,0.0,0.0,0.0
16,29,1.0,1.0,1.0,1.0,1.0
16,30,1.0,0.0,1.0,0.0,0.0
16,31,0.0,0.0,0.0,0.0,0.0
16,32,1.0,1.0,0.0,1.0,0.0
16,33,0.0,1.0,1.0,1.0,1.0
16,34,0.0,1.0,0.0,0.0,0.0
16,35,0.0,1.0,1.0,1.0,0.0
16,36,0.0,1.0,0.0,0.0,0.0
16,37,1.0,0.0,0.0,0.0,1.0
16,38,0.0,0.0,1.0,0.0,0.0
16,39,0.0,0.0,0.0,0.0,0.0
16,40,0.0,0.0,0.0,0.0,0.0
16,41,1.0,0.0,1.0,0.0,0.0
16,42,0.0,1.0,0.0,1.0,1.0
16,43,0.0,0.0,1.0,1.0,0.0
16,44,0.0,0.0,0.0,0.0,0.0
16,45,0.0,0.0,1.0,1.0,0.0
16,46,1.0,0.0,0.0,0.0,0.0
16,47,1.0,1.0,1.0,1.0,1.0
16,48,1.0,1.0,0.0,0.0,1.0
16,49,1.0,0.0,1.0,1.0,0.0
17,0,1.0,0.0,0.0,1.0,0.0
17,1,1.0,1.0,1.0,0.0,1.0
17,2,0.0,0.0,0.0,0.0,0.0
17,3,0.0,1.0,1.0,1.0,0.0
17,4,0.0,0.0,0.0,0.0,0.0
17,5,0.0,0.0,1.0,1.0,1.0
17,6,1.0,1.0,0.0,0.0,0.0
17,7,0.0,1.0,1.0,0.0,1.0
17,8,0.0,0.0,0.0,1.0,0.0
17,9,0.0,0.0,0.0,1.0,1.0
17,10,0.0,0.0,0.0,0.0,0.0
17,11,0.0,0.0,0.0,1.0,1.0
17,12,0.0,0.0,1.0,0.0,1.0
17,13,0.0,1.0,1.0,1.0,0.0
17,14,0.0,1.0,0.0,0.0,0.0
17,15,0.0,0.0,0.0,1.0,1.0
17,16,0.0,0.0,0.0,0.0,1.0
17,17,0.0,0.0,1.0,0.0,0.0
17,18,0.0,0.0,0.0,0.0,1.0
17,19,1.0,1.0,1.0,1.0,0.0
17,20,0.0,0.0,0.0,0.0,0.0
17,21,0.0,0.0,0.0,1.0,1.0
17,22,0.0,0.0,1.0,0.0,0.0
17,23,1.0,1.0,0.0,0.0,0.0
17,24,0.0,1.0,0.0,1.0,0.0
17,25,0.0,0.0,1.0,0.0,0.0
17,26,1.0,0.0,1.0,1.0,0.0
17,27,1.0,1.0,0.0,1.0,0.0
17,28,1.0,0.0,1.0,1.0,1.0
17,29,1.0,1.0,0.0,1.0,1.0
17,30,1.0,1.0,1.0,1.0,0.0
17,31,0.0,0.0,0.0,0.0,0.0
17,32,0.0,0.0,1.0,1.0,0.0
17,33,1.0,0.0,1.0,1.0,1.0
17,34,0.0,0.0,1.0,1.0,0.0
17,35,1.0,0.0,0.0,0.0,0.0
17,36,1.0,1.0,1.0,1.0,0.0
17,37,0.0,0.0,0.0,0.0,0.0
17,38,0.0,0.0,1.0,1.0,1.0
17,39,1.0,1.0,1.0,1.0,0.0
17,40,0.0,0.0,0.0,0.0,0.0
17,41,0.0,0.0,1.0,0.0,0.0
17,42,0.0,1.0,0.0,1.0,1.0
17,43,1.0,0.0,1.0,1.0,0.0
17,44,1.0,0.0,0.0,0.0,0.0
17,45,1.0,1.0,1.0,0.0,0.0
17,46,1.0,1.0,0.0,0.0,1.0
17,47,0.0,0.0,1.0,1.0,1.0
17,48,0.0,0.0,0.0,0.0,0.0
17,49,0.0,0.0,0.0,1.0,1.0
18,0,1.0,0.0,0.0,0.0,0.0
18,1,0.0,0.0,0.0,0.0,1.0
18,2,0.0,1.0,0.0,1.0,0.0
18,3,0.0,0.0,0.0,0.0,0.0
18,4,1.0,0.0,1.0,1.0,1.0
18,5,0.0,0.0,0.0,0.0,0.0
18,6,0.0,1.0,1.0,1.0,1.0
18,7,1.0,0.0,1.0,0.0,0.0
18,8,1.0,0.0,0.0,0.0,0.0
18,9,1.0,1.0,1.0,1.0,1.0
18,10,1.0,0.0,1.0,1.0,1.0
18,11,1.0,1.0,1.0,0.0,1.0
18,12,0.0,1.0,0.0,0.0,0.0
18,13,0.0,0.0,0.0,0.0,1.0
18,14,0.0,0.0,1.0,1.0,0.0
18,15,1.0,1.0,0.0,0.0,0.0
18,16,1.0,0.0,1.0,1.0,1.0
18,17,1.0,1.0,0.0,0.0,1.0
18,18,1.0,0.0,1.0,0.0,1.0
18,19,1.0,0.0,1.0,1.0,0.0
18,20,0.0,0.0,0.0,0.0,1.0
18,21,0.0,0.0,0.0,1.0,1.0
18,22,1.0,1.0,1.0,1.0,0.0
18,23,1.0,1.0,0.0,0.0,0.0
18,24,1.0,0.0,0.0,1.0,0.0
18,25,1.0,1.0,1.0,1.0,1.0
18,26,0.0,1.0,0.0,1.0,0.0
18,27,1.0,1.0,1.0,1.0,1.0
18,28,1.0,1.0,0.0,0.0,1.0
18,29,1.0,0.0,1.0,1.0,0.0
18,30,0.0,0.0,1.0,1.0,1.0
18,31,1.0,0.0,1.0,1.0,0.0
18,32,0.0,0.0,1.0,0.0,0.0
18,33,1.0,0.0,1.0,1.0,0.0
18,34,0.0,0.0,0.0,0.0,0.0
18,35,1.0,1.0,1.0,1.0,0.0
18,36,1.0,1.0,0.0,0.0,0.0
18,37,1.0,0.0,1.0,0.0,0.0
18,38,0.0,0.0,0.0,1.0,1.0
18,39,1.0,1.0,1.0,0.0,0.0
18,40,0.0,1.0,0.0,0.0,1.0
18,41,0.0,0.0,0.0,1.0,0.0
18,42,1.0,1.0,1.0,1.0,0.0
18,43,1.0,0.0,0.0,0.0,0.0
18,44,1.0,1.0,0.0,0.0,1.0
18,45,1.0,1.0,0.0,1.0,0.0
18,46,1.0,0.0,0.0,0.0,0.0
18,47,0.0,0.0,1.0,1.0,0.0
18,48,0.0,0.0,0.0,1.0,1.0
18,49,1.0,0.0,1.0,0.0,1.0
19,0,0.0,0.0,0.0,1.0,0.0
19,1,1.0,0.0,1.0,1.0,1.0
19,2,1.0,0.0,0.0,1.0,1.0
19,3,1.0,0.0,1.0,0.0,0.0
19,4,1.0,1.0,0.0,1.0,1.0
19,5,0.0,1.0,1.0,0.0,0.0
19,6,1.0,0.0,0.0,0.0,0.0
19,7,0.0,0.0,0.0,1.0,0.0
19,8,0.0,0.0,1.0,1.0,1.0
19,9,1.0,0.0,0.0,0.0,0.0
19,10,1.0,1.0,1.0,0.0,0.0
19,11,1.0,0.0,0.0,0.0,0.0
19,12,1.0,0.0,1.0,1.0,0.0
19,13,0.0,1.0,0.0,0.0,1.0
19,14,1.0,1.0,1.0,1.0,0.0
19,15,1.0,1.0,0.0,1.0,1.0
19,16,0.0,0.0,0.0,1.0,0.0
19,17,0.0,1.0,1.0,1.0,1.0
19,18,0.0,1.0,1.0,1.0,1.0
19,19,0.0,0.0,1.0,0.0,0.0
19,20,1.0,1.0,0.0,0.0,0.0
19,21,0.0,1.0,1.0,1.0,0.0
19,22,0.0,1.0,0.0,1.0,1.0
19,23,1.0,1.0,1.0,0.0,0.0
19,24,0.0,1.0,0.0,0.0,0.0
19,25,1.0,0.0,1.0,1.0,1.0
19,26,1.0,0.0,0.0,0.0,1.0
19,27,0.0,0.0,1.0,1.0,0.0
19,28,0.0,0.0,1.0,0.0,0.0
19,29,0.0,0.0,1.0,1.0,0.0
19,30,0.0,1.0,1.0,1.0,1.0
19,31,1.0,0.0,0.0,1.0,0.0
19,32,0.0,0.0,0.0,0.0,1.0
19,33,1.0,0.0,1.0,1.0,1.0
19,34,0.0,1.0,0.0,0.0,0.0
19,35,0.0,1.0,0.0,1.0,1.0
19,36,0.0,0.0,1.0,0.0,0.0
19,37,0.0,1.0,1.0,1.0,0.0
19,38,1.0,1.0,0.0,1.0,0.0
19,39,0.0,1.0,0.0,0.0,0.0
19,40,1.0,1.0,1.0,1.0,1.0
19,41,0.0,1.0,0.0,1.0,1.0
19,42,1.0,0.0,1.0,0.0,0.0
19,43,0.0,0.0,0.0,1.0,0.0
19,44,1.0,1.0,1.0,1.0,0.0
19,45,0.0,1.0,0.0,0.0,1.0
19,46,0.0,0.0,1.0,1.0,0.0
19,47,1.0,0.0,0.0,0.0,0.0
19,48,1.0,1.0,1.0,1.0,1.0
19,49,1.0,1.0,0.0,0.0,1.0
