10,5,0.0,0.0,0.0,0.0,1.0
10,6,0.0,0.0,0.0,1.0,1.0
10,7,0.0,1.0,0.0,0.0,1.0
10,8,0.0,1.0,0.0,1.0,0.0
10,9,0.0,0.0,1.0,1.0,1.0
10,10,0.0,0.0,0.0,0.0,0.0
10,11,0.0,0.0,0.0,1.0,1.0
10,12,0.0,1.0,1.0,1.0,0.0
10,13,1.0,0.0,1.0,0.0,0.0
10,14,0.0,0.0,0.0,0.0,1.0
10,15,0.0,0.0,1.0,1.0,0.0
10,16,0.0,0.0,0.0,1.0,1.0
10,17,0.0,0.0,1.0,0.0,0.0
10,18,0.0,0.0,0.0,1.0,0.0
10,19,1.0,0.0,0.0,0.0,1.0
10,20,0.0,0.0,1.0,1.0,0.0
10,21,0.0,0.0,0.0,0.0,1.0
10,22,0.0,1.0,1.0,0.0,0.0
10,23,0.0,1.0,0.0,0.0,1.0
10,24,1.0,1.0,1.0,1.0,1.0
10,25,1.0,0.0,0.0,0.0,0.0
10,26,0.0,1.0,1.0,1.0,1.0
10,27,0.0,1.0,0.0,0.0,0.0
10,28,1.0,1.0,1.0,1.0,1.0
10,29,0.0,1.0,0.0,0.0,1.0
10,30,0.0,0.0,1.0,1.0,0.0
10,31,0.0,0.0,0.0,0.0,0.0
10,32,1.0,1.0,1.0,1.0,1.0
10,33,0.0,0.0,0.0,0.0,0.0
10,34,1.0,1.0,1.0,1.0,1.0
10,35,0.0,1.0,0.0,0.0,0.0
10,36,0.0,0.0,1.0,1.0,0.0
10,37,0.0,0.0,0.0,0.0,1.0
10,38,1.0,0.0,1.0,1.0,0.0
10,39,1.0,0.0,0.0,0.0,0.0
10,40,1.0,0.0,0.0,1.0,0.0
10,41,0.0,0.0,1.0,0.0,0.0
10,42,0.0,0.0,0.0,1.0,0.0
10,43,0.0,0.0,1.0,1.0,0.0
10,44,0.0,0.0,0.0,0.0,0.0
10,45,1.0,1.0,1.0,1.0,0.0
10,46,0.0,1.0,0.0,0.0,0.0
10,47,0.0,0.0,1.0,1.0,1.0
10,48,1.0,0.0,0.0,0.0,1.0
10,49,0.0,0.0,0.0,1.0,1.0
11,0,0.0,1.0,0.0,1.0,0.0
11,1,0.0,0.0,1.0,0.0,0.0
11,2,1.0,1.0,0.0,1.0,1.0
11,3,0.0,0.0,0.0,0.0,0.0
11,4,0.0,0.0,1.0,1.0,1.0
11,5,0.0,0.0,1.0,0.0,1.0
11,6,1.0,1.0,1.0,1.0,1.0
11,7,0.0,0.0,1.0,0.0,0.0
11,8,0.0,0.0,0.0,1.0,1.0
11,9,0.0,0.0,1.0,0.0,0.0
11,10,0.0,0.0,0.0,1.0,1.0
11,11,1.0,0.0,0.0,1.0,0.0
11,12,0.0,0.0,0.0,0.0,1.0
11,13,1.0,0.0,1.0,1.0,0.0
11,14,1.0,0.0,0.0,0.0,1.0
11,15,0.0,0.0,1.0,0.0,0.0
11,16,1.0,1.0,1.0,1.0,0.0
11,17,0.0,1.0,1.0,0.0,0.0
11,18,0.0,1.0,0.0,1.0,0.0
11,19,0.0,1.0,0.0,1.0,0.0
11,20,0.0,1.0,1.0,1.0,0.0
11,21,0.0,1.0,0.0,0.0,1.0
11,22,1.0,1.0,1.0,1.0,0.0
11,23,0.0,1.0,0.0,0.0,0.0
11,24,0.0,1.0,0.0,1.0,0.0
11,25,0.0,0.0,1.0,0.0,1.0
11,26,0.0,1.0,1.0,1.0,0.0
11,27,1.0,1.0,1.0,0.0,1.0
11,28,0.0,1.0,1.0,1.0,1.0
11,29,1.0,1.0,0.0,1.0,0.0
11,30,0.0,0.0,1.0,0.0,1.0
11,31,1.0,0.0,0.0,0.0,1.0
11,32,1.0,0.0,1.0,0.0,1.0
11,33,1.0,1.0,0.0,1.0,0.0
11,34,1.0,1.0,1.0,1.0,1.0
11,35,0.0,1.0,0.0,0.0,0.0
11,36,1.0,0.0,0.0,1.0,0.0
11,37,1.0,0.0,1.0,1.0,1.0
11,38,1.0,1.0,0.0,1.0,0.0
11,39,1.0,0.0,0.0,0.0,0.0
11,40,1.0,1.0,0.0,1.0,0.0
11,41,0.0,1.0,1.0,0.0,1.0
11,42,0.0,0.0,0.0,1.0,0.0
11,43,0.0,0.0,0.0,0.0,1.0
11,44,0.0,0.0,1.0,0.0,0.0
11,45,0.0,0.0,1.0,1.0,0.0
11,46,1.0,1.0,1.0,1.0,1.0
11,47,1.0,0.0,1.0,0.0,1.0
11,48,0.0,0.0,0.0,1.0,1.0
11,49,1.0,1.0,0.0,0.0,0.0
12,0,0.0,0.0,1.0,1.0,1.0
12,1,1.0,1.0,1.0,1.0,0.0
12,2,0.0,0.0,0.0,1.0,0.0
12,3,0.0,0.0,0.0,0.0,0.0
12,4,0.0,0.0,0.0,0.0,0.0
12,5,0.0,0.0,1.0,1.0,1.0
12,6,1.0,0.0,1.0,1.0,0.0
12,7,1.0,0.0,0.0,0.0,0.0
12,8,1.0,0.0,1.0,1.0,0.0
12,9,1.0,1.0,0.0,0.0,0.0
12,10,0.0,0.0,1.0,1.0,1.0
12,11,1.0,0.0,1.0,0.0,0.0
12,12,0.0,0.0,0.0,0.0,0.0
12,13,0.0,1.0,0.0,1.0,1.0
12,14,0.0,1.0,1.0,1.0,1.0
12,15,0.0,1.0,0.0,1.0,0.0
12,16,0.0,0.0,1.0,1.0,1.0
12,17,0.0,0.0,1.0,1.0,0.0
12,18,0.0,1.0,0.0,0.0,1.0
12,19,1.0,1.0,1.0,1.0,0.0
12,20,0.0,0.0,0.0,0.0,0.0
12,21,1.0,1.0,1.0,1.0,0.0
12,22,0.0,1.0,0.0,0.0,0.0
12,23,0.0,1.0,1.0,1.0,0.0
12,24,1.0,1.0,1.0,1.0,1.0
12,25,0.0,1.0,0.0,0.0,0.0
12,26,0.0,1.0,1.0,1.0,0.0
12,27,1.0,0.0,0.0,1.0,0.0
12,28,0.0,0.0,0.0,0.0,0.0
12,29,0.0,0.0,0.0,0.0,1.0
12,30,0.0,0.0,1.0,1.0,0.0
12,31,0.0,0.0,0.0,0.0,0.0
12,32,0.0,0.0,0.0,0.0,1.0
12,33,0.0,0.0,0.0,0.0,0.0
12,34,0.0,0.0,1.0,1.0,0.0
12,35,1.0,0.0,1.0,1.0,1.0
12,36,1.0,1.0,0.0,0.0,0.0
12,37,0.0,0.0,1.0,1.0,1.0
12,38,1.0,1.0,0.0,0.0,1.0
12,39,1.0,0.0,0.0,1.0,0.0
12,40,1.0,0.0,1.0,0.0,1.0
12,41,0.0,1.0,0.0,0.0,0.0
12,42,0.0,1.0,0.0,1.0,1.0
12,43,0.0,0.0,0.0,0.0,1.0
12,44,0.0,0.0,0.0,0.0,1.0
12,45,1.0,1.0,1.0,0.0,1.0
12,46,0.0,0.0,0.0,0.0,0.0
12,47,0.0,0.0,0.0,0.0,0.0
12,48,1.0,0.0,1.0,0.0,0.0
12,49,0.0,0.0,1.0,1.0,1.0
13,0,1.0,1.0,1.0,0.0,0.0
13,1,1.0,0.0,1.0,0.0,0.0
13,2,1.0,0.0,1.0,1.0,0.0
13,3,1.0,0.0,1.0,0.0,0.0
13,4,0.0,1.0,1.0,1.0,0.0
13,5,0.0,1.0,0.0,0.0,0.0
13,6,0.0,1.0,1.0,0.0,0.0
13,7,0.0,0.0,1.0,1.0,1.0
13,8,0.0,0.0,1.0,0.0,1.0
13,9,0.0,0.0,0.0,0.0,0.0
13,10,1.0,0.0,1.0,1.0,0.0
13,11,1.0,1.0,0.0,0.0,0.0
13,12,1.0,0.0,0.0,1.0,1.0
13,13,0.0,0.0,0.0,1.0,1.0
13,14,1.0,0.0,1.0,1.0,0.0
13,15,0.0,0.0,0.0,1.0,0.0
13,16,1.0,0.0,1.0,0.0,1.0
13,17,1.0,0.0,0.0,0.0,0.0
13,18,1.0,1.0,1.0,1.0,1.0
13,19,0.0,0.0,0.0,1.0,0.0
13,20,0.0,1.0,1.0,0.0,0.0
13,21,0.0,0.0,1.0,1.0,1.0
13,22,0.0,0.0,0.0,0.0,0.0
13,23,1.0,0.0,1.0,1.0,0.0
13,24,0.0,0.0,0.0,0.0,0.0
13,25,0.0,0.0,1.0,1.0,1.0
13,26,0.0,0.0,0.0,0.0,0.0
13,27,1.0,0.0,0.0,1.0,0.0
13,28,1.0,0.0,0.0,0.0,0.0
13,29,1.0,1.0,0.0,1.0,1.0
13,30,1.0,1.0,1.0,0.0,0.0
13,31,1.0,0.0,1.0,1.0,1.0
13,32,1.0,0.0,0.0,0.0,0.0
13,33,1.0,1.0,0.0,0.0,0.0
13,34,0.0,0.0,0.0,0.0,0.0
13,35,0.0,0.0,0.0,0.0,1.0
13,36,1.0,0.0,1.0,1.0,0.0
13,37,0.0,0.0,1.0,1.0,1.0
13,38,0.0,1.0,0.0,0.0,1.0
13,39,0.0,1.0,1.0,0.0,0.0
13,40,1.0,1.0,0.0,1.0,0.0
13,41,0.0,1.0,1.0,0.0,0.0
13,42,0.0,0.0,1.0,1.0,1.0
13,43,0.0,0.0,0.0,0.0,0.0
13,44,0.0,0.0,1.0,1.0,0.0
13,45,0.0,0.0,0.0,1.0,1.0
13,46,0.0,1.0,0.0,1.0,1.0
13,47,1.0,0.0,1.0,1.0,0.0
13,48,1.0,0.0,0.0,0.0,1.0
13,49,0.0,0.0,0.0,1.0,0.0
14,0,1.0,0.0,0.0,0.0,1.0
14,1,0.0,0.0,1.0,1.0,0.0
14,2,1.0,1.0,1.0,0.0,0.0
14,3,0.0,0.0,1.0,1.0,0.0
14,4,0.0,1.0,1.0,1.0,1.0
14,5,1.0,0.0,1.0,0.0,0.0
14,6,1.0,0.0,0.0,0.0,1.0
14,7,1.0,1.0,0.0,0.0,0.0
14,8,0.0,1.0,0.0,1.0,1.0
14,9,0.0,1.0,1.0,0.0,1.0
14,10,0.0,1.0,1.0,1.0,0.0
14,11,1.0,0.0,0.0,0.0,1.0
14,12,1.0,0.0,1.0,1.0,0.0
14,13,1.0,1.0,0.0,0.0,0.0
14,14,1.0,1.0,1.0,1.0,1.0
14,15,0.0,1.0,0.0,0.0,1.0
14,16,0.0,0.0,1.0,0.0,0.0
14,17,0.0,1.0,0.0,1.0,0.0
14,18,1.0,1.0,1.0,1.0,1.0
14,19,1.0,0.0,1.0,0.0,1.0
14,20,1.0,1.0,1.0,1.0,0.0
14,21,0.0,1.0,0.0,1.0,0.0
14,22,0.0,0.0,1.0,1.0,1.0
14,23,1.0,1.0,1.0,1.0,0.0
14,24,0.0,1.0,0.0,0.0,0.0
14,25,0.0,0.0,1.0,1.0,1.0
14,26,0.0,0.0,0.0,0.0,0.0
14,27,0.0,0.0,1.0,1.0,0.0
14,28,1.0,0.0,0.0,1.0,1.0
14,29,1.0,1.0,1.0,0.0,1.0
14,30,0.0,0.0,0.0,0.0,1.0
14,31,0.0,0.0,1.0,1.0,0.0
14,32,0.0,0.0,1.0,1.0,1.0
14,33,0.0,0.0,1.0,0.0,0.0
14,34,0.0,0.0,0.0,1.0,1.0
14,35,0.0,0.0,0.0,0.0,0.0
14,36,0.0,0.0,0.0,1.0,0.0
14,37,0.0,0.0,0.0,0.0,0.0
14,38,1.0,0.0,1.0,1.0,1.0
14,39,1.0,1.0,0.0,0.0,0.0
14,40,0.0,0.0,1.0,1.0,0.0
14,41,1.0,1.0,1.0,0.0,1.0
14,42,1.0,1.0,1.0,1.0,0.0
14,43,1.0,1.0,0.0,1.0,0.0
14,44,0.0,1.0,1.0,0.0,1.0
14,45,0.0,1.0,0.0,0.0,0.0
14,46,0.0,1.0,1.0,1.0,0.0
14,47,0.0,0.0,0.0,0.0,0.0
14,48,0.0,0.0,1.0,0.0,1.0
14,49,0.0,0.0,1.0,1.0,1.0
15,0,0.0,0.0,0.0,1.0,0.0
15,1,1.0,0.0,0.0,0.0,0.0
15,2,1.0,0.0,1.0,0.0,0.0
