DAG
VAR01 has 2 parent(s): {DEFAULTING, GlobalHidden_0}
VAR02 has 2 parent(s): {DEFAULTING, GlobalHidden_0}
VAR03 has 2 parent(s): {DEFAULTING, GlobalHidden_0}
VAR04 has 2 parent(s): {DEFAULTING, GlobalHidden_0}
VAR07 has 2 parent(s): {DEFAULTING, GlobalHidden_0}
VAR08 has 2 parent(s): {DEFAULTING, GlobalHidden_0}
VAR09 has 2 parent(s): {DEFAULTING, GlobalHidden_0}
VAR10 has 2 parent(s): {DEFAULTING, GlobalHidden_0}
VAR11 has 2 parent(s): {DEFAULTING, GlobalHidden_0}
VAR12 has 2 parent(s): {DEFAULTING, GlobalHidden_0}
VAR13 has 2 parent(s): {DEFAULTING, GlobalHidden_0}
VAR14 has 2 parent(s): {DEFAULTING, GlobalHidden_0}
DEFAULTING has 0 parent(s): {}
GlobalHidden_0 has 0 parent(s): {}

Sample	GlobalHidden_0
7874	356.09216912068945	0.9819659639319278	NaN	NaN
7906	360.23902556026616	0.9833038198836327	NaN	NaN
8225	372.73141880907247	0.9693617021276596	NaN	NaN
8052	361.5175560909576	0.9826130153999006	NaN	NaN
8095	359.19167465700656	0.9823347745521928	NaN	NaN
8176	360.2652390038711	0.9820205479452054	NaN	NaN
8189	355.1157282830951	0.981316400048846	NaN	NaN
8205	354.3567632297933	0.9809872029250457	NaN	NaN
8419	358.27734207357867	0.9795700201924219	NaN	NaN
8112	341.71058530189754	0.9797830374753451	NaN	NaN
8085	333.19698561777886	0.9774891774891775	NaN	NaN
8116	333.41424093596083	0.97819122720552	NaN	NaN
8146	329.6215621288199	0.9770439479499141	NaN	NaN
8191	326.10108082028864	0.9775363203516054	NaN	NaN
8529	338.0342730817073	0.9779575565716966	NaN	NaN
8284	323.50802135353047	0.9767020762916465	NaN	NaN
8195	317.527310035899	0.9803538743136059	NaN	NaN
8294	319.80227880698595	0.9798649626235834	NaN	NaN
8286	318.5383933584465	0.9812937484914314	NaN	NaN
8253	317.5954295693307	0.970192657215558	NaN	NaN
8489	324.21542780479	0.9810342796560254	NaN	NaN
8261	315.5882664556779	0.9818423919622322	NaN	NaN
8296	314.2106650273781	0.9830038572806171	NaN	NaN
8315	316.5499597612451	0.9741431148526759	NaN	NaN
8257	311.62752142881794	0.975172580840499	NaN	NaN
8235	310.2151499457212	0.9872495446265938	NaN	NaN
8435	316.28928102071535	0.9875518672199171	NaN	NaN
8262	307.7179777769506	0.9877753570564028	NaN	NaN
8052	299.3712110711121	0.988822652757079	NaN	NaN
8118	302.3160884191615	0.989159891598916	NaN	NaN
8085	298.0437832494103	0.989239332096475	NaN	NaN
8066	297.62968332330627	0.9883461443094471	NaN	NaN
8258	304.45971690773365	0.9882538144829256	NaN	NaN
7930	292.99267949037005	0.9885245901639345	NaN	NaN
7895	288.8117122582503	0.9884737175427486	NaN	NaN
8035	295.59670953176226	0.9860609831985065	NaN	NaN
7983	291.350782184056	0.9849680571213829	NaN	NaN
7951	290.84498575534127	0.9857879512011067	NaN	NaN
8145	297.4636134261037	0.9851442602823818	NaN	NaN
7950	289.59223934316816	0.9857861635220125	NaN	NaN
7932	289.06094863380713	0.9860060514372163	NaN	NaN
7981	288.49155654807953	0.9853401829344693	NaN	NaN
7934	288.13959156567427	0.9858835391983867	NaN	NaN
8052	291.4389000002823	0.985966219572777	NaN	NaN
8247	298.3557510183697	0.9849642294167577	NaN	NaN
8064	290.8605669298152	0.9878472222222222	NaN	NaN
8067	290.47338967640775	0.9838849634312632	NaN	NaN
8285	296.83694089591154	0.9828605914302957	NaN	NaN
8117	292.3537227629361	0.9833682394973512	NaN	NaN
8078	288.30904569731115	0.9839069076504086	NaN	NaN
8296	295.1183749347421	0.984450337512054	NaN	NaN
8162	291.2346586471187	0.9840725312423426	NaN	NaN
8141	290.93541713365	0.9841542808008844	NaN	NaN
8394	325.7924997739938	0.9830831546342625	NaN	NaN
8285	343.5595416838701	0.9856366928183464	NaN	NaN
8236	343.793074010597	0.9853084021369597	NaN	NaN
8474	352.1600478552536	0.9841869247108803	NaN	NaN
8269	343.96731355931786	0.9848832990688112	NaN	NaN
8380	347.9644234544771	0.9841288782816229	NaN	NaN
8642	360.41958414191856	0.9831057625549642	NaN	NaN
7777	323.861360038021	0.9845698855599846	NaN	NaN
7771	324.13792185914537	0.9848153390811993	NaN	NaN
7837	328.2839202094101	0.983284420058696	NaN	NaN
7684	320.1409175547352	0.9834721499219157	NaN	NaN
7642	321.02186913962225	0.9842973043705836	NaN	NaN
7770	329.8401741408642	0.9835263835263836	NaN	NaN
7620	321.8160773151185	0.9849081364829396	NaN	NaN
7580	317.67178091173827	0.9857519788918205	NaN	NaN
7683	322.29991693521873	0.9838604711701159	NaN	NaN
7521	318.08197252131345	0.9841776359526658	NaN	NaN
7498	313.8643723547967	0.9838623632968791	NaN	NaN
7646	323.0024876549585	0.9833900078472404	NaN	NaN
7507	323.1373079188054	0.9836152923937658	NaN	NaN
7476	313.9165829538829	0.9847512038523274	NaN	NaN
7483	313.9403483763753	0.9846318321528799	NaN	NaN
7314	310.1749527509748	0.9861908668307355	NaN	NaN
7241	305.54261730751466	0.9871564701008148	NaN	NaN
7340	310.2883878832619	0.987874659400545	NaN	NaN
7216	306.7033980946587	0.9890521064301552	NaN	NaN
7234	306.69221821908144	0.9890793475255737	NaN	NaN
7296	307.0479421645817	0.9898574561403509	NaN	NaN
7187	302.5934607335322	0.9909558925838319	NaN	NaN
7228	306.62500831145803	0.990868843386829	NaN	NaN
learning evaluation instances,evaluation time (cpu seconds),model cost (RAM-Hours),classified instances,classifications correct (percent),Kappa Statistic (percent),Kappa Temporal Statistic (percent),model training instances,model serialized size (bytes)
1000.0,23.9929538,-6.206994307123952E-12,1000.0,98.8,13.793103448275367,40.0,1000.0,-1.0
2000.0,26.988173,-6.9818596562577616E-12,2000.0,99.1,46.73295454545422,65.38461538461539,2000.0,-1.0
3000.0,30.1549933,-7.801118332685695E-12,3000.0,98.5,20.65171392297886,53.125,3000.0,-1.0
4000.0,34.3046199,-8.874629701798161E-12,4000.0,98.1,0.0,44.11764705882353,4000.0,-1.0
5000.0,37.6586414,-9.742317462546958E-12,5000.0,97.2,21.66517457475373,54.83870967741935,5000.0,-1.0
6000.0,41.6366669,-1.0771435504365299E-11,6000.0,98.7,13.031843724913376,50.0,6000.0,-1.0
7000.0,45.084289,-1.1663337807274528E-11,7000.0,98.5,11.326554741073682,46.42857142857143,7000.0,-1.0
8000.0,49.8111193,-1.288617218637632E-11,8000.0,87.2,-0.6289308176099931,-93.9393939393941,8000.0,-1.0
9000.0,53.0715402,-1.3729645404964686E-11,9000.0,99.3,22.083704363312417,56.25,9000.0,-1.0
10000.0,58.5159751,-1.5138124607296456E-11,10000.0,99.2,33.11036789297637,60.0,10000.0,-1.0
11000.0,62.6344015,-1.6203564462355442E-11,11000.0,98.4,10.942892129577649,52.94117647058824,11000.0,-1.0
12000.0,69.0460426,-1.7862260600345002E-11,12000.0,98.0,22.666460443894604,52.38095238095239,12000.0,-1.0
13000.0,77.4700966,-2.0041569394783842E-11,13000.0,98.0,16.359986617597553,52.38095238095239,13000.0,-1.0
14000.0,88.2653658,-2.2834313257286945E-11,14000.0,98.3,-0.18859028760037738,46.875,14000.0,-1.0
15000.0,97.2042231,-2.5146802033608158E-11,15000.0,98.8,0.0,50.0,15000.0,-1.0
16000.0,109.4347015,-2.8310835542571213E-11,16000.0,86.9,-2.1299154894439423,-104.68750000000017,16000.0,-1.0
17000.0,121.8835813,-3.153136964990861E-11,17000.0,99.1,39.64592274678076,59.09090909090909,17000.0,-1.0
18000.0,130.0736338,-3.365014208894637E-11,18000.0,99.0,16.513608281850292,54.54545454545454,18000.0,-1.0
19000.0,147.0621427,-3.804508149106469E-11,19000.0,98.2,24.60417190248784,57.14285714285714,19000.0,-1.0
20000.0,157.5766101,-4.07651817270865E-11,20000.0,98.0,27.979834353619136,52.38095238095239,20000.0,-1.0
21000.0,159.6358233,-4.1297901654615995E-11,21000.0,97.7,33.625764746623545,60.3448275862069,21000.0,-1.0
22000.0,161.6326361,-4.181447855403853E-11,22000.0,98.2,0.0,50.0,22000.0,-1.0
23000.0,163.7074494,-4.2351234238594764E-11,23000.0,98.4,0.0,50.0,23000.0,-1.0
24000.0,165.6886621,-4.2863775380990565E-11,24000.0,96.3,13.470533208606138,52.5641025641025,24000.0,-1.0
25000.0,168.9646831,-4.371128435660567E-11,25000.0,89.5,-0.10678056593689447,-377.27272727272674,25000.0,-1.0
26000.0,172.4279053,-4.4607222416541636E-11,26000.0,99.1,39.710610932475596,62.5,26000.0,-1.0
27000.0,175.2515234,-4.533769443838132E-11,27000.0,98.4,0.0,50.0,27000.0,-1.0
28000.0,178.0127411,-4.605202343211405E-11,28000.0,98.4,19.710959454034235,50.0,28000.0,-1.0
29000.0,180.7739588,-4.676635242584678E-11,29000.0,98.1,23.596589995174458,56.81818181818182,29000.0,-1.0
30000.0,183.0827736,-4.7363644465804094E-11,30000.0,98.4,19.710959454034235,55.55555555555556,30000.0,-1.0
31000.0,185.6723902,-4.80335801322427E-11,31000.0,98.7,0.0,50.0,31000.0,-1.0
32000.0,188.5584087,-4.878019518218934E-11,32000.0,96.2,4.814388056710532,49.99999999999993,32000.0,-1.0
33000.0,191.3352265,-4.949855993294881E-11,33000.0,89.60000000000001,0.0768639508071483,-419.9999999999995,33000.0,-1.0
34000.0,193.7688421,-5.012813802912003E-11,34000.0,99.3,36.15468807004786,61.111111111111114,34000.0,-1.0
35000.0,197.5284662,-5.110075547256403E-11,35000.0,99.0,16.387959866220456,50.0,35000.0,-1.0
36000.0,199.5876794,-5.1633475400093526E-11,36000.0,98.0,8.91702340832458,50.0,36000.0,-1.0
37000.0,201.9900948,-5.225498198221127E-11,37000.0,97.89999999999999,27.083333333333385,57.99999999999999,37000.0,-1.0
38000.0,204.6577119,-5.294509643378357E-11,38000.0,98.0,8.759124087590909,50.0,38000.0,-1.0
39000.0,206.5141238,-5.342535151996546E-11,39000.0,98.8,0.0,50.0,39000.0,-1.0
40000.0,208.3549356,-5.390157084912062E-11,40000.0,96.6,5.371555802950143,49.999999999999915,40000.0,-1.0
41000.0,211.693357,-5.476522285284268E-11,41000.0,98.5,0.0,50.0,41000.0,-1.0
42000.0,217.621395,-5.629881052300334E-11,42000.0,99.2,33.031977230872265,55.55555555555556,42000.0,-1.0
43000.0,222.0050231,-5.7432858247516884E-11,43000.0,98.9,0.0,50.0,43000.0,-1.0
44000.0,225.9986487,-5.846601204636197E-11,44000.0,98.0,22.666460443894604,52.38095238095239,44000.0,-1.0
45000.0,230.2106757,-5.955566644358139E-11,45000.0,98.2,9.828674481514957,52.63157894736842,45000.0,-1.0
46000.0,233.8610991,-6.050003358783821E-11,46000.0,98.4,37.96044978673894,61.904761904761905,46000.0,-1.0
47000.0,236.8719184,-6.127893469399876E-11,47000.0,98.3,0.0,48.484848484848484,47000.0,-1.0
48000.0,239.149533,-6.18681552199026E-11,48000.0,97.1,6.270200387847602,52.459016393442624,48000.0,-1.0
49000.0,242.1759524,-6.265109208308989E-11,49000.0,97.2,17.194061631276938,53.333333333333336,49000.0,-1.0
50000.0,249.4767992,-6.453982637160354E-11,50000.0,99.5,61.32425742574236,72.22222222222221,50000.0,-1.0
51000.0,254.2660299,-6.577880377881229E-11,51000.0,98.8,0.0,50.0,51000.0,-1.0
52000.0,257.4952506,-6.661420548334718E-11,52000.0,98.1,29.05153099327828,56.81818181818182,52000.0,-1.0
53000.0,261.2548747,-6.758682292679119E-11,53000.0,98.3,18.753584400688343,51.42857142857142,53000.0,-1.0
54000.0,264.1252931,-6.832940221971109E-11,54000.0,98.2,24.60417190248784,56.09756097560976,54000.0,-1.0
55000.0,268.2593196,-6.939887783179682E-11,55000.0,98.3,18.753584400688343,55.26315789473685,55000.0,-1.0
56000.0,270.1469317,-6.988720443203219E-11,56000.0,97.8,7.995985279357306,50.0,56000.0,-1.0
57000.0,272.2373451,-7.042799587361515E-11,57000.0,95.8,4.358518923350118,49.999999999999936,57000.0,-1.0
58000.0,278.6645863,-7.209072776863146E-11,58000.0,99.4,56.89655172413768,70.0,58000.0,-1.0
59000.0,283.0326143,-7.322073973611826E-11,59000.0,98.6,12.335629304946917,53.333333333333336,59000.0,-1.0
60000.0,287.4162424,-7.435478746063181E-11,60000.0,98.5,11.598302687411431,53.125,60000.0,-1.0
61000.0,290.5206623,-7.515790310895279E-11,61000.0,98.5,28.20218265364734,55.88235294117647,61000.0,-1.0
62000.0,293.1882794,-7.584801756052509E-11,62000.0,98.0,16.359986617597553,54.54545454545454,62000.0,-1.0
63000.0,296.4955006,-7.670359805019367E-11,63000.0,97.8,8.157301494531222,52.17391304347826,63000.0,-1.0
64000.0,299.2567183,-7.74179270439264E-11,64000.0,98.8,24.73657802308052,57.14285714285714,64000.0,-1.0
65000.0,306.4483644,-7.927841103325288E-11,65000.0,95.0,6.879725853913057,49.99999999999994,65000.0,-1.0
66000.0,310.7227918,-8.038420845857926E-11,66000.0,99.0,28.32568807339425,58.333333333333336,66000.0,-1.0
67000.0,314.1080135,-8.125996773338154E-11,67000.0,99.2,33.11036789297637,60.0,67000.0,-1.0
68000.0,316.838031,-8.196622521306079E-11,68000.0,97.89999999999999,8.520648196550189,52.27272727272727,68000.0,-1.0
69000.0,320.0360515,-8.27935554035422E-11,69000.0,98.3,31.539948453608396,57.49999999999999,69000.0,-1.0
70000.0,323.0156706,-8.356438499564927E-11,70000.0,97.7,20.260712799888932,54.0,70000.0,-1.0
71000.0,325.7456881,-8.427064247532853E-11,71000.0,98.1,9.351145038167767,52.5,71000.0,-1.0
72000.0,328.070103,-8.487197027231258E-11,72000.0,98.7,23.258559622196216,56.666666666666664,72000.0,-1.0
73000.0,330.1293162,-8.540469019984207E-11,73000.0,95.3,10.815939278937439,51.04166666666661,73000.0,-1.0
74000.0,333.7641395,-8.634502158707216E-11,74000.0,95.8,13.849688217919415,12.5,74000.0,-1.0
75000.0,338.4285694,-8.7551712938067E-11,75000.0,99.5,54.34623813002172,68.75,75000.0,-1.0
76000.0,341.5797896,-8.836693585746819E-11,76000.0,98.4,10.942892129577649,52.94117647058824,76000.0,-1.0
77000.0,344.5906089,-8.914583696362873E-11,77000.0,97.8,8.157301494531222,52.17391304347826,77000.0,-1.0
78000.0,348.2878326,-9.010231137896578E-11,78000.0,97.89999999999999,15.689738236711163,54.347826086956516,78000.0,-1.0
79000.0,350.1910448,-9.059467373622789E-11,79000.0,97.7,14.358057789693426,52.083333333333336,79000.0,-1.0
80000.0,352.0630568,-9.107896457943652E-11,80000.0,98.8,32.99832495812424,60.0,80000.0,-1.0
81000.0,354.9958756,-9.183768690046337E-11,81000.0,96.2,13.150797641358567,50.64935064935058,81000.0,-1.0
82000.0,359.6915057,-9.305244976551169E-11,82000.0,88.5,0.6839850766891535,-101.75438596491209,82000.0,-1.0
83000.0,365.9003455,-9.465868106215365E-11,83000.0,99.4,49.7739829231542,66.66666666666666,83000.0,-1.0
84000.0,369.5351688,-9.559901244938374E-11,84000.0,98.9,26.411560074926705,57.692307692307686,84000.0,-1.0
85000.0,372.8891903,-9.646670021013254E-11,85000.0,97.2,6.316916488223042,50.0,85000.0,-1.0
86000.0,376.5240136,-9.740703159736263E-11,86000.0,98.4,10.942892129577649,52.94117647058824,86000.0,-1.0
87000.0,378.6924275,-9.79680018240793E-11,87000.0,97.6,7.3502161828285635,47.82608695652174,87000.0,-1.0
88000.0,380.7672408,-9.850475750863553E-11,88000.0,98.5,11.598302687411431,50.0,88000.0,-1.0
89000.0,382.4520516,-9.894061926752329E-11,89000.0,96.5,5.220970537261514,48.5294117647058,89000.0,-1.0
90000.0,384.9168674,-9.957826887774799E-11,90000.0,87.5,-1.7981627467587364,-101.61290322580628,90000.0,-1.0
91000.0,391.6405105,-1.0131768015627232E-10,91000.0,99.3,45.904173106646276,65.0,91000.0,-1.0
92000.0,395.4313348,-1.022983691137698E-10,92000.0,98.9,26.411560074926705,57.692307692307686,92000.0,-1.0
93000.0,398.7697562,-1.0316202111749185E-10,93000.0,97.1,16.685819351873203,51.66666666666667,93000.0,-1.0
94000.0,401.5621741,-1.0388442162527806E-10,94000.0,98.0,16.226857669430935,52.38095238095239,94000.0,-1.0
95000.0,403.7773883,-1.0445749912307494E-10,95000.0,97.39999999999999,6.963429471122885,50.0,95000.0,-1.0
96000.0,406.4762056,-1.0515568508870072E-10,96000.0,98.3,25.69930069930103,55.26315789473685,96000.0,-1.0
97000.0,408.3638177,-1.0564401168893609E-10,97000.0,97.5,13.470856984632434,53.70370370370371,97000.0,-1.0
98000.0,411.8738402,-1.0655205701995227E-10,98000.0,87.0,1.2593233985021328,-62.500000000000085,98000.0,-1.0
99000.0,417.8330784,-1.0809371620416641E-10,99000.0,99.2,33.11036789297637,60.0,99000.0,-1.0
100000.0,420.5318957,-1.0879190216979219E-10,100000.0,98.8,44.97432134996339,62.5,100000.0,-1.0
101000.0,422.6223091,-1.0933269361137516E-10,101000.0,98.1,17.088497119916312,50.0,101000.0,-1.0
102000.0,425.3835268,-1.1004702260510788E-10,102000.0,98.2,24.60417190248784,55.00000000000001,102000.0,-1.0
103000.0,427.1463381,-1.1050306314912934E-10,103000.0,97.3,0.0,48.07692307692308,103000.0,-1.0
104000.0,428.9559497,-1.1097121096423102E-10,104000.0,97.8,14.933106488284063,50.0,104000.0,-1.0
105000.0,430.1103571,-1.1126985698420967E-10,105000.0,97.0,-0.5429318318922022,42.30769230769231,105000.0,-1.0
106000.0,432.6063731,-1.1191557810848785E-10,106000.0,85.8,-0.2131293313949558,-47.91666666666672,106000.0,-1.0
107000.0,437.0836018,-1.1307384037516182E-10,107000.0,99.1,30.534115467737315,59.09090909090909,107000.0,-1.0
108000.0,440.4532234,-1.1394556389293736E-10,108000.0,98.7,13.031843724913376,45.83333333333333,108000.0,-1.0
109000.0,443.9008455,-1.1483746619584659E-10,109000.0,98.3,10.356464880827184,46.875,109000.0,-1.0
110000.0,447.2704671,-1.1570918971362213E-10,110000.0,98.3,18.753584400688343,52.77777777777778,110000.0,-1.0
111000.0,448.814877,-1.1610872965926925E-10,111000.0,97.89999999999999,0.0,47.5,111000.0,-1.0
112000.0,450.2500862,-1.164800193057292E-10,112000.0,98.0,8.91702340832458,50.0,112000.0,-1.0
113000.0,452.2312989,-1.16992560448125E-10,113000.0,97.7,7.66018949735032,47.72727272727273,113000.0,-1.0
114000.0,453.6977083,-1.1737192160863843E-10,114000.0,85.1,-1.222826086956538,-33.03571428571432,114000.0,-1.0
115000.0,458.0501362,-1.184978978190985E-10,115000.0,98.9,26.411560074926705,57.692307692307686,115000.0,-1.0
116000.0,461.0453554,-1.192727631682323E-10,116000.0,98.9,34.78776381313722,50.0,116000.0,-1.0
117000.0,463.7597728,-1.199749848908848E-10,117000.0,98.3,10.356464880827184,50.0,117000.0,-1.0
118000.0,465.7253854,-1.2048349027625386E-10,118000.0,98.2,24.60417190248784,57.14285714285714,118000.0,-1.0
119000.0,467.8625991,-1.2103638898891705E-10,119000.0,98.4,32.88590604026863,60.0,119000.0,-1.0
120000.0,469.9686126,-1.2158121618752677E-10,120000.0,97.89999999999999,15.689738236711163,52.27272727272727,120000.0,-1.0
121000.0,472.1682267,-1.221502579282969E-10,121000.0,98.4,26.793557833089576,55.55555555555556,121000.0,-1.0
122000.0,474.2898403,-1.2269912088393335E-10,122000.0,95.19999999999999,13.49792755451431,50.515463917525715,122000.0,-1.0
123000.0,477.3162597,-1.2348205774712063E-10,123000.0,87.7,2.6898734177215724,-89.23076923076938,123000.0,-1.0
124000.0,481.3878858,-1.2453539033109941E-10,124000.0,99.6,49.849548645937666,66.66666666666666,124000.0,-1.0
125000.0,483.2286976,-1.2501160966025456E-10,125000.0,98.5,11.221590909090363,37.5,125000.0,-1.0
126000.0,484.5703062,-1.2535868476455408E-10,126000.0,97.89999999999999,15.55412578414019,50.0,126000.0,-1.0
127000.0,486.5983192,-1.258833331780301E-10,127000.0,98.6,21.944692239071976,56.25,127000.0,-1.0
128000.0,488.28313,-1.2631919493691785E-10,128000.0,97.7,14.358057789693426,52.083333333333336,128000.0,-1.0
129000.0,489.7963397,-1.267106633685115E-10,129000.0,98.1,9.351145038167767,50.0,129000.0,-1.0
130000.0,491.2939493,-1.270980960430784E-10,130000.0,96.6,10.02910822969029,48.4848484848484,130000.0,-1.0
131000.0,493.8211655,-1.2775188868141004E-10,131000.0,86.1,-0.9382170970459751,-57.954545454545524,131000.0,-1.0
132000.0,496.7227841,-1.2850253948838343E-10,132000.0,99.0,28.32568807339425,58.333333333333336,132000.0,-1.0
133000.0,499.3280008,-1.2917651091184878E-10,133000.0,98.8,13.87971867374829,40.0,133000.0,-1.0
134000.0,500.4668081,-1.294711211748007E-10,134000.0,98.5,11.326554741073682,42.30769230769231,134000.0,-1.0
135000.0,502.2452195,-1.299311974758489E-10,135000.0,98.5,20.76906824424273,55.88235294117647,135000.0,-1.0
136000.0,504.0548311,-1.3039934529095058E-10,136000.0,98.6,29.54911433172336,56.25,136000.0,-1.0
137000.0,505.755242,-1.3083924280686508E-10,137000.0,98.0,16.359986617597553,52.38095238095239,137000.0,-1.0
138000.0,507.2216514,-1.312186039673785E-10,138000.0,97.5,13.32686173900971,47.91666666666667,138000.0,-1.0
139000.0,508.5008596,-1.3154953604357108E-10,139000.0,85.7,3.2947413979657996,-43.00000000000005,139000.0,-1.0
140000.0,511.3400778,-1.322840438224375E-10,140000.0,98.6,12.335629304946917,53.333333333333336,140000.0,-1.0
141000.0,513.1340893,-1.3274815588051244E-10,141000.0,98.9,14.860681114550555,31.25,141000.0,-1.0
142000.0,515.271303,-1.3330105459317563E-10,142000.0,98.8,24.632583846250363,45.45454545454545,142000.0,-1.0
143000.0,517.1589151,-1.33789381193411E-10,143000.0,98.2,17.883211678831817,55.00000000000001,143000.0,-1.0
144000.0,518.6877249,-1.3418488538203137E-10,144000.0,98.5,11.598302687411431,51.61290322580645,144000.0,-1.0
145000.0,519.951333,-1.345117817011972E-10,145000.0,98.0,16.226857669430935,51.21951219512195,145000.0,-1.0
146000.0,521.1369406,-1.3481849923522933E-10,146000.0,97.5,13.32686173900971,50.0,146000.0,-1.0
147000.0,522.4317489,-1.3515346706844864E-10,147000.0,95.7,26.096521380448323,55.20833333333328,147000.0,-1.0
148000.0,524.0697594,-1.355772215562562E-10,148000.0,89.0,5.304660732425407,-205.55555555555526,148000.0,-1.0
149000.0,526.0509721,-1.36089762698652E-10,149000.0,99.4,39.710610932475596,50.0,149000.0,-1.0
150000.0,527.1897794,-1.3638437296160391E-10,150000.0,99.2,42.48741912293346,50.0,150000.0,-1.0
151000.0,528.5001878,-1.3672337655184996E-10,151000.0,98.4,26.89390477931115,57.89473684210527,151000.0,-1.0
152000.0,530.0601978,-1.371269522545238E-10,152000.0,99.0,37.067337948395,54.54545454545454,152000.0,-1.0
153000.0,531.1366047,-1.3740541948936878E-10,153000.0,97.89999999999999,21.68854415274474,50.0,153000.0,-1.0
154000.0,532.3534125,-1.3772020853745438E-10,154000.0,98.2,17.755642876725044,52.63157894736842,154000.0,-1.0
155000.0,533.8198219,-1.380995696979678E-10,155000.0,96.0,22.25159384232607,54.54545454545448,155000.0,-1.0
156000.0,535.3330316,-1.3849103812956145E-10,156000.0,87.6,1.6076047799661037,-129.62962962962942,156000.0,-1.0
157000.0,537.7042468,-1.391044731976257E-10,157000.0,99.0,16.387959866220456,44.44444444444444,157000.0,-1.0
158000.0,539.3890576,-1.3954033495651347E-10,158000.0,98.8,32.727884291961004,25.0,158000.0,-1.0
159000.0,540.5278649,-1.398349452194654E-10,159000.0,98.4,10.942892129577649,52.94117647058824,159000.0,-1.0
160000.0,542.2750761,-1.4028695000646012E-10,160000.0,99.2,42.58647911583219,63.63636363636363,160000.0,-1.0
161000.0,543.507484,-1.4060577481157246E-10,161000.0,98.4,26.89390477931115,55.55555555555556,161000.0,-1.0
162000.0,544.5838909,-1.4088424204641744E-10,162000.0,98.4,26.89390477931115,55.55555555555556,162000.0,-1.0
163000.0,545.7226982,-1.4117885230936936E-10,163000.0,97.0,11.137440758293792,46.42857142857143,163000.0,-1.0
164000.0,547.2827082,-1.415824280120432E-10,164000.0,86.6,1.1464065981085432,-67.5000000000001,164000.0,-1.0
165000.0,549.5603228,-1.4217164853794704E-10,165000.0,98.7,23.149680775597194,50.0,165000.0,-1.0
166000.0,551.1671331,-1.4258733151170113E-10,166000.0,99.1,30.340557275541364,10.0,166000.0,-1.0
167000.0,552.2123398,-1.428577272324926E-10,167000.0,98.9,15.22811344019713,54.166666666666664,167000.0,-1.0
168000.0,553.3199469,-1.4314426598139105E-10,168000.0,98.4,10.664433277498986,46.666666666666664,168000.0,-1.0
169000.0,554.4431541,-1.4343484048731623E-10,169000.0,99.2,42.58647911583219,63.63636363636363,169000.0,-1.0
170000.0,555.4883608,-1.437052362081077E-10,170000.0,98.1,17.088497119916312,50.0,170000.0,-1.0
171000.0,556.6739684,-1.4401195374213984E-10,171000.0,97.5,13.32686173900971,48.97959183673469,171000.0,-1.0
172000.0,558.1247777,-1.4438727914562653E-10,172000.0,95.6,11.500864877911612,53.68421052631574,172000.0,-1.0
173000.0,559.9343893,-1.448554269607282E-10,173000.0,88.3,-0.034199726402223,-244.1176470588232,173000.0,-1.0
174000.0,562.7892076,-1.4559397049662137E-10,174000.0,99.1,17.763157894736423,35.714285714285715,174000.0,-1.0
175000.0,563.7564138,-1.4584418743227916E-10,175000.0,98.9,14.860681114550555,21.428571428571427,175000.0,-1.0
176000.0,565.0044218,-1.4616704799441826E-10,176000.0,98.7,13.171253005610955,53.57142857142857,176000.0,-1.0
177000.0,566.4552311,-1.4654237339790496E-10,177000.0,99.4,39.807383627608154,62.5,177000.0,-1.0
178000.0,567.9060404,-1.4691769880139165E-10,178000.0,98.2,17.64275256222577,47.05882352941176,178000.0,-1.0
179000.0,569.5128507,-1.4733338177514573E-10,179000.0,98.3,25.50394390885166,52.77777777777778,179000.0,-1.0
180000.0,571.1664613,-1.4776117201998002E-10,180000.0,96.3,20.566766852726346,54.878048780487745,180000.0,-1.0
181000.0,572.9448727,-1.4822124832102823E-10,181000.0,88.1,2.3789991796553775,-158.6956521739128,181000.0,-1.0
182000.0,576.5952961,-1.4916561546528506E-10,182000.0,99.0,37.12273641851069,54.54545454545454,182000.0,-1.0
183000.0,577.9057045,-1.495046190555311E-10,183000.0,98.9,26.11499193981785,8.333333333333332,183000.0,-1.0
184000.0,579.8089167,-1.4999698141279322E-10,184000.0,98.6,12.192674360260606,50.0,184000.0,-1.0
185000.0,581.88373,-1.5053373709734947E-10,185000.0,99.6,66.48793565683629,75.0,185000.0,-1.0
186000.0,582.975737,-1.5081624008922118E-10,186000.0,98.5,28.20218265364734,55.88235294117647,186000.0,-1.0
187000.0,583.9897435,-1.5107856429595918E-10,187000.0,98.4,19.710959454034235,55.55555555555556,187000.0,-1.0
188000.0,585.2689517,-1.5140949637215175E-10,188000.0,97.8,20.886075949367175,52.17391304347826,188000.0,-1.0
189000.0,586.8913621,-1.5182921510293257E-10,189000.0,86.6,0.07159050232676287,-83.56164383561656,189000.0,-1.0
190000.0,590.4793851,-1.5275743921908246E-10,190000.0,99.1,39.710610932475596,60.86956521739131,190000.0,-1.0
191000.0,592.2265963,-1.532094440060772E-10,191000.0,99.2,32.942162615255576,20.0,191000.0,-1.0
192000.0,593.6462054,-1.535766978955104E-10,192000.0,98.9,26.31296891747017,50.0,192000.0,-1.0
193000.0,595.2530157,-1.539923808692645E-10,193000.0,99.7,72.58771929824547,78.57142857142857,193000.0,-1.0
194000.0,597.1406278,-1.5448070746949985E-10,194000.0,99.2,33.11036789297637,60.0,194000.0,-1.0
195000.0,598.7162379,-1.5488831892920046E-10,195000.0,98.2,17.883211678831817,52.63157894736842,195000.0,-1.0
196000.0,600.2294476,-1.552797873607941E-10,196000.0,97.7,20.13888888888895,52.083333333333336,196000.0,-1.0
197000.0,603.9110712,-1.562322260191044E-10,197000.0,95.89999999999999,14.874179885391476,44.59459459459451,197000.0,-1.0
198000.0,607.6550952,-1.5720080770552167E-10,198000.0,89.8,1.9984627209839358,-466.66666666666606,198000.0,-1.0
199000.0,610.3071122,-1.5788688640006723E-10,199000.0,99.4,49.706621961441684,40.0,199000.0,-1.0
200000.0,611.8827223,-1.5829449785976784E-10,200000.0,99.2,33.031977230872265,50.0,200000.0,-1.0
201000.0,613.3023314,-1.5866175174920106E-10,201000.0,99.4,49.7739829231542,66.66666666666666,201000.0,-1.0
202000.0,615.111943,-1.5912989956430274E-10,202000.0,99.5,54.34623813002172,68.75,202000.0,-1.0
203000.0,616.6563529,-1.5952943950994985E-10,203000.0,98.6,35.94436310395338,58.82352941176471,203000.0,-1.0
204000.0,617.8887608,-1.598482643150622E-10,204000.0,98.3,18.62914034080032,52.77777777777778,204000.0,-1.0
205000.0,619.167969,-1.6017919639125476E-10,205000.0,97.2,29.278642149929347,56.24999999999992,205000.0,-1.0
206000.0,621.0243809,-1.6065945147743665E-10,206000.0,88.5,0.034770514603650896,-187.49999999999974,206000.0,-1.0
207000.0,624.7684049,-1.6162803316385392E-10,207000.0,99.7,57.02005730659082,70.0,207000.0,-1.0
208000.0,626.2660145,-1.6201546583842082E-10,208000.0,98.9,26.23390557939871,50.0,208000.0,-1.0
209000.0,627.8260245,-1.6241904154109467E-10,209000.0,99.2,-0.17530678687651396,42.857142857142854,209000.0,-1.0
210000.0,629.7604369,-1.6291947541241026E-10,210000.0,99.5,28.4487693188333,58.333333333333336,210000.0,-1.0
211000.0,631.2892467,-1.6331497960103064E-10,211000.0,98.5,28.20218265364734,55.88235294117647,211000.0,-1.0
212000.0,632.7712562,-1.636983765185708E-10,212000.0,98.6,12.071347820625427,46.15384615384615,212000.0,-1.0
213000.0,634.1596651,-1.6405755889395053E-10,213000.0,98.3,40.8160423339369,63.04347826086957,213000.0,-1.0
214000.0,636.3592792,-1.6462660063472066E-10,214000.0,88.3,3.782894736842056,-143.74999999999977,214000.0,-1.0
215000.0,640.1345034,-1.656032538351914E-10,215000.0,99.3,45.8539603960393,61.111111111111114,215000.0,-1.0
216000.0,642.0533157,-1.6609965194948026E-10,216000.0,99.4,24.698795180722588,25.0,216000.0,-1.0
217000.0,643.660126,-1.6651533492323434E-10,217000.0,99.1,18.032786885246583,55.00000000000001,217000.0,-1.0
218000.0,645.5009378,-1.669915542523895E-10,218000.0,99.2,19.85574033259809,55.55555555555556,218000.0,-1.0
219000.0,646.6085449,-1.6727809300128794E-10,219000.0,99.3,36.15468807004786,61.111111111111114,219000.0,-1.0
220000.0,647.872153,-1.6760498932045378E-10,220000.0,98.7,31.144067796610543,53.57142857142857,220000.0,-1.0
221000.0,649.1513612,-1.6793592139664635E-10,221000.0,98.6,35.86807146129179,58.82352941176471,221000.0,-1.0
222000.0,651.3509753,-1.6850496313741648E-10,222000.0,89.3,6.7814329523278625,-52.85714285714293,222000.0,-1.0
223000.0,653.488189,-1.6905786185007967E-10,223000.0,97.0,4.942965779467694,-50.0,223000.0,-1.0
224000.0,655.6566029,-1.6961883207679633E-10,224000.0,99.3,36.01462522851949,41.66666666666667,224000.0,-1.0
225000.0,657.0450118,-1.6997801445217605E-10,225000.0,99.3,22.083704363312417,56.25,225000.0,-1.0
226000.0,659.2446259,-1.7054705619294619E-10,226000.0,99.4,0.0,50.0,226000.0,-1.0
227000.0,661.2258386,-1.71059597335342E-10,227000.0,99.2,19.85574033259809,55.55555555555556,227000.0,-1.0
228000.0,663.3474522,-1.7160846029097844E-10,228000.0,99.0,37.193819871875306,61.53846153846154,228000.0,-1.0
229000.0,665.032263,-1.720443220498662E-10,229000.0,98.3,-0.49657129344982726,39.285714285714285,229000.0,-1.0
230000.0,667.2474772,-1.7261739954766307E-10,230000.0,97.7,29.706601466992545,57.407407407407405,230000.0,-1.0
231000.0,669.5874922,-1.7322276310167386E-10,231000.0,89.2,-0.16508690248744368,-390.90909090909037,231000.0,-1.0
232000.0,671.8495067,-1.7380794787055096E-10,232000.0,99.2,19.614147909967457,33.33333333333333,232000.0,-1.0
233000.0,673.6435182,-1.742720599286259E-10,233000.0,99.4,24.868519909842615,57.14285714285714,233000.0,-1.0
234000.0,675.2971288,-1.746998501734602E-10,234000.0,99.5,0.0,50.0,234000.0,-1.0
235000.0,677.2783415,-1.75212391315856E-10,235000.0,99.1,18.032786885246583,55.00000000000001,235000.0,-1.0
236000.0,678.6979506,-1.7557964520528922E-10,236000.0,99.2,42.58647911583219,60.0,236000.0,-1.0
237000.0,680.2267604,-1.759751493939096E-10,237000.0,98.6,11.971830985914963,41.66666666666667,237000.0,-1.0
238000.0,681.6463695,-1.7634240328334282E-10,238000.0,97.8,30.664985817838026,57.692307692307686,238000.0,-1.0
239000.0,683.4715812,-1.7681458685547123E-10,239000.0,88.9,-0.7003665130456825,-296.42857142857105,239000.0,-1.0
240000.0,684.8599901,-1.7717376923085095E-10,240000.0,99.7,66.517857142857,62.5,240000.0,-1.0
241000.0,685.9987974,-1.7746837949380287E-10,241000.0,98.9,14.91336633663319,38.88888888888889,241000.0,-1.0
242000.0,687.5276072,-1.7786388368242325E-10,242000.0,99.7,57.02005730659082,70.0,242000.0,-1.0
243000.0,689.3216187,-1.783279957404982E-10,243000.0,99.1,18.032786885246583,55.00000000000001,243000.0,-1.0
244000.0,690.4292258,-1.7861453448939664E-10,244000.0,99.1,46.73295454545422,62.5,244000.0,-1.0
245000.0,691.5212328,-1.7889703748126835E-10,245000.0,98.8,13.793103448275367,40.0,245000.0,-1.0
246000.0,693.2372438,-1.7934097075420958E-10,246000.0,98.2,30.297397769516856,55.00000000000001,246000.0,-1.0
247000.0,695.4680581,-1.799180840090332E-10,247000.0,88.4,-1.3986013986014394,-222.22222222222192,247000.0,-1.0
248000.0,696.9968679,-1.8031358819765357E-10,248000.0,99.6,59.79899497487394,60.0,248000.0,-1.0
249000.0,698.3228764,-1.8065662754492635E-10,249000.0,99.1,17.763157894736423,35.714285714285715,249000.0,-1.0
250000.0,699.5552843,-1.8097545235003868E-10,250000.0,99.7,56.99541284403655,62.5,250000.0,-1.0
251000.0,700.6160911,-1.812498838278569E-10,251000.0,99.4,39.807383627608154,62.5,251000.0,-1.0
252000.0,701.8016987,-1.8155660136188902E-10,252000.0,98.8,32.91592128801473,53.84615384615385,252000.0,-1.0
253000.0,703.2213078,-1.8192385525132225E-10,253000.0,99.1,30.340557275541364,43.75,253000.0,-1.0
254000.0,704.4537157,-1.8224268005643458E-10,254000.0,98.1,23.596589995174458,52.5,254000.0,-1.0
255000.0,705.6081231,-1.8254132607641324E-10,255000.0,88.2,-3.293124879637287,-210.52631578947341,255000.0,-1.0
256000.0,707.0901326,-1.829247229939534E-10,256000.0,99.7,56.99541284403655,62.5,256000.0,-1.0
257000.0,708.2913403,-1.8323547628501227E-10,257000.0,99.0,16.219839142090702,37.5,257000.0,-1.0
258000.0,709.3677472,-1.8351394351985725E-10,258000.0,99.3,21.874999999999652,30.0,258000.0,-1.0
259000.0,710.6313553,-1.8384083983902308E-10,259000.0,99.0,-0.32102728731974395,37.5,259000.0,-1.0
260000.0,711.9261636,-1.841758076722424E-10,260000.0,98.8,32.99832495812424,60.0,260000.0,-1.0
261000.0,713.3145725,-1.845349900476221E-10,261000.0,99.0,28.078250863060493,37.5,261000.0,-1.0
262000.0,714.4377797,-1.848255645535473E-10,262000.0,98.4,19.710959454034235,52.94117647058824,262000.0,-1.0
263000.0,716.1537907,-1.8526949782648853E-10,263000.0,87.8,-2.081799317223414,-190.47619047619023,263000.0,-1.0
264000.0,717.5889999,-1.856407874729485E-10,264000.0,99.5,54.29616087751392,50.0,264000.0,-1.0
265000.0,718.8838082,-1.859757553061678E-10,265000.0,99.1,17.763157894736423,35.714285714285715,265000.0,-1.0
266000.0,720.0694158,-1.8628247284019993E-10,266000.0,99.4,39.710610932475596,25.0,266000.0,-1.0
267000.0,721.3642241,-1.8661744067341923E-10,267000.0,99.1,17.823228634039083,43.75,267000.0,-1.0
268000.0,722.6278322,-1.8694433699258507E-10,268000.0,98.9,34.9728068101207,60.71428571428571,268000.0,-1.0
269000.0,723.8758402,-1.8726719755472417E-10,269000.0,98.9,34.834123222749206,54.166666666666664,269000.0,-1.0
270000.0,725.092648,-1.8758198660280977E-10,270000.0,98.9,34.89583333333293,57.692307692307686,270000.0,-1.0
271000.0,726.4342566,-1.8792906170710928E-10,271000.0,86.9,0.6522068860913715,-104.68750000000017,271000.0,-1.0
272000.0,729.0082731,-1.8859496161652116E-10,272000.0,99.8,66.56636576395813,66.66666666666666,272000.0,-1.0
273000.0,731.020686,-1.8911557427297044E-10,273000.0,99.3,36.0847333820304,56.25,273000.0,-1.0
274000.0,732.7990974,-1.8957565057401864E-10,274000.0,99.5,44.19642857142832,50.0,274000.0,-1.0
275000.0,734.2343066,-1.899469402204786E-10,275000.0,99.1,-0.40160642570197064,25.0,275000.0,-1.0
276000.0,736.012718,-1.904070165215268E-10,276000.0,98.9,-0.1821493624764007,45.0,276000.0,-1.0
277000.0,737.2763261,-1.9073391284069264E-10,277000.0,98.5,20.55084745762755,50.0,277000.0,-1.0
278000.0,738.5867345,-1.9107291643093868E-10,278000.0,98.8,24.547283702212823,50.0,278000.0,-1.0
279000.0,740.9267495,-1.9167827998494947E-10,279000.0,87.7,-3.88513513513508,-167.39130434782587,279000.0,-1.0
280000.0,743.2823646,-1.92287679295987E-10,280000.0,99.8,66.56636576395813,66.66666666666666,280000.0,-1.0
281000.0,745.2791774,-1.9280425619540953E-10,281000.0,99.3,21.97949175211842,50.0,281000.0,-1.0
282000.0,747.0419887,-1.93260296739431E-10,282000.0,99.4,39.710610932475596,25.0,282000.0,-1.0
283000.0,749.1012019,-1.9379301666696048E-10,283000.0,99.2,19.662582847960653,42.857142857142854,283000.0,-1.0
284000.0,750.5052109,-1.9415623479936694E-10,284000.0,98.8,0.0,50.0,284000.0,-1.0
285000.0,751.6284181,-1.9444680930529212E-10,285000.0,98.5,11.221590909090363,42.30769230769231,285000.0,-1.0
286000.0,753.5316303,-1.9493917166255424E-10,286000.0,98.6,12.192674360260606,50.0,286000.0,-1.0
287000.0,755.6532439,-1.954880346181907E-10,287000.0,87.8,-2.081799317223414,-177.27272727272702,287000.0,-1.0
288000.0,758.1492599,-1.9613375574246887E-10,288000.0,99.7,66.517857142857,70.0,288000.0,-1.0
289000.0,759.6936698,-1.9653329568811598E-10,289000.0,99.3,-0.1717229536333829,41.66666666666667,289000.0,-1.0
290000.0,760.9416778,-1.9685615625025508E-10,290000.0,99.5,44.19642857142832,37.5,290000.0,-1.0
291000.0,762.84489,-1.973485186075172E-10,291000.0,99.2,19.614147909967457,33.33333333333333,291000.0,-1.0
292000.0,765.1537048,-1.979458106474745E-10,292000.0,99.2,19.85574033259809,55.55555555555556,292000.0,-1.0
293000.0,766.9165161,-1.9840185119149598E-10,293000.0,98.6,29.471032745591604,53.333333333333336,293000.0,-1.0
294000.0,768.5233264,-1.9881753416525006E-10,294000.0,98.9,26.31296891747017,54.166666666666664,294000.0,-1.0
295000.0,770.956942,-1.994471122614213E-10,295000.0,87.7,-3.88513513513508,-167.39130434782587,295000.0,-1.0
296000.0,773.2033564,-2.0002826127327166E-10,296000.0,99.7,56.99541284403655,62.5,296000.0,-1.0
297000.0,775.2469695,-2.005569454437744E-10,297000.0,99.4,24.774322968906496,50.0,297000.0,-1.0
298000.0,777.352983,-2.0110177264238412E-10,298000.0,99.4,39.69849246231092,40.0,298000.0,-1.0
299000.0,779.4277963,-2.0163852832694036E-10,299000.0,99.1,-0.40160642570197064,25.0,299000.0,-1.0
300000.0,781.4870095,-2.0217124825446984E-10,300000.0,99.0,0.0,50.0,300000.0,-1.0
301000.0,783.593023,-2.0271607545307956E-10,301000.0,98.3,9.862142099681728,39.285714285714285,301000.0,-1.0
302000.0,785.5118353,-2.0321247356736842E-10,302000.0,98.6,12.192674360260606,50.0,302000.0,-1.0
303000.0,787.5242482,-2.037330862238177E-10,303000.0,87.8,0.8194588969822277,-154.16666666666643,303000.0,-1.0
304000.0,789.7082622,-2.042980922075611E-10,304000.0,99.7,66.517857142857,70.0,304000.0,-1.0
305000.0,791.6270745,-2.0479449032184995E-10,305000.0,99.3,-0.2865329512880903,30.0,305000.0,-1.0
306000.0,793.8266886,-2.0536353206262008E-10,306000.0,99.4,39.710610932475596,25.0,306000.0,-1.0
307000.0,796.7595074,-2.0612225438364694E-10,307000.0,99.2,-0.3009027081246747,33.33333333333333,307000.0,-1.0
308000.0,798.9435214,-2.0668726036739034E-10,308000.0,99.0,0.0,50.0,308000.0,-1.0
309000.0,800.6751325,-2.071352293973583E-10,309000.0,98.4,10.464465584779143,38.46153846153847,309000.0,-1.0
310000.0,802.2195424,-2.0753476934300542E-10,310000.0,98.8,14.126234435379489,53.84615384615385,310000.0,-1.0
311000.0,804.8871595,-2.0822488379457772E-10,311000.0,88.1,-1.7441860465116643,-197.49999999999972,311000.0,-1.0
312000.0,807.2895749,-2.0884639037669547E-10,312000.0,99.5,44.19642857142832,50.0,312000.0,-1.0
313000.0,809.3799883,-2.0938718181827845E-10,313000.0,99.5,-0.16025641025657064,37.5,313000.0,-1.0
314000.0,811.7824037,-2.100086884003962E-10,314000.0,99.2,19.59798994974789,20.0,314000.0,-1.0
315000.0,813.7324162,-2.1051315802873853E-10,315000.0,99.2,32.942162615255576,42.857142857142854,315000.0,-1.0
316000.0,815.7448291,-2.110337706851878E-10,316000.0,99.1,18.032786885246583,55.00000000000001,316000.0,-1.0
317000.0,817.1800383,-2.1140506033164777E-10,317000.0,98.4,19.39546599496183,42.857142857142854,317000.0,-1.0
318000.0,818.3656459,-2.117117778656799E-10,318000.0,98.7,12.915326902464747,45.83333333333333,318000.0,-1.0
319000.0,820.7056609,-2.1231714141969068E-10,319000.0,87.5,1.5499968495998757,-115.51724137931015,319000.0,-1.0
320000.0,822.9520753,-2.1289829043154105E-10,320000.0,99.7,39.85565356856575,50.0,320000.0,-1.0
321000.0,824.8864877,-2.1339872430285664E-10,321000.0,99.4,24.717691342534746,40.0,321000.0,-1.0
322000.0,826.8833005,-2.1391530120227918E-10,322000.0,99.5,28.32568807339425,37.5,322000.0,-1.0
323000.0,828.989314,-2.144601284008889E-10,323000.0,99.1,17.763157894736423,35.714285714285715,323000.0,-1.0
324000.0,831.48533,-2.1510584952516707E-10,324000.0,99.2,0.0,50.0,324000.0,-1.0
325000.0,833.6537439,-2.1566681975188373E-10,325000.0,98.7,12.821888412016651,40.909090909090914,325000.0,-1.0
326000.0,835.4789556,-2.1613900332401214E-10,326000.0,99.0,16.387959866220456,50.0,326000.0,-1.0
327000.0,837.5381688,-2.1667172325154162E-10,327000.0,87.3,-2.964067972499762,-126.78571428571408,327000.0,-1.0
328000.0,839.6285822,-2.172125146931246E-10,328000.0,99.6,33.15508021390357,50.0,328000.0,-1.0
329000.0,841.9061968,-2.1780173521902844E-10,329000.0,99.6,-0.1502253380057689,33.33333333333333,329000.0,-1.0
330000.0,843.7938089,-2.182900618192638E-10,330000.0,99.6,33.15508021390357,50.0,330000.0,-1.0
331000.0,846.1338239,-2.1889542537327459E-10,331000.0,99.1,-0.40160642570197064,25.0,331000.0,-1.0
332000.0,848.1930371,-2.1942814530080407E-10,332000.0,99.0,0.0,50.0,332000.0,-1.0
333000.0,850.20545,-2.1994875795725334E-10,333000.0,98.3,9.862142099681728,39.285714285714285,333000.0,-1.0
334000.0,852.3426637,-2.2050165666991653E-10,334000.0,99.1,18.032786885246583,55.00000000000001,334000.0,-1.0
335000.0,855.353483,-2.2128055777607707E-10,335000.0,88.1,-0.3745065622995787,-170.45454545454518,335000.0,-1.0
336000.0,857.6622978,-2.2187784981603439E-10,336000.0,99.5,44.19642857142832,50.0,336000.0,-1.0
337000.0,860.0959134,-2.2250742791220561E-10,337000.0,99.5,28.366762177651367,50.0,337000.0,-1.0
338000.0,862.3111276,-2.2308050541000248E-10,338000.0,99.6,-0.20040080160340706,0.0,338000.0,-1.0
339000.0,864.2611401,-2.235849750383448E-10,339000.0,98.9,14.860681114550555,31.25,339000.0,-1.0
340000.0,865.80555,-2.2398451498399192E-10,340000.0,98.9,-0.1821493624764007,45.0,340000.0,-1.0
341000.0,868.0207642,-2.245575924817888E-10,341000.0,98.2,24.19137466307267,40.0,341000.0,-1.0
342000.0,869.861576,-2.2503381181094394E-10,342000.0,98.8,32.99832495812424,60.0,342000.0,-1.0
343000.0,872.04559,-2.2559881779468734E-10,343000.0,88.2,-1.5822730324891157,-210.52631578947341,343000.0,-1.0
344000.0,873.9332021,-2.260871443949227E-10,344000.0,99.5,28.32568807339425,37.5,344000.0,-1.0
345000.0,876.0548157,-2.2663600735055915E-10,345000.0,99.4,24.774322968906496,50.0,345000.0,-1.0
346000.0,878.4260309,-2.272494424186234E-10,346000.0,99.5,-0.16025641025657064,-150.0,346000.0,-1.0
347000.0,880.5632446,-2.278023411312866E-10,347000.0,99.0,16.219839142090702,37.5,347000.0,-1.0
348000.0,882.185655,-2.2822205986206741E-10,348000.0,99.0,16.513608281850292,54.54545454545454,348000.0,-1.0
349000.0,884.0888672,-2.2871442221932954E-10,349000.0,98.7,12.751677852349058,35.0,349000.0,-1.0
350000.0,885.9920794,-2.2920678457659166E-10,350000.0,98.4,10.942892129577649,52.94117647058824,350000.0,-1.0
351000.0,887.8952916,-2.2969914693385378E-10,351000.0,88.5,-1.0829055621966623,-259.37499999999966,351000.0,-1.0
352000.0,890.3289072,-2.30328725030025E-10,352000.0,99.4,39.69849246231092,40.0,352000.0,-1.0
353000.0,892.5129212,-2.308937310137684E-10,353000.0,99.4,24.774322968906496,50.0,353000.0,-1.0
354000.0,895.0089372,-2.3153945213804657E-10,354000.0,99.2,-0.3764115432870059,-33.33333333333333,354000.0,-1.0
355000.0,897.4425528,-2.321690302342178E-10,355000.0,99.1,17.763157894736423,35.714285714285715,355000.0,-1.0
356000.0,899.4705658,-2.326936786476938E-10,356000.0,99.2,0.0,50.0,356000.0,-1.0
357000.0,901.7481804,-2.3328289917359765E-10,357000.0,98.6,11.971830985914963,41.66666666666667,357000.0,-1.0
358000.0,903.9165943,-2.3384386940031434E-10,358000.0,98.6,12.335629304946917,53.333333333333336,358000.0,-1.0
359000.0,906.2566093,-2.344492329543251E-10,359000.0,88.5,-1.0829055621966623,-259.37499999999966,359000.0,-1.0
360000.0,908.4874236,-2.3502634620914875E-10,360000.0,99.5,28.4487693188333,58.333333333333336,360000.0,-1.0
361000.0,910.6090372,-2.355752091647852E-10,361000.0,99.6,-0.1502253380057689,33.33333333333333,361000.0,-1.0
362000.0,912.6994506,-2.3611600060636813E-10,362000.0,98.9,14.860681114550555,31.25,362000.0,-1.0
363000.0,915.1174661,-2.367415429455126E-10,363000.0,98.8,24.480805538074,45.45454545454545,363000.0,-1.0
364000.0,916.8022769,-2.3717740470440036E-10,364000.0,99.3,21.97949175211842,50.0,364000.0,-1.0
365000.0,918.7366893,-2.3767783857571595E-10,365000.0,98.6,21.735241502683845,50.0,365000.0,-1.0
366000.0,920.8115026,-2.3821459426027217E-10,366000.0,98.5,20.65171392297886,53.125,366000.0,-1.0
367000.0,922.6835146,-2.386988851034808E-10,367000.0,87.6,1.6076047799661037,-113.79310344827567,367000.0,-1.0
368000.0,925.0547298,-2.393123201715451E-10,368000.0,99.6,33.222036727879065,60.0,368000.0,-1.0
369000.0,927.0047423,-2.398167897998874E-10,369000.0,99.3,-0.34403669724805136,12.5,369000.0,-1.0
370000.0,929.1263559,-2.4036565275552383E-10,370000.0,99.3,21.90986166889847,41.66666666666667,370000.0,-1.0
371000.0,931.3727703,-2.409468017673742E-10,371000.0,98.4,10.793933987510833,50.0,371000.0,-1.0
372000.0,933.197982,-2.4141898533950264E-10,372000.0,99.1,-0.40160642570197064,25.0,372000.0,-1.0
373000.0,935.537997,-2.420243488935134E-10,373000.0,98.8,-0.18367006177964945,45.45454545454545,373000.0,-1.0
374000.0,937.7532112,-2.425974263913103E-10,374000.0,98.5,20.65171392297886,50.0,374000.0,-1.0
375000.0,939.8280245,-2.4313418207586654E-10,375000.0,87.7,-3.88513513513508,-167.39130434782587,375000.0,-1.0
376000.0,941.8248373,-2.436507589752891E-10,376000.0,99.5,28.366762177651367,50.0,376000.0,-1.0
377000.0,943.6812492,-2.44131014061471E-10,377000.0,99.5,44.19642857142832,50.0,377000.0,-1.0
378000.0,946.1304649,-2.4476462791466893E-10,378000.0,99.1,17.823228634039083,43.75,378000.0,-1.0
379000.0,948.5328803,-2.4538613449678666E-10,379000.0,98.7,13.031843724913376,50.0,379000.0,-1.0
380000.0,950.7480945,-2.4595921199458355E-10,380000.0,98.9,-0.3283473184962122,31.25,380000.0,-1.0
381000.0,952.6513067,-2.4645157435184567E-10,381000.0,98.4,-0.35122930255930856,42.857142857142854,381000.0,-1.0
382000.0,954.72612,-2.469883300364019E-10,382000.0,98.7,23.149680775597194,50.0,382000.0,-1.0
383000.0,956.6761325,-2.474927996647442E-10,383000.0,90.2,-4.071533249792802,-88.46153846153825,383000.0,-1.0
384000.0,959.0473477,-2.481062347328085E-10,384000.0,96.6,-0.9980988593152643,-183.33333333333331,384000.0,-1.0
385000.0,961.2001615,-2.4866316920249843E-10,385000.0,99.5,54.29616087751392,58.333333333333336,385000.0,-1.0
386000.0,963.5089763,-2.4926046124245574E-10,386000.0,99.0,16.289971538590333,44.44444444444444,386000.0,-1.0
387000.0,965.7709908,-2.4984564601133284E-10,387000.0,98.8,13.9908256880731,50.0,387000.0,-1.0
388000.0,970.170219,-2.509837294928731E-10,388000.0,98.3,18.426103646833255,43.333333333333336,388000.0,-1.0
389000.0,972.4322335,-2.515689142617502E-10,389000.0,98.8,13.9908256880731,50.0,389000.0,-1.0
390000.0,974.6006474,-2.521298844884669E-10,390000.0,98.5,20.55084745762755,46.42857142857143,390000.0,-1.0
391000.0,976.6910608,-2.5267067593004985E-10,391000.0,97.1,11.789755444701267,51.66666666666667,391000.0,-1.0
392000.0,978.9998756,-2.5326796797000717E-10,392000.0,89.1,-1.8501214726220283,-444.9999999999995,392000.0,-1.0
393000.0,981.1526894,-2.538249024396971E-10,393000.0,99.4,39.74693713597049,57.14285714285714,393000.0,-1.0
394000.0,983.7891063,-2.5450694537721594E-10,394000.0,99.0,16.219839142090702,37.5,394000.0,-1.0
395000.0,985.9731203,-2.5507195136095936E-10,395000.0,98.8,13.9908256880731,50.0,395000.0,-1.0
396000.0,989.1711408,-2.558992815514408E-10,396000.0,98.4,-0.35122930255930856,38.46153846153847,396000.0,-1.0
397000.0,991.4487554,-2.5648850207734463E-10,397000.0,98.3,-0.18859028760037738,46.875,397000.0,-1.0
398000.0,993.8355707,-2.571059729024356E-10,398000.0,98.8,24.632583846250363,50.0,398000.0,-1.0
399000.0,996.1911858,-2.5771537221347314E-10,399000.0,98.1,23.596589995174458,54.761904761904766,399000.0,-1.0
400000.0,998.3127994,-2.5826423516910957E-10,400000.0,88.8,-2.3522745965310605,-330.7692307692304,400000.0,-1.0
401000.0,1000.4032128,-2.588050266106925E-10,401000.0,99.5,44.22132976349891,58.333333333333336,401000.0,-1.0
402000.0,1002.3220251,-2.593014247249814E-10,402000.0,99.0,16.387959866220456,50.0,402000.0,-1.0
403000.0,1004.4748389,-2.5985835919467133E-10,403000.0,98.6,12.071347820625427,46.15384615384615,403000.0,-1.0
404000.0,1006.7368534,-2.6044354396354844E-10,404000.0,98.6,11.971830985914963,41.66666666666667,404000.0,-1.0
405000.0,1009.3420701,-2.611175153870138E-10,405000.0,98.4,-0.35122930255930856,42.857142857142854,405000.0,-1.0
406000.0,1011.5416842,-2.6168655712778395E-10,406000.0,98.9,14.992272024729855,38.88888888888889,406000.0,-1.0
407000.0,1013.6476977,-2.6223138432639364E-10,407000.0,98.2,24.60417190248784,55.00000000000001,407000.0,-1.0
408000.0,1015.6289104,-2.6274392546878944E-10,408000.0,88.6,-1.0638297872341231,-256.24999999999966,408000.0,-1.0
409000.0,1017.4541221,-2.632161090409179E-10,409000.0,99.6,59.80707395498372,66.66666666666666,409000.0,-1.0
410000.0,1019.5289354,-2.637528647254741E-10,410000.0,99.2,19.743178170144205,50.0,410000.0,-1.0
411000.0,1021.9001506,-2.6436629979353835E-10,411000.0,98.5,-0.34787262509995137,42.30769230769231,411000.0,-1.0
412000.0,1024.2245655,-2.649676275905224E-10,412000.0,98.4,19.39546599496183,46.666666666666664,412000.0,-1.0
413000.0,1026.1433778,-2.6546402570481126E-10,413000.0,98.7,13.171253005610955,53.57142857142857,413000.0,-1.0
414000.0,1028.2493913,-2.6600885290342095E-10,414000.0,98.8,32.84834918858436,50.0,414000.0,-1.0
415000.0,1030.5894063,-2.6661421645743173E-10,415000.0,98.6,29.64116996683067,56.25,415000.0,-1.0
416000.0,1032.4458182,-2.6709447154361365E-10,416000.0,88.2,2.690043047286121,-156.52173913043455,416000.0,-1.0
417000.0,1034.3490304,-2.6758683390087577E-10,417000.0,99.5,44.27106553722744,64.28571428571429,417000.0,-1.0
418000.0,1036.4550439,-2.6813166109948546E-10,418000.0,99.1,17.823228634039083,43.75,418000.0,-1.0
419000.0,1038.7482586,-2.6872491738241603E-10,419000.0,98.9,15.097252238345607,50.0,419000.0,-1.0
420000.0,1040.6046705,-2.6920517246859794E-10,420000.0,97.8,20.680703778482716,50.0,420000.0,-1.0
421000.0,1041.8838787,-2.695361045447905E-10,421000.0,99.0,-0.1803245842523906,44.44444444444444,421000.0,-1.0
422000.0,1042.8510849,-2.697863214804483E-10,422000.0,99.0,28.233098894790242,54.54545454545454,422000.0,-1.0
423000.0,1044.6762966,-2.7025850505257675E-10,423000.0,98.7,31.144067796610543,53.57142857142857,423000.0,-1.0
424000.0,1046.7823101,-2.7080333225118644E-10,424000.0,87.6,-1.18649323519337,-138.46153846153825,424000.0,-1.0
425000.0,1048.7479227,-2.713118376365555E-10,425000.0,99.6,49.849548645937666,66.66666666666666,425000.0,-1.0
426000.0,1050.9319367,-2.7187684362029893E-10,426000.0,99.2,19.743178170144205,50.0,426000.0,-1.0
427000.0,1053.1315508,-2.724458853610691E-10,427000.0,98.8,13.9908256880731,50.0,427000.0,-1.0
428000.0,1054.878762,-2.728978901480638E-10,428000.0,98.4,26.793557833089576,55.55555555555556,428000.0,-1.0
429000.0,1056.7663741,-2.733862167482992E-10,429000.0,98.8,13.87971867374829,45.45454545454545,429000.0,-1.0
430000.0,1058.4043846,-2.7380997123610674E-10,430000.0,98.8,0.0,50.0,430000.0,-1.0
431000.0,1060.5727985,-2.743709414628234E-10,431000.0,99.0,44.040290990486966,58.333333333333336,431000.0,-1.0
432000.0,1062.8816133,-2.7496823350278074E-10,432000.0,96.89999999999999,15.751712142623987,53.03030303030295,432000.0,-1.0
433000.0,1064.8940262,-2.7548884615923E-10,433000.0,89.5,0.5681818181817561,-649.9999999999992,433000.0,-1.0
434000.0,1067.7644446,-2.7623142545214993E-10,434000.0,99.1,30.383663366336243,50.0,434000.0,-1.0
435000.0,1069.9640587,-2.768004671929201E-10,435000.0,99.1,17.913170375775827,50.0,435000.0,-1.0
436000.0,1071.8048705,-2.7727668652207526E-10,436000.0,98.2,-0.18924635422514557,47.05882352941176,436000.0,-1.0
437000.0,1073.2712799,-2.7765604768258867E-10,437000.0,98.5,20.46659597030741,46.42857142857143,437000.0,-1.0
438000.0,1074.7844896,-2.7804751611418233E-10,438000.0,98.7,23.258559622196216,53.57142857142857,438000.0,-1.0
439000.0,1076.0012974,-2.7836230516226796E-10,439000.0,99.0,16.219839142090702,28.57142857142857,439000.0,-1.0
440000.0,1077.5613074,-2.7876588086494183E-10,440000.0,97.6,32.65993265993282,58.620689655172406,440000.0,-1.0
441000.0,1079.0901172,-2.7916138505356223E-10,441000.0,98.0,-0.1903616872056028,47.368421052631575,441000.0,-1.0
442000.0,1080.5253264,-2.7953267470002217E-10,442000.0,99.3,45.8539603960393,61.111111111111114,442000.0,-1.0
443000.0,1082.0541362,-2.7992817888864257E-10,443000.0,99.0,28.233098894790242,54.54545454545454,443000.0,-1.0
444000.0,1083.4581452,-2.8029139702104903E-10,444000.0,98.4,-0.6036217303829006,33.33333333333333,444000.0,-1.0
445000.0,1084.9557548,-2.8067882969561596E-10,445000.0,98.7,12.915326902464747,45.83333333333333,445000.0,-1.0
446000.0,1086.390964,-2.810501193420759E-10,446000.0,98.4,10.793933987510833,44.827586206896555,446000.0,-1.0
447000.0,1087.9353739,-2.8144965928772303E-10,447000.0,98.7,12.821888412016651,38.095238095238095,447000.0,-1.0
448000.0,1089.2925826,-2.818007701490493E-10,448000.0,97.7,14.498141263940557,52.083333333333336,448000.0,-1.0
449000.0,1090.2753889,-2.820550228417338E-10,449000.0,98.0,-0.1903616872056028,47.368421052631575,449000.0,-1.0
450000.0,1091.5233969,-2.823778834038729E-10,450000.0,99.6,49.849548645937666,66.66666666666666,450000.0,-1.0
451000.0,1092.9898063,-2.827572445643863E-10,451000.0,98.8,13.87971867374829,45.45454545454545,451000.0,-1.0
452000.0,1094.503016,-2.8314871299598E-10,452000.0,99.2,33.031977230872265,55.55555555555556,452000.0,-1.0
453000.0,1095.9694254,-2.835280741564934E-10,453000.0,98.3,-0.18859028760037738,46.875,453000.0,-1.0
454000.0,1097.4358348,-2.839074353170068E-10,454000.0,98.6,-0.34403669724805136,41.66666666666667,454000.0,-1.0
455000.0,1098.7930435,-2.8425854617833304E-10,455000.0,98.6,-0.18605982539059426,46.15384615384615,455000.0,-1.0
456000.0,1100.1814524,-2.8461772855371277E-10,456000.0,98.3,18.753584400688343,52.77777777777778,456000.0,-1.0
457000.0,1101.8506631,-2.850495545555738E-10,457000.0,97.0,6.068006763103495,50.0,457000.0,-1.0
458000.0,1103.2858723,-2.854208442020337E-10,458000.0,99.0,16.387959866220456,50.0,458000.0,-1.0
459000.0,1104.4246796,-2.857154544649856E-10,459000.0,99.2,33.031977230872265,55.55555555555556,459000.0,-1.0
460000.0,1105.4542862,-2.8598181442875036E-10,460000.0,98.9,14.992272024729855,45.0,460000.0,-1.0
461000.0,1106.8114949,-2.863329252900766E-10,461000.0,98.6,29.54911433172336,56.25,461000.0,-1.0
462000.0,1108.1219033,-2.8667192888032266E-10,462000.0,98.5,11.452184179457173,42.30769230769231,462000.0,-1.0
463000.0,1109.4167116,-2.8700689671354196E-10,463000.0,98.4,19.710959454034235,55.55555555555556,463000.0,-1.0
464000.0,1110.7895204,-2.8736204333189495E-10,464000.0,98.5,20.65171392297886,50.0,464000.0,-1.0
465000.0,1112.2559298,-2.8774140449240836E-10,465000.0,96.6,18.457405986185567,52.7777777777777,465000.0,-1.0
466000.0,1113.1919358,-2.879835499140127E-10,466000.0,98.1,-0.18983336848726434,47.22222222222222,466000.0,-1.0
467000.0,1113.9407406,-2.881772662512961E-10,467000.0,99.5,54.31286549707579,64.28571428571429,467000.0,-1.0
468000.0,1114.7363457,-2.8838308985965977E-10,468000.0,99.1,17.913170375775827,50.0,468000.0,-1.0
469000.0,1115.8127526,-2.886615570945047E-10,469000.0,98.6,11.971830985914963,41.66666666666667,469000.0,-1.0
470000.0,1116.9515599,-2.889561673574566E-10,470000.0,99.0,-0.1803245842523906,37.5,470000.0,-1.0
471000.0,1118.3555689,-2.8931938548986307E-10,471000.0,98.3,10.204944010141762,50.0,471000.0,-1.0
472000.0,1119.6503772,-2.896543533230824E-10,472000.0,98.3,25.595238095238326,52.77777777777778,472000.0,-1.0
473000.0,1121.1323867,-2.900377502406225E-10,473000.0,97.0,11.431270666037092,50.0,473000.0,-1.0
474000.0,1122.4739953,-2.9038482534492203E-10,474000.0,97.89999999999999,-0.1908396946566796,47.5,474000.0,-1.0
475000.0,1123.987205,-2.907762937765157E-10,475000.0,99.9,85.66513761467886,87.5,475000.0,-1.0
476000.0,1125.5316149,-2.9117583372216284E-10,476000.0,98.9,14.992272024729855,45.0,476000.0,-1.0
477000.0,1126.9356239,-2.915390518545693E-10,477000.0,98.8,13.87971867374829,40.0,477000.0,-1.0
478000.0,1128.199232,-2.9186594817373513E-10,478000.0,98.7,13.031843724913376,45.83333333333333,478000.0,-1.0
479000.0,1129.4160398,-2.9218073722182076E-10,479000.0,98.5,11.452184179457173,50.0,479000.0,-1.0
480000.0,1130.1960448,-2.9238252507315767E-10,480000.0,98.2,9.538647100210866,47.05882352941176,480000.0,-1.0
481000.0,1130.9604497,-2.9258027716746784E-10,481000.0,97.89999999999999,21.583271097833887,50.0,481000.0,-1.0
482000.0,1132.0056564,-2.928506728882593E-10,482000.0,96.39999999999999,9.656695442682352,51.35135135135128,482000.0,-1.0
483000.0,1133.3160648,-2.9318967647850536E-10,483000.0,99.5,44.22132976349891,58.333333333333336,483000.0,-1.0
484000.0,1134.7044737,-2.935488588538851E-10,484000.0,99.1,30.318984205636568,35.714285714285715,484000.0,-1.0
485000.0,1136.2332835,-2.939443630425055E-10,485000.0,98.9,14.992272024729855,45.0,485000.0,-1.0
486000.0,1137.4500913,-2.942591520905911E-10,486000.0,98.1,16.84173669467813,47.22222222222222,486000.0,-1.0
487000.0,1138.8073,-2.9461026295191737E-10,487000.0,99.0,37.067337948395,50.0,487000.0,-1.0
488000.0,1140.211309,-2.9497348108432383E-10,488000.0,98.4,26.793557833089576,52.94117647058824,488000.0,-1.0
489000.0,1141.6309181,-2.95340734973757E-10,489000.0,97.89999999999999,15.322580645161366,44.73684210526316,489000.0,-1.0
490000.0,1143.019327,-2.9569991734913675E-10,490000.0,96.5,9.914547513641427,49.99999999999992,490000.0,-1.0
491000.0,1144.6261373,-2.9611560032289083E-10,491000.0,97.7,-0.1916710228259837,45.23809523809524,491000.0,-1.0
492000.0,1146.0457464,-2.9648285421232403E-10,492000.0,99.8,66.56636576395813,66.66666666666666,492000.0,-1.0
493000.0,1147.5121558,-2.9686221537283743E-10,493000.0,99.1,17.763157894736423,35.714285714285715,493000.0,-1.0
494000.0,1148.8069641,-2.9719718320605674E-10,494000.0,98.6,-0.4736615472936625,30.0,494000.0,-1.0
495000.0,1150.1329726,-2.975402225533295E-10,495000.0,99.3,58.501304244723684,65.0,495000.0,-1.0
496000.0,1151.2561798,-2.978307970592547E-10,496000.0,98.4,10.664433277498986,46.666666666666664,496000.0,-1.0
497000.0,1152.4885877,-2.9814962186436704E-10,497000.0,98.2,9.538647100210866,40.0,497000.0,-1.0
498000.0,1153.783396,-2.9848458969758635E-10,498000.0,96.2,9.17782026768656,49.99999999999993,498000.0,-1.0
499000.0,1155.1562048,-2.9883973631593934E-10,499000.0,98.3,-0.18859028760037738,43.333333333333336,499000.0,-1.0
500000.0,1156.5290136,-2.991948829342923E-10,500000.0,99.6,49.79919678714839,50.0,500000.0,-1.0
501000.0,1158.0266232,-2.9958231560885925E-10,501000.0,98.7,12.704807950577509,27.77777777777778,501000.0,-1.0
502000.0,1159.5866332,-2.9998589131153313E-10,502000.0,98.9,14.992272024729855,38.88888888888889,502000.0,-1.0
503000.0,1161.0998429,-3.003773597431268E-10,503000.0,99.0,28.16091954022947,50.0,503000.0,-1.0
504000.0,1162.4414515,-3.007244348474263E-10,504000.0,98.6,12.192674360260606,46.15384615384615,504000.0,-1.0
505000.0,1163.5958589,-3.0102308086740494E-10,505000.0,98.0,22.450562233423675,44.44444444444444,505000.0,-1.0
506000.0,1164.8906672,-3.0135804870062425E-10,506000.0,96.6,14.525617175323163,52.7777777777777,506000.0,-1.0
507000.0,1166.263476,-3.0171319531897723E-10,507000.0,98.7,13.031843724913376,50.0,507000.0,-1.0
508000.0,1167.2618824,-3.019714837686885E-10,508000.0,99.2,19.614147909967457,0.0,508000.0,-1.0
509000.0,1168.4942903,-3.0229030857380086E-10,509000.0,98.6,11.971830985914963,41.66666666666667,509000.0,-1.0
510000.0,1169.6642978,-3.025929903508063E-10,510000.0,98.8,32.795698924731475,45.45454545454545,510000.0,-1.0
511000.0,1171.0839069,-3.029602442402395E-10,511000.0,98.7,23.05871212121165,50.0,511000.0,-1.0
512000.0,1172.4099154,-3.0330328358751226E-10,512000.0,98.2,9.674829385788513,47.05882352941176,512000.0,-1.0
513000.0,1173.9699254,-3.0370685929018613E-10,513000.0,97.8,20.680703778482716,45.0,513000.0,-1.0
514000.0,1175.4987352,-3.0410236347880653E-10,514000.0,96.1,8.955084508357345,51.24999999999993,514000.0,-1.0
515000.0,1176.9963448,-3.0448979615337346E-10,515000.0,99.3,21.97949175211842,50.0,515000.0,-1.0
516000.0,1178.2131526,-3.048045852014591E-10,516000.0,99.2,19.59798994974789,20.0,516000.0,-1.0
517000.0,1179.2583593,-3.0507498092225057E-10,517000.0,98.6,21.735241502683845,46.15384615384615,517000.0,-1.0
518000.0,1180.8651696,-3.0549066389600465E-10,518000.0,99.1,46.619217081850444,55.00000000000001,518000.0,-1.0
519000.0,1182.2847787,-3.0585791778543784E-10,519000.0,98.4,0.0,50.0,519000.0,-1.0
520000.0,1183.8603888,-3.0626552924513845E-10,520000.0,98.2,-0.18924635422514557,47.05882352941176,520000.0,-1.0
521000.0,1185.295598,-3.066368188915984E-10,521000.0,97.0,15.942841131969661,48.275862068965516,521000.0,-1.0
522000.0,1186.6840069,-3.069960012669781E-10,522000.0,96.89999999999999,5.7062903029565275,48.333333333333336,522000.0,-1.0
523000.0,1187.9944153,-3.0733500485722415E-10,523000.0,99.5,28.32568807339425,37.5,523000.0,-1.0
524000.0,1189.2892236,-3.0766997269044346E-10,524000.0,99.1,30.340557275541364,43.75,524000.0,-1.0
525000.0,1190.9584343,-3.081017986923045E-10,525000.0,98.4,19.2653143606826,38.46153846153847,525000.0,-1.0
526000.0,1192.5340444,-3.085094101520051E-10,526000.0,99.0,37.067337948395,54.54545454545454,526000.0,-1.0
527000.0,1194.0472541,-3.0890087858359876E-10,527000.0,98.3,18.62914034080032,52.77777777777778,527000.0,-1.0
528000.0,1195.3888627,-3.092479536878983E-10,528000.0,98.3,10.071942446042708,46.875,528000.0,-1.0
529000.0,1196.8240719,-3.096192433343582E-10,529000.0,97.1,31.758283132530025,56.06060606060599,529000.0,-1.0
530000.0,1198.3684818,-3.1001878328000535E-10,530000.0,98.3,10.204944010141762,50.0,530000.0,-1.0
531000.0,1199.7724908,-3.103820014124118E-10,531000.0,99.1,30.318984205636568,35.714285714285715,531000.0,-1.0
532000.0,1201.1452996,-3.107371480307648E-10,532000.0,98.8,24.433249370277565,36.84210526315789,532000.0,-1.0
533000.0,1202.6741094,-3.111326522193852E-10,533000.0,98.6,29.407018959257957,51.724137931034484,533000.0,-1.0
534000.0,1204.0937185,-3.114999061088184E-10,534000.0,98.5,28.10582822085919,54.54545454545454,534000.0,-1.0
535000.0,1205.6381284,-3.1189944605446553E-10,535000.0,98.6,21.831379117811615,51.724137931034484,535000.0,-1.0
536000.0,1207.2449387,-3.123151290282196E-10,536000.0,97.89999999999999,8.08823529411793,41.66666666666667,536000.0,-1.0
537000.0,1208.4773466,-3.12633953833332E-10,537000.0,96.7,25.895984909727982,57.69230769230763,537000.0,-1.0
538000.0,1209.8345553,-3.1298506469465823E-10,538000.0,98.8,24.547283702212823,50.0,538000.0,-1.0
539000.0,1210.9109622,-3.132635319295032E-10,539000.0,99.0,-0.4823151125406772,16.666666666666664,539000.0,-1.0
540000.0,1212.439772,-3.136590361181236E-10,540000.0,98.4,19.39546599496183,46.666666666666664,540000.0,-1.0
541000.0,1213.8125808,-3.1401418273647657E-10,541000.0,99.2,32.97587131367256,50.0,541000.0,-1.0
542000.0,1215.0137885,-3.1432493602753546E-10,542000.0,98.2,24.401511969760882,52.63157894736842,542000.0,-1.0
543000.0,1216.339797,-3.1466797537480824E-10,543000.0,98.9,-0.1821493624764007,45.0,543000.0,-1.0
544000.0,1217.8842069,-3.150675153204554E-10,544000.0,97.7,20.027816411682846,50.0,544000.0,-1.0
545000.0,1219.9122199,-3.155921637339314E-10,545000.0,97.39999999999999,22.87155146840723,53.57142857142857,545000.0,-1.0
546000.0,1221.2538285,-3.159392388382309E-10,546000.0,99.3,21.90986166889847,41.66666666666667,546000.0,-1.0
547000.0,1222.8450387,-3.1635088605495825E-10,547000.0,99.2,32.97587131367256,50.0,547000.0,-1.0
548000.0,1224.2802479,-3.167221757014182E-10,548000.0,98.3,9.785608151135424,34.61538461538461,548000.0,-1.0
549000.0,1225.7310572,-3.1709750110490485E-10,549000.0,99.2,42.528735632183576,60.0,549000.0,-1.0
550000.0,1227.1974666,-3.1747686226541825E-10,550000.0,98.2,-0.3568242640503132,43.75,550000.0,-1.0
551000.0,1228.6794761,-3.178602591829584E-10,551000.0,98.7,22.985781990521794,45.83333333333333,551000.0,-1.0
552000.0,1230.2706863,-3.1827190639968574E-10,552000.0,97.8,30.664985817838026,56.00000000000001,552000.0,-1.0
553000.0,1231.7994961,-3.1866741058830614E-10,553000.0,98.3,10.204944010141762,50.0,553000.0,-1.0
554000.0,1233.4219065,-3.1908712931908696E-10,554000.0,99.1,39.564867042707505,50.0,554000.0,-1.0
555000.0,1234.8883159,-3.1946649047960037E-10,555000.0,98.8,32.758041017595026,45.45454545454545,555000.0,-1.0
556000.0,1236.0739235,-3.197732080136325E-10,556000.0,98.8,32.795698924731475,50.0,556000.0,-1.0
557000.0,1237.4779325,-3.20136426146039E-10,557000.0,98.4,26.706367384333475,50.0,557000.0,-1.0
558000.0,1238.9287418,-3.2051175154952565E-10,558000.0,98.5,28.10582822085919,55.88235294117647,558000.0,-1.0
559000.0,1240.3171507,-3.2087093392490537E-10,559000.0,98.1,23.300500565154532,47.22222222222222,559000.0,-1.0
560000.0,1241.5963589,-3.2120186600109794E-10,560000.0,96.89999999999999,19.938016528925502,53.03030303030295,560000.0,-1.0
561000.0,1242.859967,-3.215287623202638E-10,561000.0,98.8,24.547283702212823,50.0,561000.0,-1.0
562000.0,1244.4355771,-3.219363737799644E-10,562000.0,98.7,12.704807950577509,27.77777777777778,562000.0,-1.0
563000.0,1245.979987,-3.2233591372561153E-10,563000.0,98.7,31.144067796610543,56.666666666666664,563000.0,-1.0
564000.0,1247.4775966,-3.2272334640017846E-10,564000.0,98.8,32.758041017595026,45.45454545454545,564000.0,-1.0
565000.0,1249.0376066,-3.2312692210285233E-10,565000.0,98.0,22.360248447204917,50.0,565000.0,-1.0
566000.0,1250.3792152,-3.2347399720715184E-10,566000.0,98.6,11.894273127753003,36.36363636363637,566000.0,-1.0
567000.0,1251.752024,-3.2382914382550483E-10,567000.0,97.89999999999999,21.805183199285302,54.347826086956516,567000.0,-1.0
568000.0,1253.5928358,-3.2430536315466E-10,568000.0,97.6,7.3502161828285635,45.45454545454545,568000.0,-1.0
569000.0,1255.1528458,-3.247089388573339E-10,569000.0,99.3,-0.2865329512880903,30.0,569000.0,-1.0
570000.0,1256.3540535,-3.2501969214839277E-10,570000.0,98.8,24.433249370277565,40.0,570000.0,-1.0
571000.0,1257.7268623,-3.2537483876674576E-10,571000.0,98.5,20.55084745762755,50.0,571000.0,-1.0
572000.0,1258.6940685,-3.2562505570240356E-10,572000.0,98.5,20.399066015707728,42.30769230769231,572000.0,-1.0
573000.0,1260.1604779,-3.2600441686291696E-10,573000.0,98.6,12.192674360260606,50.0,573000.0,-1.0
574000.0,1261.7204879,-3.2640799256559084E-10,574000.0,98.3,9.957627118644554,43.333333333333336,574000.0,-1.0
575000.0,1263.2492977,-3.2680349675421124E-10,575000.0,96.8,19.419822723609858,54.285714285714214,575000.0,-1.0
576000.0,1264.7625074,-3.271949651858049E-10,576000.0,98.7,12.915326902464747,45.83333333333333,576000.0,-1.0
577000.0,1266.3849178,-3.276146839165857E-10,577000.0,99.0,28.10927390366682,44.44444444444444,577000.0,-1.0
578000.0,1267.9137276,-3.280101881052061E-10,578000.0,98.6,29.471032745591604,53.333333333333336,578000.0,-1.0
579000.0,1269.5205379,-3.284258710789602E-10,579000.0,98.9,26.13483749664251,38.88888888888889,579000.0,-1.0
580000.0,1271.096148,-3.288334825386608E-10,580000.0,97.89999999999999,-0.3632192697379315,41.66666666666667,580000.0,-1.0
581000.0,1272.6405579,-3.2923302248430795E-10,581000.0,98.6,35.94436310395338,61.111111111111114,581000.0,-1.0
582000.0,1274.1849678,-3.296325624299551E-10,582000.0,97.89999999999999,21.489457155675428,47.5,582000.0,-1.0
583000.0,1275.7293777,-3.300321023756022E-10,583000.0,96.89999999999999,10.940013789933426,50.0,583000.0,-1.0
584000.0,1276.8525849,-3.303226768815274E-10,584000.0,99.3,0.0,50.0,584000.0,-1.0
585000.0,1278.1317931,-3.3065360895771995E-10,585000.0,98.8,24.433249370277565,40.0,585000.0,-1.0
586000.0,1279.7074032,-3.3106122041742056E-10,586000.0,98.7,-0.3396109910461,40.909090909090914,586000.0,-1.0
587000.0,1281.1270123,-3.3142847430685376E-10,587000.0,98.6,12.071347820625427,46.15384615384615,587000.0,-1.0
588000.0,1282.5154212,-3.317876566822335E-10,588000.0,98.4,19.710959454034235,50.0,588000.0,-1.0
589000.0,1283.9038301,-3.321468390576132E-10,589000.0,98.4,26.632428466617856,50.0,589000.0,-1.0
590000.0,1285.0426374,-3.324414493205651E-10,590000.0,97.3,6.71641791044758,50.0,590000.0,-1.0
591000.0,1287.476253,-3.330710274167363E-10,591000.0,98.2,17.883211678831817,52.63157894736842,591000.0,-1.0
592000.0,1289.0206629,-3.3347056736238344E-10,592000.0,99.1,30.340557275541364,43.75,592000.0,-1.0
593000.0,1290.4246719,-3.338337854947899E-10,593000.0,98.8,24.632583846250363,53.84615384615385,593000.0,-1.0
594000.0,1291.844281,-3.342010393842231E-10,594000.0,99.1,39.564867042707505,50.0,594000.0,-1.0
595000.0,1293.3886909,-3.3460057932987024E-10,595000.0,98.2,-0.3568242640503132,40.0,595000.0,-1.0
596000.0,1294.9331008,-3.3500011927551737E-10,596000.0,98.8,24.73657802308052,57.14285714285714,596000.0,-1.0
597000.0,1296.4931108,-3.3540369497819125E-10,597000.0,97.7,14.230310262529954,47.72727272727273,597000.0,-1.0
598000.0,1298.240322,-3.3585569976518596E-10,598000.0,97.3,17.73308957952451,55.00000000000001,598000.0,-1.0
599000.0,1299.8939326,-3.3628349001002025E-10,599000.0,99.1,-0.40160642570197064,25.0,599000.0,-1.0
600000.0,1301.4539426,-3.366870657126941E-10,600000.0,98.9,34.756820877817205,45.0,600000.0,-1.0
601000.0,1303.076353,-3.3710678444347494E-10,601000.0,98.9,14.992272024729855,45.0,601000.0,-1.0
602000.0,1304.636363,-3.375103601461488E-10,602000.0,98.9,14.860681114550555,31.25,602000.0,-1.0
603000.0,1305.9779716,-3.3785743525044833E-10,603000.0,98.4,19.58990853352077,50.0,603000.0,-1.0
604000.0,1307.3039801,-3.382004745977211E-10,604000.0,98.8,39.49173053650682,57.14285714285714,604000.0,-1.0
605000.0,1308.6455887,-3.385475497020206E-10,605000.0,96.6,10.185967878275756,51.42857142857136,605000.0,-1.0
606000.0,1310.1743985,-3.38943053890641E-10,606000.0,98.5,20.76906824424273,55.88235294117647,606000.0,-1.0
607000.0,1311.5784075,-3.393062720230475E-10,607000.0,99.1,39.564867042707505,50.0,607000.0,-1.0
608000.0,1312.9668164,-3.396654543984272E-10,608000.0,99.1,17.823228634039083,43.75,608000.0,-1.0
609000.0,1314.5112263,-3.4006499434407435E-10,609000.0,99.1,17.733089579525064,25.0,609000.0,-1.0
610000.0,1316.024436,-3.40456462775668E-10,610000.0,98.5,20.65171392297886,50.0,610000.0,-1.0
611000.0,1317.4596452,-3.4082775242212794E-10,611000.0,98.8,32.91592128801473,57.14285714285714,611000.0,-1.0
612000.0,1318.9416547,-3.412111493396681E-10,612000.0,97.89999999999999,15.689738236711163,54.347826086956516,612000.0,-1.0
613000.0,1320.5796652,-3.4163490382747564E-10,613000.0,97.89999999999999,15.689738236711163,54.347826086956516,613000.0,-1.0
614000.0,1322.108475,-3.4203040801609604E-10,614000.0,98.9,26.23390557939871,50.0,614000.0,-1.0
615000.0,1323.6372848,-3.4242591220471644E-10,615000.0,99.1,39.564867042707505,43.75,615000.0,-1.0
616000.0,1325.1504945,-3.428173806363101E-10,616000.0,99.2,19.614147909967457,33.33333333333333,616000.0,-1.0
617000.0,1326.7729049,-3.432370993670909E-10,617000.0,98.8,-0.18367006177964945,45.45454545454545,617000.0,-1.0
618000.0,1328.3173148,-3.4363663931273806E-10,618000.0,99.0,28.32568807339425,58.333333333333336,618000.0,-1.0
619000.0,1329.908525,-3.440482865294654E-10,619000.0,98.3,10.204944010141762,50.0,619000.0,-1.0
620000.0,1331.4997352,-3.4445993374619275E-10,620000.0,97.39999999999999,13.008565310492825,53.57142857142857,620000.0,-1.0
621000.0,1333.028545,-3.4485543793481315E-10,621000.0,99.2,32.97587131367256,50.0,621000.0,-1.0
622000.0,1334.5105545,-3.452388348523533E-10,622000.0,99.0,37.027707808564635,44.44444444444444,622000.0,-1.0
623000.0,1336.0237642,-3.4563030328394696E-10,623000.0,99.1,30.340557275541364,43.75,623000.0,-1.0
624000.0,1337.6305745,-3.4604598625770104E-10,624000.0,99.1,-0.3120820329906007,35.714285714285715,624000.0,-1.0
625000.0,1339.2997852,-3.4647781225956207E-10,625000.0,98.9,34.9728068101207,60.71428571428571,625000.0,-1.0
626000.0,1340.6569939,-3.468289231208883E-10,626000.0,98.9,26.31296891747017,54.166666666666664,626000.0,-1.0
627000.0,1342.2482041,-3.4724057033761567E-10,627000.0,97.1,11.789755444701267,53.2258064516129,627000.0,-1.0
628000.0,1343.8550144,-3.4765625331136975E-10,628000.0,99.4,49.73190348525443,62.5,628000.0,-1.0
629000.0,1345.3838242,-3.4805175749999015E-10,629000.0,98.7,12.821888412016651,40.909090909090914,629000.0,-1.0
630000.0,1346.9282341,-3.484512974456373E-10,630000.0,99.5,44.19642857142832,50.0,630000.0,-1.0
631000.0,1348.472644,-3.488508373912844E-10,631000.0,99.2,19.614147909967457,33.33333333333333,631000.0,-1.0
632000.0,1349.6270514,-3.4914948341126306E-10,632000.0,98.6,12.335629304946917,53.333333333333336,632000.0,-1.0
633000.0,1351.0622606,-3.49520773057723E-10,633000.0,99.4,49.7739829231542,66.66666666666666,633000.0,-1.0
634000.0,1352.5442701,-3.4990416997526313E-10,634000.0,98.2,24.60417190248784,57.14285714285714,634000.0,-1.0
635000.0,1354.1978807,-3.503319602200974E-10,635000.0,98.6,21.944692239071976,56.25,635000.0,-1.0
636000.0,1355.7578907,-3.507355359227713E-10,636000.0,98.7,22.93099359734399,40.909090909090914,636000.0,-1.0
637000.0,1357.3335008,-3.511431473824719E-10,637000.0,99.5,44.19642857142832,50.0,637000.0,-1.0
638000.0,1358.9559112,-3.515628661132527E-10,638000.0,99.2,19.662582847960653,42.857142857142854,638000.0,-1.0
639000.0,1360.4691209,-3.519543345448464E-10,639000.0,99.0,0.0,50.0,639000.0,-1.0
640000.0,1361.8419297,-3.523094811631994E-10,640000.0,99.3,52.9948965887725,61.111111111111114,640000.0,-1.0
641000.0,1363.5111404,-3.527413071650604E-10,641000.0,98.5,20.76906824424273,55.88235294117647,641000.0,-1.0
642000.0,1365.320752,-3.5320945498016205E-10,642000.0,98.3,25.69930069930103,57.49999999999999,642000.0,-1.0
643000.0,1366.7715613,-3.535847803836487E-10,643000.0,99.0,28.233098894790242,54.54545454545454,643000.0,-1.0
644000.0,1367.9571689,-3.538914979176809E-10,644000.0,99.3,45.803654382161774,41.66666666666667,644000.0,-1.0
645000.0,1369.4703786,-3.5428296634927454E-10,645000.0,99.3,21.90986166889847,41.66666666666667,645000.0,-1.0
646000.0,1370.8587875,-3.5464214872465427E-10,646000.0,98.8,13.87971867374829,42.857142857142854,646000.0,-1.0
647000.0,1372.4187975,-3.5504572442732814E-10,647000.0,99.4,39.74693713597049,60.0,647000.0,-1.0
648000.0,1373.900807,-3.554291213448683E-10,648000.0,98.7,23.05871212121165,50.0,648000.0,-1.0
649000.0,1375.1332149,-3.5574794614998064E-10,649000.0,98.1,38.11074918566782,62.0,649000.0,-1.0
650000.0,1376.4904236,-3.560990570113069E-10,650000.0,99.6,33.15508021390357,50.0,650000.0,-1.0
651000.0,1378.0036333,-3.5649052544290056E-10,651000.0,98.6,21.65640738668175,41.66666666666667,651000.0,-1.0
652000.0,1379.5636433,-3.5689410114557443E-10,652000.0,99.5,44.22132976349891,58.333333333333336,652000.0,-1.0
653000.0,1381.1080532,-3.5729364109122157E-10,653000.0,99.3,-0.34403669724805136,12.5,653000.0,-1.0
654000.0,1382.6056628,-3.576810737657885E-10,654000.0,99.0,37.193819871875306,61.53846153846154,654000.0,-1.0
655000.0,1384.1032724,-3.5806850644035543E-10,655000.0,99.4,24.868519909842615,57.14285714285714,655000.0,-1.0
656000.0,1385.600882,-3.5845593911492236E-10,656000.0,98.1,23.596589995174458,56.81818181818182,656000.0,-1.0
657000.0,1387.0984916,-3.588433717894893E-10,657000.0,99.9,85.66513761467886,87.5,657000.0,-1.0
658000.0,1388.4557003,-3.5919448265081554E-10,658000.0,98.3,9.957627118644554,43.333333333333336,658000.0,-1.0
659000.0,1389.812909,-3.595455935121418E-10,659000.0,99.5,44.22132976349891,58.333333333333336,659000.0,-1.0
660000.0,1391.2949185,-3.5992899042968193E-10,660000.0,99.5,28.32568807339425,37.5,660000.0,-1.0
661000.0,1392.4805261,-3.602357079637141E-10,661000.0,98.7,23.258559622196216,56.666666666666664,661000.0,-1.0
662000.0,1393.7909345,-3.6057471155396013E-10,662000.0,99.4,49.73190348525443,62.5,662000.0,-1.0
663000.0,1394.9921422,-3.60885464845019E-10,663000.0,98.7,23.258559622196216,56.666666666666664,663000.0,-1.0
664000.0,1396.6301527,-3.613092193328266E-10,664000.0,99.3,45.904173106646276,65.0,664000.0,-1.0
665000.0,1397.9717613,-3.616562944371261E-10,665000.0,98.5,27.898481061334063,46.42857142857143,665000.0,-1.0
666000.0,1399.3913704,-3.620235483265593E-10,666000.0,99.5,54.29616087751392,58.333333333333336,666000.0,-1.0
667000.0,1400.5301777,-3.623181585895112E-10,667000.0,99.5,28.4487693188333,58.333333333333336,667000.0,-1.0
668000.0,1401.3881832,-3.625401252259818E-10,668000.0,99.4,39.807383627608154,62.5,668000.0,-1.0
669000.0,1402.6361912,-3.628629857881209E-10,669000.0,99.3,53.05793991416281,68.18181818181817,669000.0,-1.0
670000.0,1404.0714004,-3.6323427543458086E-10,670000.0,98.8,13.9908256880731,50.0,670000.0,-1.0
670635.0,1405.0074064,-3.634764208561852E-10,670635.0,98.3,31.539948453608396,59.523809523809526,670635.0,-1.0
