DAG
attr0 has 1 parent(s): {output}
attr1 has 1 parent(s): {output}
attr2 has 1 parent(s): {output}
attr3 has 1 parent(s): {output}
attr4 has 1 parent(s): {output}
attr5 has 1 parent(s): {output}
attr6 has 1 parent(s): {output}
attr7 has 1 parent(s): {output}
attr8 has 1 parent(s): {output}
attr9 has 1 parent(s): {output}
output has 0 parent(s): {}
GlobalHidden_0 has 0 parent(s): {}

Sample	GlobalHidden_0	 Accuracy
100	2.4659131695413303	0.48	0.37680441649263857	0.10708475428433538	0.5495531827158547	0.11223208365524295	0.4610865689864564	0.13349920121378042	0.48693074899277317	0.12114259060007665	0.4624206774890293	0.1374343398129601	0.6735277265941467	0.09996799603906485	0.4137533765358861	0.12049672366396949	0.6414056591526874	0.0941770986867524	0.4234818648776415	0.11106611586971173	0.5147367238066449	0.10877475700666227	0.46314758898000175	0.11314477330068673	0.5662702231482908	0.11235165418940687	0.4521431515765651	0.12204259675831874	0.5035141377294348	0.11738069229972999	0.42268394803201637	0.11338848964182742	0.5559321420573216	0.11711251804642334	0.4648299288611332	0.10793284070269658	0.5117425342665533	0.12692167211064806	0.43038590146708844	0.10843461512252464	0.6145348294231734	0.10884309040346625	0.4807692307692308	0.5192307692307693	2.4659131695413303	3.0938859608204337
200	2.4659131695413303	0.77	0.3981711637909738	0.09011669183563349	0.5941523258792798	0.09142310787102717	0.4681454143750843	0.11047654070996257	0.48160288688926906	0.09697599134045486	0.5099269291252317	0.11426861078942113	0.6042128427610907	0.09354533302166451	0.41232479411555234	0.10063998027638336	0.6115180056628736	0.08502727749228518	0.44344237645780593	0.08320891996435087	0.5556249961711561	0.09366681133375074	0.424750659717457	0.08916611290751958	0.569921539281114	0.09863906237106504	0.4494229119994713	0.09836669772808478	0.5272698416798359	0.10339541663130747	0.4258588244226736	0.0991674032764744	0.573327884085422	0.09210052591765773	0.42240120113661245	0.08107681688780743	0.5388427040076645	0.10232170392152315	0.4512562509653482	0.0912417803818529	0.5848160603708784	0.0920572445652869	0.49019607843137253	0.5098039215686274	2.4659131695413303	3.0938859608204337
300	2.4659131695413303	0.93	0.4119283556331373	0.08002051778681857	0.6084137086119489	0.07902962324019702	0.4407587719931754	0.0982891873275179	0.497348700576826	0.0937759526047983	0.4879665297121024	0.10712706609437951	0.6071613688720978	0.08440735067854789	0.4130623498336598	0.09339449127819	0.6021153150219481	0.08360084953246041	0.4209579650839129	0.08214025947838856	0.5569348218544395	0.08327582362137345	0.4465183219361746	0.08855908522060887	0.5738110302793417	0.0959645112992194	0.454258557639353	0.0944442401444051	0.5617870336885074	0.09032271033082032	0.41843449629412455	0.09462441654090228	0.5898176832758444	0.08809061620473414	0.4134751537981333	0.08096562912184027	0.5167007549232056	0.09459294953089911	0.44739844652987454	0.08473054858307258	0.5817629807608442	0.0898077898513217	0.48355263157894735	0.5164473684210527	2.4659131695413303	3.0938859608204337
400	2.4659131695413303	0.93	0.4135919609085084	0.07849455110296223	0.6261868084680658	0.07977912800311741	0.46576199755892894	0.09563767084519759	0.5220299564708341	0.09405230454351235	0.4891289330163897	0.10117438636710693	0.5893869628036741	0.08643231053587606	0.43931119348672176	0.08843295835253168	0.5972141680589356	0.08370668833651577	0.4258576891724519	0.08348579434454134	0.5685142708276268	0.08033138336160765	0.4521409234925068	0.08315701837527464	0.5671165769873138	0.0878714497142172	0.44543827606728587	0.09469076757578598	0.5600416979173228	0.08917111642322867	0.4085902523771571	0.09025682111286641	0.5907158111733943	0.08251334961605097	0.40411314134168325	0.08063034670251246	0.5362129895813982	0.09149882942984384	0.4324797669293286	0.08580570081161226	0.5867153372666766	0.08569975722158905	0.49257425742574257	0.5074257425742574	2.4659131695413303	3.0938859608204337
500	2.4659131695413303	0.85	0.41210983462109874	0.07923775224601257	0.6303351423641921	0.07875846994926994	0.46688083319663176	0.094503131780754	0.5164811135338836	0.09077616964486156	0.4843661165292689	0.0969254178009274	0.5758107911493295	0.08725486604518011	0.4262060618384909	0.08715428684234153	0.577840750252008	0.08464282950450763	0.42056315982919606	0.08084740945784043	0.5800711747815128	0.08043349045660163	0.4556279156719535	0.08188841491625062	0.5670663884451942	0.0844417442241557	0.43885027202547505	0.09036347433582487	0.5610239656487982	0.0813862037882602	0.4164698737606908	0.08757530381472528	0.5759917410086698	0.07961542959330199	0.4234390856221085	0.08392679203822263	0.5417150720188671	0.09045103556940644	0.4413109057482228	0.08554077909060773	0.5776164933649491	0.08477266931099568	0.4880952380952381	0.5119047619047619	2.4659131695413303	3.0938859608204337
600	2.4659131695413303	0.83	0.4108050112666213	0.07555683317448461	0.6344551785267553	0.07623109477995951	0.48676666371471455	0.09500395982450205	0.5042909592306869	0.09253299284122046	0.4948106178105341	0.09585726008820124	0.572819653749548	0.08426942357914033	0.43058724245926	0.0881948995341792	0.5695202030081765	0.08460398898995113	0.4349020133210497	0.0792750116317291	0.5815469934969407	0.07816111734741782	0.45064314121770016	0.08231677960570821	0.5670540564907429	0.08057944069086426	0.4230936245089529	0.08775607186405705	0.5551741750331689	0.08416750036287204	0.4094447867691318	0.08637980882190827	0.5747382000515852	0.07698947758190994	0.43065085402567976	0.08050554538441458	0.5417902707673298	0.08653391115459717	0.4413638926665855	0.08270498809333988	0.5752655640697983	0.08658463629866807	0.4867549668874172	0.5132450331125827	2.4659131695413303	3.0938859608204337
700	2.4659131695413303	0.95	0.4003684756031379	0.07378139825494812	0.6314668523404602	0.07513279365185627	0.49394892356525183	0.09525758528081305	0.49138345905340447	0.09037224159659635	0.49290000546019475	0.09368752154006126	0.5654987351134069	0.08560685851638332	0.42359469947143763	0.08501331734404469	0.5742909944489828	0.08342087588340939	0.42932164387920624	0.0789803177683037	0.5898193797836703	0.0761463031390862	0.43519860968065194	0.08063323824878184	0.5689102732329208	0.08170593025511924	0.4245170164337688	0.08827517502638543	0.560368509699348	0.08097798071721783	0.4202754215422318	0.08512276428514058	0.5733160882283543	0.0770180290584405	0.42483425064990255	0.07999385527583179	0.5410627206481828	0.08745300649782273	0.44312796665298976	0.08025339799182196	0.5785737500385428	0.0850019763166586	0.484375	0.515625	2.4659131695413303	3.0938859608204337
800	2.4659131695413303	0.85	0.39639183949218976	0.07339989739481985	0.638475270556005	0.07485858665938915	0.5029598082846828	0.0945180062151493	0.4807585467011813	0.08885893349416243	0.48823745946613145	0.09293155093912198	0.556951156118786	0.08670393691853774	0.426429699253505	0.08561925634746936	0.5786564663617945	0.08460166987140016	0.436977938606858	0.08046073337625269	0.5759210525453409	0.07665806891825734	0.435953138278023	0.07993889431230115	0.5648342591617315	0.08099277636217925	0.4335346532204119	0.08769374782846585	0.5606194231899659	0.0807798916230427	0.42116395635026294	0.08472407623727438	0.5752629336427985	0.07838985574430135	0.434509213209549	0.08333567083508643	0.5374177796892263	0.08616456321473893	0.4475828185577998	0.07999528560312975	0.5699922154337765	0.08409178042884477	0.4763681592039801	0.5236318407960199	2.4659131695413303	3.0938859608204337
900	2.4659131695413303	0.92	0.3948100393167487	0.07230637625107673	0.6442032094090586	0.07350989954494061	0.5074911847848144	0.09280851402803164	0.4762334070275778	0.08739949195830284	0.4848475286137042	0.09169175983156704	0.5574573135584732	0.08562736745155375	0.4253375634905031	0.08558936236396968	0.5809167409654595	0.08474899382863843	0.43726424517903073	0.0780903116033167	0.5789408639441738	0.07565628065341996	0.43001706696606923	0.07894001771987035	0.5721215033775144	0.08071167555594912	0.42594251915143966	0.08598439434754242	0.5537071892574105	0.08144449347965738	0.42981480015581225	0.08577110014929347	0.5676721312706743	0.07976779103948232	0.4401925056701749	0.08141026976842021	0.5401940645872239	0.0862933084609322	0.44802637972912984	0.07980237500129508	0.5712834358398989	0.08429723747898188	0.48008849557522126	0.5199115044247787	2.4659131695413303	3.0938859608204337
1000	2.4659131695413303	0.84	0.388678415951727	0.07085493289500432	0.6397213954522178	0.07328498584508593	0.5068909274362727	0.09111173304180614	0.47393934740371535	0.08769553969965546	0.4870848976088902	0.08940247202220712	0.5544253508526045	0.08475677539211039	0.42989324416741037	0.08729226656837824	0.5787360429084453	0.0837942902428415	0.4356036436539812	0.079948400116263	0.5802529609320083	0.07530227637111486	0.4351658477290691	0.07973874192828731	0.5776936018261715	0.0789993244573406	0.4279620171046518	0.08697615158003856	0.5528558428942242	0.07940735880046658	0.4306477043348401	0.0855308099239872	0.5593584402406516	0.08066655981854011	0.44121397363830106	0.0825660803147275	0.5472408958153028	0.08495475590699435	0.45193068411357534	0.08021487426248074	0.5635795429556821	0.08286767703274645	0.47908366533864544	0.5209163346613546	2.4659131695413303	3.0938859608204337
1100	2.4659131695413303	0.9	0.3774792963778346	0.069656829127511	0.6411558040025961	0.07215792984989267	0.5021353249640692	0.09051344165511907	0.4729601882728515	0.08642472510857105	0.4840190917576407	0.08988386966013001	0.5507504141246019	0.08572671315740178	0.42648398934074905	0.08620552704192969	0.5818949627027296	0.08392142603732752	0.4386027512995105	0.07811027900048366	0.5793293437728267	0.07525574281656845	0.43832314875749384	0.0796981722443553	0.5721014522692742	0.0798471602814232	0.4286025389963784	0.08660728565152413	0.5528901746813171	0.0781375936440672	0.42954199073672145	0.08402417441419581	0.5590301705569001	0.08108400305917209	0.44150931620325334	0.08442291043107379	0.5459679777653667	0.0849206694056274	0.46359752280122624	0.08193478300626884	0.5606791006746255	0.0825669016822473	0.48007246376811596	0.519927536231884	2.4659131695413303	3.0938859608204337
1200	2.4659131695413303	0.79	0.37413136186674845	0.06893405527747973	0.638634712949203	0.07179824002867283	0.5105783902773066	0.0895230728475922	0.47042700509041585	0.08648364482257054	0.4802658608286815	0.08875382826291957	0.5525132653269748	0.0847515701613996	0.4327864613693081	0.08608837692592758	0.5831945344775282	0.08353940242028246	0.4426545820829669	0.07768882344079506	0.5777454714480542	0.07555176203864401	0.43926561360367006	0.0781617498046027	0.5680025534666859	0.08089695094568006	0.42912151680704075	0.08544772221082475	0.551497695761783	0.07871835200832722	0.43229673033577554	0.08285172565210586	0.5523816259411879	0.08199451542917421	0.4492511295242809	0.08552005860276113	0.5411167594813994	0.08534064224780853	0.47334404665491725	0.0833846019221565	0.5605078607398338	0.08400465350790336	0.48006644518272423	0.5199335548172758	2.4659131695413303	3.0938859608204337
1300	2.4659131695413303	0.88	0.37159975968282805	0.06810821735503832	0.6385972669686815	0.07079140767178821	0.5224406830690844	0.0894385120738644	0.4660751927868456	0.08678116872123243	0.47491529270085986	0.08829188768009288	0.5499123715947385	0.08409305741512142	0.4361312616552334	0.08542768640426669	0.5802867236397495	0.08273009304293279	0.44243498838639844	0.07835286820280608	0.5760188725109137	0.07542146197347535	0.44342031777221286	0.07846288223113206	0.5727263683633103	0.08081595762085866	0.4311450834823264	0.08482589694219662	0.5514621694712317	0.07924347104129473	0.4321795825522426	0.08308805573786537	0.5545079313905839	0.08373521337066053	0.4499064230133552	0.0865051580681514	0.5416029809878755	0.08508532358138557	0.4705754751629494	0.08284527965419747	0.5594444080372972	0.08286751765550206	0.4831288343558282	0.5168711656441718	2.4659131695413303	3.0938859608204337
1400	2.4659131695413303	0.9	0.3676656333928176	0.06654933305970945	0.6398079620181695	0.06976255051264574	0.5292112540083709	0.08875505575226984	0.4647679118874715	0.08540952764981805	0.4747588655691468	0.08749429252571571	0.5505313440861979	0.08443741050953812	0.4406569694694108	0.08494389995431069	0.5728661248959624	0.08320492059577031	0.44433081380089307	0.07750358679826538	0.574856833470456	0.07519192399391239	0.44178889172801705	0.07798730655286518	0.5734976975589586	0.08079828823895836	0.4334805722371463	0.08525148578242406	0.5520610771637647	0.07863620419466695	0.43206877007462785	0.08348420671954918	0.5539797290576998	0.08369724182755477	0.4534303948701706	0.08621224328418985	0.5418000104128862	0.08347445910619086	0.4669445054791982	0.08461458099993321	0.5576802800918393	0.08360691399684336	0.48646723646723644	0.5135327635327636	2.4659131695413303	3.0938859608204337
1500	2.4659131695413303	0.85	0.3625238973514583	0.06500661929109232	0.6402595832593437	0.06983532482282233	0.5279581089634803	0.08796341377383332	0.4616870041993467	0.08491367178127092	0.4784244223805709	0.08835474451258118	0.5477133222466568	0.08410480000276242	0.44491263862519465	0.08410933553213078	0.5716778975406124	0.08301125298995549	0.4455802588607456	0.07646165748693859	0.5733060130460648	0.07477341093961365	0.440433773928795	0.07765366484249736	0.5739100567779039	0.08054502607514646	0.4356943839644047	0.08524183487813794	0.55194222885732	0.0786932184640387	0.4348396117478685	0.08393027298284825	0.5535423234598879	0.08448444088289028	0.4527379301600221	0.08496125239079799	0.5421808838500355	0.08335092940750458	0.46333453304484	0.08522990582353618	0.5574669353414777	0.08220063942062245	0.48470744680851063	0.5152925531914894	2.4659131695413303	3.0938859608204337
1600	2.4659131695413303	0.89	0.3655869512690241	0.06530270456089975	0.6417749109514153	0.06825420580618456	0.5294921878076546	0.08820424079733581	0.4558136151043009	0.08376469557908438	0.4854352357005335	0.08904149809674025	0.5475790284887414	0.08377729650183444	0.444935452851034	0.08301061413439029	0.5728572732773963	0.08234682557592317	0.4425441412019199	0.07654471762145368	0.5735248439920902	0.07450260968038415	0.4431187484633243	0.07882922959111437	0.5779674197934337	0.07999227147462809	0.4367217606019355	0.08511751141596752	0.5503069959328806	0.07994184083190962	0.43451634105274367	0.0835658151662207	0.5540396648421897	0.08292310524119478	0.4532540708633241	0.08532895488506323	0.5428567262096745	0.08277556092089045	0.46454042302178905	0.0859062908819256	0.5607075475864952	0.08204870946506844	0.48815461346633415	0.5118453865336658	2.4659131695413303	3.0938859608204337
1700	2.4659131695413303	0.85	0.3645183685944934	0.06430938811709262	0.6439623620144367	0.06895486327800998	0.5353906788595875	0.08773817695813542	0.4536765106949473	0.08330212644522149	0.48667320249114554	0.08836551171667478	0.5470890844715822	0.08444234980940578	0.4483784095144797	0.08353785276341506	0.5720341181674901	0.08180094104527529	0.44572667738299776	0.0767716192308318	0.575871974792363	0.07485873127420176	0.4406880071715098	0.07873751199633634	0.5763373241177322	0.07944012489202876	0.4385609434450375	0.08484539965862475	0.5476621940187713	0.08004785741346733	0.43890647392284576	0.08405696765614118	0.5534112241928156	0.08383575834489324	0.4596256959512104	0.08549553977690708	0.536220687509118	0.0831428481101735	0.46516321514631154	0.085303797397005	0.5586450828620593	0.08300936904303279	0.48826291079812206	0.5117370892018779	2.4659131695413303	3.0938859608204337
1800	2.4659131695413303	0.83	0.3630005817315078	0.06302878708299897	0.6437308254907681	0.06793859332031087	0.5421021956632596	0.0868286145597923	0.44832437075181036	0.08310732800770722	0.4842819206531374	0.08783878470447037	0.5473390228928736	0.08465647217948723	0.45199700464340936	0.08491704511038228	0.5692397953154791	0.08164147212559042	0.4502276163955883	0.07748102120516098	0.5737264686792333	0.0759270019427639	0.43745547937455576	0.07845045355334869	0.5759445073349279	0.07879720102367464	0.4422323323481084	0.08531330087799092	0.5467352573818337	0.07979185976439436	0.4391886284986302	0.08414097780113483	0.5517885007558321	0.08350114570213014	0.4618851667145025	0.08462835270585453	0.5334324888682478	0.08267651312898808	0.46515961007687007	0.08564374308146892	0.5590027498158536	0.0832157856529344	0.49223946784922396	0.5077605321507761	2.4659131695413303	3.0938859608204337
1900	2.4659131695413303	0.86	0.36076916970864287	0.06309485933149889	0.64437625297581	0.06778698195354332	0.5437906108654873	0.08648865839694157	0.44787997415428094	0.08321406062261663	0.48400243453464686	0.08726891062267243	0.5460697357981993	0.08496069407615588	0.4530225295474959	0.08470649320811448	0.5672898347544091	0.08193789557690567	0.45008329035955746	0.07752744258952085	0.5742727659139393	0.0751749959890912	0.4409358389579167	0.07935248715607339	0.5757153194434385	0.0797376258554345	0.444857270460308	0.08377089407467027	0.5481253884822729	0.07975527440151135	0.44312353811085586	0.08586261980447282	0.551454981519437	0.08396022685244214	0.46465855860437855	0.0844839116060371	0.5329227493735015	0.08322331234375104	0.46694438076489414	0.08596978419784451	0.5588805023916238	0.08240558101153721	0.49264705882352944	0.5073529411764706	2.4659131695413303	3.0938859608204337
2000	2.4659131695413303	0.9	0.35793595150181995	0.06309409143312654	0.6468556240767332	0.06713649063793582	0.5463419414942	0.08557093785988446	0.44690777171419444	0.08330311162622195	0.47974499079565786	0.0862398450114463	0.5418423756426647	0.08451652440783275	0.4535244971795183	0.08511982653279719	0.5670013188949418	0.08189735942576068	0.4520634078334394	0.0782349038199847	0.57375493052028	0.07570267930338322	0.44153713956577106	0.07969639059664876	0.5734282859133291	0.08039012099264085	0.44680746654813946	0.08383360889871017	0.5437730262103312	0.08006336902810975	0.4468474880560912	0.0856545632456868	0.5546585957726539	0.08394049332835768	0.46491017115471833	0.08478044455796699	0.5337490687241409	0.08297983507850103	0.46505361699693937	0.08533179169950086	0.5593851306643739	0.08289345254995717	0.4945109780439122	0.5054890219560878	2.4659131695413303	3.0938859608204337
2100	2.4659131695413303	0.85	0.359007641808478	0.06276122473971105	0.6481206548201667	0.06711422667951242	0.550541377809942	0.08534086400643542	0.4438712406934796	0.08271169535514553	0.4808604036677899	0.0866353675139341	0.5430796572590044	0.08433821338760768	0.453655070552485	0.08467647428674153	0.5669215204326158	0.08147703890126436	0.45064907317934255	0.07903466067942548	0.5707843651845194	0.0761929197818039	0.44139758222090003	0.08014199565899481	0.5697963137796286	0.08090239520966688	0.44414711628988995	0.08367708995413202	0.542363528954947	0.08049946186763657	0.4479371844589081	0.08606117330195674	0.5517111685602939	0.08426938179879324	0.4679802670472332	0.08490248201050418	0.5295011761521843	0.08368823818286633	0.46355101872065374	0.08573558926839034	0.557449328728994	0.08369331936331666	0.49572243346007605	0.504277566539924	2.4659131695413303	3.0938859608204337
2200	2.4659131695413303	0.82	0.3570708047280979	0.062292173282279366	0.6460892145712479	0.0669663363342716	0.551926978879646	0.08537974325507072	0.4430679064157589	0.08194966874435235	0.48135870768003736	0.08664937912509753	0.5413054846616967	0.08427297726060805	0.45642614240778634	0.08463889524556086	0.564638977237496	0.08199488839403746	0.4464742280776559	0.07925804431130096	0.567805623140206	0.07693035579986242	0.4432136524399934	0.08005790544375521	0.5670750971470493	0.08133998428449375	0.4415311728326538	0.0829938227358925	0.5404621951606204	0.08030205636062725	0.4488785885681512	0.08597148436465292	0.5520350734606758	0.0844880859766579	0.4673730758055942	0.08413181901178186	0.5306639908431644	0.08414592810553821	0.46512934740669654	0.08554364042027555	0.5544922563661366	0.08365837658056847	0.49364791288566245	0.5063520871143375	2.4659131695413303	3.0938859608204337
2300	2.4659131695413303	0.88	0.35236583718022835	0.06162453547272334	0.6473134257580052	0.0664386719559923	0.5530979647113612	0.08473532154394446	0.44094982924195075	0.08172081030660934	0.48202498603696126	0.08654509808759346	0.5382046965086356	0.08390880623380259	0.45799266696202423	0.084676283588828	0.5629291367289758	0.08169420494496278	0.44435983087999587	0.07878507897932699	0.5637685847363927	0.07723924180353176	0.44512706117790407	0.07919773802353756	0.5638854219527777	0.08162830557177914	0.4461547267808178	0.08358715365899233	0.5384398057366652	0.08073817322995	0.4465373242864251	0.08590496102790171	0.549360281545387	0.08465893383539844	0.4701184454224878	0.08337194735832346	0.5330857133474114	0.08398986605166671	0.4678386238688439	0.08501109807696883	0.5537715308349698	0.08368082380719365	0.4969618055555556	0.5030381944444444	2.4659131695413303	3.0938859608204337
2400	2.4659131695413303	0.88	0.3541942770847848	0.06211609385272222	0.64782732628204	0.06627726574381403	0.5585965490868148	0.08477348895087257	0.44043851633258246	0.08152610028137311	0.4849090510839594	0.08574003982913903	0.5395220826043938	0.08420597869724099	0.45735585207894025	0.08481161489465176	0.5602564317579088	0.08273660372866545	0.44600570318551513	0.07876760721976643	0.5642272441889722	0.07748114517896582	0.4456768336526832	0.08010453544680124	0.56186975420402	0.08140704635792079	0.4492865797396242	0.08284842480993077	0.5382433228938931	0.08132733101225247	0.44696606693688773	0.08498335544174952	0.5487450058588411	0.08431966322125137	0.4702047847429258	0.08297853798395696	0.5324708162819558	0.08421978832469534	0.4683214401316235	0.084457510429062	0.5528820139866639	0.08434020179694374	0.4987520798668885	0.5012479201331115	2.4659131695413303	3.0938859608204337
2500	2.4659131695413303	0.85	0.3519841744404611	0.06149102747033101	0.6485918400440218	0.0659661748449005	0.5594157005275796	0.08440716471651748	0.4376382590109634	0.08090026935164756	0.484087472095113	0.08623762708686612	0.5376393219588265	0.08449771158208029	0.45626590712580073	0.08488174421746497	0.5570086273975415	0.0821066975543441	0.4478007707239183	0.07844672439836321	0.5620377495080787	0.0773450330761215	0.44844572411493144	0.08053834731520314	0.5587094489732498	0.08166465117904084	0.4503206466732001	0.08233831864263891	0.5353374650013099	0.08238408884815204	0.4517420617484244	0.08469438665931885	0.5481096441510304	0.08330765507521189	0.46966613560127324	0.0826823181139349	0.5314635078849763	0.08410526372917222	0.4681264999167108	0.08484934465702437	0.554353008769561	0.08342589931539401	0.4976038338658147	0.5023961661341853	2.4659131695413303	3.0938859608204337
2600	2.4659131695413303	0.9	0.3510250278861488	0.06089032870821987	0.6486290253547142	0.06593307187761975	0.5602077429290601	0.08399589413057816	0.4350215363457385	0.08059372404464102	0.4877532991171431	0.08621549725428299	0.5364772849555763	0.0845639487080258	0.4553225017261025	0.08461115441018867	0.5560503610624075	0.08202794677236935	0.44767771497017583	0.07885503563278533	0.5622776526852087	0.07794004674371223	0.44792643537074384	0.08087057476664276	0.5573823281599518	0.08081924615669475	0.4489946011864003	0.0817762935506728	0.5343093506717319	0.08255710576983757	0.45114252368897767	0.08539172902482507	0.5474471713464569	0.08331269154703477	0.471240123172908	0.0827422576541596	0.5332940180476083	0.08391603396825824	0.46880768160111724	0.0854809629435974	0.554745663166692	0.08314796379040922	0.4965437788018433	0.5034562211981567	2.4659131695413303	3.0938859608204337
2700	2.4659131695413303	0.87	0.3497496551554835	0.06061121245723445	0.6499421317650783	0.06569733315981921	0.5610310232671515	0.08374715866830083	0.4325958872468485	0.08086555087687436	0.4884225238274685	0.08606265488867867	0.537529877228582	0.08436568715615027	0.45489779878419323	0.08429561221677039	0.553260341042727	0.08274154400632149	0.4467396439787937	0.0789090261076223	0.5618407966630286	0.07818365143732875	0.4501572967015599	0.08138207603623518	0.5581793093569142	0.08146614044218073	0.44891876643932926	0.08202460780001965	0.5351647642643335	0.08241722894621238	0.4528524879640809	0.0849713607601459	0.545258872883278	0.08395609025368013	0.47142155504018274	0.08235594997031034	0.5329500933187533	0.08342991812148808	0.4714107302642559	0.0851553987758461	0.5536707836081707	0.08289033185125952	0.4988905325443787	0.5011094674556213	2.4659131695413303	3.0938859608204337
2800	2.4659131695413303	0.86	0.3500327853233771	0.06020269286096305	0.6504050372514644	0.06546272187337053	0.5632439686997348	0.0834228043603351	0.4303670336952767	0.08084439444597383	0.48790009760687386	0.08525222315074431	0.5346593229560961	0.08528328205197694	0.4557189766014774	0.08412255367707121	0.5541379122917811	0.08322819347874082	0.447407095025059	0.07848983433706928	0.5594859175460741	0.07790520392961299	0.44997723814867824	0.08156654844576583	0.5578487518964589	0.0816152204198793	0.4513880747146368	0.08258312578370301	0.5352952613261708	0.08242203184727762	0.45314108758267735	0.08488627928399216	0.5442911913015106	0.08381165282589699	0.47201961151406086	0.08264992598216805	0.533562386171708	0.08356878950815816	0.4736123124713918	0.08549879653752505	0.553438157719251	0.0821905548681297	0.5017831669044223	0.49821683309557774	2.4659131695413303	3.0938859608204337
2900	2.4659131695413303	0.87	0.34853167665382373	0.060184624592509055	0.6506568918556518	0.06509429768117211	0.5671911622489036	0.0837511416319577	0.4270975974429141	0.08032192925941965	0.48846726096265985	0.08551564894042063	0.5340605914779034	0.0851402386327193	0.45609710032665357	0.08387815944502787	0.5552766374091802	0.08326314626183935	0.44631926266958427	0.0786935808311538	0.5588554403927494	0.07833323174057837	0.4500320565693407	0.08123809691254238	0.5549078681000432	0.0812704975228008	0.4493627532046238	0.08228388184006637	0.5371706002745503	0.0821883510918295	0.45346320353147657	0.0850295037830145	0.5435108049937906	0.08332153775726096	0.4709666300535328	0.08307586817090296	0.5332925999023578	0.08384327195856138	0.47431535918945766	0.08586150469783234	0.5511420987208575	0.08212505566056888	0.5024104683195593	0.4975895316804408	2.4659131695413303	3.0938859608204337
3000	2.4659131695413303	0.85	0.35060873403456594	0.05994595734658363	0.6497434486716613	0.06489709798066444	0.5697497704818402	0.08369043381741925	0.42576724896840834	0.08021716096564135	0.49001902313619766	0.08507002040668046	0.5311751791494009	0.08477555996903043	0.45637903236278354	0.08364928190935669	0.5557174242239453	0.08308359095736287	0.44754990432909525	0.07851747752446969	0.5559981039117977	0.07905347590940813	0.45048903733016493	0.08152508931767635	0.5539598207308665	0.081613633154713	0.4481596223182444	0.08209327278034351	0.5349658414382612	0.08242451555792685	0.45231566348880775	0.08451086834319306	0.545087322846465	0.08359790921624907	0.4688386931022213	0.08317847074311527	0.5322196713309352	0.08367181597020193	0.47584539515418345	0.08574782978438134	0.5478170544899982	0.08247508309048718	0.5023302263648469	0.49766977363515313	2.4659131695413303	3.0938859608204337
3100	2.4659131695413303	0.9	0.3478900362589751	0.05914109865282065	0.6479176546397868	0.06468619192795025	0.5689322191523061	0.08390626148027795	0.42397052361707827	0.07959423665554036	0.48977651435001207	0.08493655601876121	0.5307564770709559	0.0851428591407719	0.4573160030016432	0.08381900702845395	0.5586203222777383	0.0824077291701547	0.4459672317615573	0.07860725660719552	0.5549693914219229	0.07935170423614471	0.45071755473167024	0.08161811043944457	0.5559061834238643	0.0810532732630797	0.44837201047414255	0.08179708958489491	0.5336740267696324	0.08203598027566349	0.45252707231402084	0.08446172301545399	0.5446109601673097	0.08342609243577881	0.46850752648933636	0.08306813618884093	0.5320492144726887	0.08404622280755589	0.47618580352604706	0.08551157283317928	0.546244822507542	0.08193239977248412	0.5	0.5	2.4659131695413303	3.0938859608204337
3200	2.4659131695413303	0.92	0.3476264251197734	0.05856559033816374	0.649837458966523	0.06397847663409012	0.5677227245877396	0.08350314659778986	0.4258509939762476	0.0795251973082905	0.4900619378538045	0.0849666558469382	0.5299758670052256	0.08508033319615949	0.456759529095228	0.08433118266431025	0.5560487050018215	0.0824613475656544	0.44587863768181357	0.07862879722642689	0.5542273292934273	0.07922007392955437	0.4509714280686844	0.08146512426555606	0.5562587962232424	0.0816557851249957	0.44937595173580164	0.08156367929369415	0.5334807939992889	0.08283192827617616	0.45022601870544343	0.08446116699616339	0.5428654434991017	0.08341346193409406	0.4696251231479074	0.08321892744366977	0.5314078599127284	0.08438626731227979	0.47635626905351985	0.08580917238732938	0.5445878022638263	0.0810899627983489	0.4984394506866417	0.5015605493133583	2.4659131695413303	3.0938859608204337
3300	2.4659131695413303	0.96	0.34555930758529374	0.05882016942778983	0.6516777353318394	0.06335588659213488	0.5678102843925164	0.08325064784166218	0.4255593770093563	0.07925663334795463	0.4893702530099554	0.08449819736635814	0.5292634045350404	0.08444946893283972	0.4591916106252973	0.08441301963651066	0.5552119643112982	0.08251502067093583	0.44610297328417886	0.07875808483290844	0.553860454800668	0.07924433328645852	0.4495327266276385	0.08133199854838448	0.5540590310608526	0.08146011415450728	0.45087833346988093	0.08139726777267964	0.5353627578609038	0.08272117751011832	0.45008061744744493	0.08472213986177245	0.543137389729831	0.08325973598001633	0.4706794429930582	0.08312840375319078	0.5299249821286091	0.08441800821656095	0.4782542802594441	0.0859526534973592	0.5434449956803141	0.08105567911123497	0.49969733656174337	0.5003026634382567	2.4659131695413303	3.0938859608204337
3400	2.4659131695413303	0.87	0.3455060370102596	0.058686217849782424	0.6536368235083974	0.0629721600829581	0.5684114104828613	0.08295867798503495	0.4232652335490083	0.07892478089636137	0.4878850095761321	0.08463988905795881	0.5307835345897669	0.08440756175459285	0.46140454257320845	0.0848298180155145	0.5536504153565148	0.08196038330542528	0.44735965224733654	0.07904378334001465	0.5529233690321979	0.07975973252379734	0.44925064678958243	0.08135222945101984	0.5536761748022093	0.08150890809806992	0.4520066122134133	0.08135531212478107	0.533871388179601	0.08320216449397481	0.4506294520037678	0.08481027254438565	0.5423332909514587	0.08283966648859067	0.46959292449705625	0.08348417391437984	0.5251661738652655	0.08469995871904286	0.4796478852421087	0.08597564663988413	0.542276252851924	0.08066113138036486	0.4979435957696827	0.5020564042303173	2.4659131695413303	3.0938859608204337
3500	2.4659131695413303	0.9	0.34360860554978395	0.058947221846796086	0.6567757036132664	0.06273756904836793	0.5682277096848961	0.08303273249463503	0.4248682618608759	0.07854741964071144	0.48630110913393976	0.08518312498252771	0.5302668933241731	0.08463060269195076	0.46215699578399627	0.0854242879653576	0.5543647418496607	0.0820021313224183	0.44803648958061526	0.07872167693198122	0.5531521431451883	0.0796553854540369	0.45233839690488165	0.0816409379471084	0.5532211871520035	0.08148127758522472	0.45411339614038276	0.08124949521647731	0.5309700945754716	0.08365751630728985	0.45225695757208606	0.0843700349432871	0.5411209009751545	0.08298533266398432	0.47172641885550315	0.08399984760563833	0.5230296009409905	0.08427103606241952	0.4802948148711262	0.08542356369284725	0.5409082438351248	0.08069900878609193	0.4991438356164384	0.5008561643835616	2.4659131695413303	3.0938859608204337
3600	2.4659131695413303	0.9	0.34376063346853963	0.058430617737874356	0.6564742367207078	0.062316241683721636	0.5683645880500269	0.08290437000756862	0.4251522571607904	0.0783379350520272	0.48745354142135894	0.08507902178677404	0.5269964867952266	0.08497043398674704	0.46002984318821377	0.08516086389466072	0.5547463609063805	0.08226519743990478	0.4479826997375136	0.07921636708760856	0.552530920378157	0.07962969039930891	0.45356975621512036	0.08118030727523716	0.5530910222324689	0.08115991141088852	0.45522472917848433	0.0808565696001341	0.531078592285723	0.08404785407575066	0.45150657728509813	0.08406257887850745	0.5411867759271032	0.0825923231888025	0.4740132613910022	0.08391937159029021	0.5230827985307382	0.08358799425574837	0.4807912908785307	0.08547802102915339	0.541032127191482	0.08094872129102205	0.49889012208657046	0.5011098779134295	2.4659131695413303	3.0938859608204337
3700	2.4659131695413303	0.93	0.3397990468676152	0.05776906421161666	0.6569241134133177	0.06236471779600283	0.569364679320602	0.08257109921378328	0.42441492531569724	0.07840621982550029	0.48881407040508795	0.08511116666285726	0.5257407469128018	0.08474055902329107	0.46087032350269086	0.08465258421618845	0.5539098735453634	0.08235404400510755	0.4490772436620179	0.07886071197886735	0.5530461882519478	0.07972813182298866	0.4530373096904298	0.08097237780659361	0.5517884492315447	0.0814745824854827	0.4547950639421931	0.0806593403947372	0.5289655370269167	0.0835399164550299	0.4525531614949725	0.0838607933560433	0.5410607428670278	0.08242308133663573	0.475099734406138	0.08405166461932684	0.5236537430841982	0.08374487293559225	0.4810055015275762	0.08565981925880042	0.5398023105864334	0.08117037409615575	0.5008099352051836	0.4991900647948164	2.4659131695413303	3.0938859608204337
3800	2.4659131695413303	0.89	0.3381383620408203	0.05768979865676058	0.6573862610850176	0.06202661171099971	0.5686992716493066	0.0826414462498005	0.42238393175355815	0.07793101313314105	0.48997163056321025	0.0848211454985123	0.5244096434984716	0.08489925458548749	0.46068832457244485	0.08466004266187574	0.5534801389242138	0.08327900226823008	0.44986720525626106	0.07914526441129095	0.5524010584385951	0.07943608871710574	0.45339941845130244	0.08067396600590442	0.550711355500377	0.0814599721367443	0.4546015545716356	0.0807388283555722	0.5289399474039589	0.08387496449445758	0.45248838401055175	0.08366400850046606	0.540003187353403	0.08206755806488035	0.47631113719792	0.08439033955508086	0.5248172695175379	0.08375960324168832	0.4815562134771871	0.0858539962974288	0.5387694972111841	0.08130873977123883	0.49842271293375395	0.501577287066246	2.4659131695413303	3.0938859608204337
3900	2.4659131695413303	0.97	0.33716928288740267	0.0571681819331186	0.6597440438665922	0.06142787982915712	0.5687815283959287	0.0820102957759586	0.4243277785228081	0.07796226852966784	0.48981655594498336	0.08425920025357737	0.5265581013790911	0.08446225210155509	0.4604108812359776	0.08488681900574864	0.5542186589461	0.08304444133739654	0.44961107819047713	0.07895994303683512	0.5513527073533566	0.07956668923313404	0.4531114914605893	0.08062699448304875	0.5506393585089102	0.0814133434190626	0.4548145406242199	0.08076661075707425	0.5282792817181746	0.08412548916162016	0.4533197658640728	0.08317222161407917	0.5385372055798838	0.08202329287261077	0.4772253468209452	0.08434615656260983	0.525019810067465	0.08423870272715825	0.4801713240865778	0.08594607833993717	0.5372558612726859	0.08204470946936622	0.4959016393442623	0.5040983606557377	2.4659131695413303	3.0938859608204337
4000	2.4659131695413303	0.97	0.33583687498337644	0.0568874360768696	0.6625797820374076	0.06091918092002306	0.5680698884750331	0.08169062842515849	0.42466998134285416	0.07840732906713994	0.48983804034762135	0.08413614220384806	0.5267712525373459	0.08455812762717146	0.46065775307784046	0.0843841217731046	0.5500946996233282	0.08357087179693953	0.4513394947324745	0.0791662724639949	0.5519937565661657	0.07927076484997102	0.4544244761197123	0.08071165874775836	0.5494059579226463	0.08123651160117706	0.4574046146160933	0.0811122515599784	0.5288230014852451	0.08396276588548536	0.452383617093543	0.08319521596575158	0.538780301686836	0.08176030165098382	0.4773305824147097	0.08436423060705331	0.5233930248369989	0.08414765992864774	0.48244580542718407	0.08606446066796666	0.5346280126598347	0.08183591994464415	0.49475524475524474	0.5052447552447552	2.4659131695413303	3.0938859608204337
4100	2.4659131695413303	0.95	0.3342563885062303	0.05655877162599076	0.6648252981857293	0.06062869958851937	0.5674745633210214	0.08149785965718113	0.42522150029246614	0.07871879099250104	0.4915730079815921	0.08445876883881115	0.5275290872557574	0.08450538991422454	0.4614176262803669	0.08447437288078859	0.5503078053724885	0.08340793002127321	0.4516841422734255	0.07929441180748024	0.5511519371807687	0.0795733424472039	0.45512381969591964	0.08134580628027573	0.5497719004348175	0.08132622206930172	0.45967580196176827	0.08104251225440551	0.529225209269493	0.08391343141958031	0.4531498613481182	0.08335939805580334	0.5390614681571543	0.08128186243160207	0.4784458209621286	0.08431966353815132	0.5235267536021528	0.08406336771044319	0.48209164716989916	0.08605375408639616	0.5332208540817832	0.08186484390190805	0.4946393762183236	0.5053606237816765	2.4659131695413303	3.0938859608204337
4200	2.4659131695413303	0.92	0.33264199913954107	0.05679567899668654	0.6661102179000464	0.06011221237973647	0.5636624910744006	0.08253931894451758	0.42609874094087435	0.0786943587154001	0.4916613750325967	0.08470322364964006	0.5280522578338541	0.08466825467148645	0.46301525538906496	0.08458934891860818	0.5497419583024987	0.08333483028381834	0.45135893991756587	0.07940503175064113	0.5518622655546706	0.07941001952793943	0.45628025736932676	0.08179986697522494	0.5509374801678156	0.08161930943089814	0.4604877547466984	0.08092167785090694	0.5290136606213997	0.08382943480825768	0.4535332482067822	0.08311681063485671	0.5397544849069091	0.08131955701515665	0.4778053440238609	0.0845112676175591	0.5219816842131215	0.08392992301212525	0.4808597888097175	0.08593974165648588	0.5325270498556575	0.0824010467504339	0.49571836346336823	0.5042816365366318	2.4659131695413303	3.0938859608204337
4300	2.4659131695413303	0.93	0.332798392831061	0.05650067491339979	0.667233512420119	0.059892249926742566	0.5637612991529225	0.08188519511844303	0.42690841884300557	0.07835095377556765	0.4905651608029563	0.08447830322201952	0.5261108694562844	0.0846917417743537	0.4647331518084128	0.08477624715952714	0.550136571108598	0.08322390205684507	0.45030021435542716	0.07972449334640136	0.5520795733865087	0.07927451131633402	0.45756366024668776	0.08215737164551512	0.5499049955273638	0.08180188721794306	0.4607945811657659	0.08111803689707758	0.5295418010836705	0.08398196047367691	0.45512870443195613	0.08314745310347847	0.5378624225493243	0.08135015122809047	0.4793398360081292	0.0845288803821282	0.5238015448542693	0.0836132478075767	0.4805882156927704	0.0858221969648193	0.5321053022929466	0.08233449567668309	0.49535315985130113	0.5046468401486989	2.4659131695413303	3.0938859608204337
4400	2.4659131695413303	0.98	0.3324831244967152	0.05620777146028149	0.669430728126294	0.059478523205993165	0.565428120857639	0.08178895500024716	0.427417510924332	0.07856778582330774	0.489442626749162	0.08454745307622166	0.5250044211816923	0.08447604249966176	0.4670297101839736	0.08511861317304369	0.550325227700181	0.08297379114775942	0.45083665869904926	0.07980247471798789	0.5522483999402421	0.07948020531063739	0.4573708457119552	0.08222660494560344	0.5480538943744175	0.08185439302565348	0.45999887621024327	0.08098887192595877	0.5281656775905027	0.08451670721269353	0.45436949472678995	0.08344168496625291	0.5373456092880384	0.08124753823522103	0.4792308774704653	0.08460475354007324	0.5244076277590618	0.0835392061402513	0.48271717916425827	0.08600927111455407	0.5329915159069453	0.08243959947765468	0.49545867393278836	0.5045413260672116	2.4659131695413303	3.0938859608204337
4500	2.4659131695413303	0.92	0.33066698030405045	0.0558154743301675	0.6703688972018804	0.05901843876153272	0.5638799155624619	0.08178498120150687	0.42855118402415576	0.07850074079474792	0.489169977825722	0.08471800692108618	0.523455327371798	0.08450738410543206	0.4670296558567944	0.08508961386175004	0.5480611167748245	0.0828264004131236	0.4503436658123986	0.08009164249910518	0.5510634673500241	0.07940502398962752	0.4587073401390533	0.0823205496665383	0.5487508431421896	0.08188233313086633	0.46031302054021617	0.08105311372178498	0.5279090260077957	0.08405871093174828	0.45433477830389746	0.08325679008919323	0.5348304381162244	0.08163387944325867	0.4801960991122974	0.08462103620321287	0.5238015571950251	0.08364103473903287	0.48326504590208214	0.08610933904773635	0.5329703403283718	0.08282577120043193	0.4946714031971581	0.5053285968028419	2.4659131695413303	3.0938859608204337
4600	2.4659131695413303	0.93	0.3295545997307167	0.05550531223435627	0.6718670651041507	0.05887006948418831	0.5634185784634707	0.08200526463266779	0.42993486397306885	0.07879679657990123	0.4888504222331248	0.08419723749843952	0.5214654822123982	0.08434369465583853	0.4677979826241902	0.08479697112651449	0.5478987361152313	0.08308026361157668	0.4514126278066667	0.08021483205687976	0.5492327832394268	0.07951720383602218	0.4610466307092181	0.08238610847081515	0.5482636517481837	0.0827395678427818	0.4608962579993489	0.0808347946532108	0.5277892920195044	0.08407763931482651	0.4545996477101809	0.08375475195630751	0.5365151246418159	0.08150817521401245	0.4803328145710426	0.08487744513779658	0.5254302139575621	0.08397345687003505	0.4842517443173828	0.08627228264613297	0.5335819747889108	0.08277382466524569	0.49413553431798435	0.5058644656820156	2.4659131695413303	3.0938859608204337
4700	2.4659131695413303	0.96	0.3285825516397028	0.055113811270707413	0.6728207397428001	0.05836850043031302	0.5632970945069194	0.08167444493752418	0.430035816813443	0.07890200115079324	0.48793772776394073	0.08401567787709974	0.5213341007594761	0.08444242665685554	0.46828442233419293	0.08488651012177317	0.5477382882126332	0.08301442015131287	0.4516752518468061	0.08084437140732924	0.5505179812027469	0.07937514560119417	0.46229399710448904	0.08267876585525022	0.5474286974632722	0.08303377832073731	0.46203819599790646	0.08088729401239103	0.5272237481014791	0.083575615550097	0.4538258134371079	0.08329277417685418	0.537234997754574	0.08136210987876137	0.48206872358775776	0.08516171193824226	0.5254288539889792	0.08423131357878118	0.4840334480840756	0.08585444998742614	0.5337204559676775	0.08301831320728296	0.49383503401360546	0.5061649659863946	2.4659131695413303	3.0938859608204337
4800	2.4659131695413303	0.94	0.32705388922359063	0.05487064824157857	0.6746413131041952	0.058161038414270824	0.5606815809016007	0.08168766856997312	0.42961386913887856	0.07876146611565299	0.488684954064984	0.08387729580432568	0.5205467807665408	0.08444728703620655	0.46846566221668295	0.08492648535438822	0.5460596307012798	0.08335007943688044	0.45133595796096343	0.08077826756080238	0.5509009436041828	0.07972664644914283	0.4624785002925926	0.08288203136374611	0.5460973427374488	0.08289558929810763	0.4612698760907091	0.08049050335835986	0.5274745812149856	0.08399981113579612	0.45476554580628886	0.08329451641815996	0.5369984222078205	0.0814798412273835	0.48325270540219223	0.0849199584892621	0.5241381273223061	0.08440080023396353	0.4850151003934564	0.08609066459240479	0.5334590186673331	0.08290955304244949	0.49479600333055784	0.5052039966694422	2.4659131695413303	3.0938859608204337
4900	2.4659131695413303	0.91	0.326769667148099	0.05469351784628675	0.6764387412981866	0.05763392176401799	0.5591743534615865	0.08213769143727412	0.4302524329879821	0.07853465403090622	0.4891425081351413	0.08417682958579986	0.5202237352744663	0.08439075071698389	0.4690197961076908	0.08508132766821785	0.5453021153166152	0.08317795879501597	0.4524082425707136	0.08110596657207451	0.5491406899154998	0.07998602781324314	0.4624163070794484	0.08261342133455353	0.5461835463850504	0.08282528648238457	0.46276417926682273	0.08025555513353816	0.5269331102633427	0.08435544765312648	0.45484820475942855	0.08295803075722298	0.5368456509151276	0.08152526703322956	0.4849067954849698	0.08526152152834678	0.5235862377845292	0.08473969520531553	0.4856631255109075	0.0861658825215982	0.5338545380930293	0.08297025533533665	0.4946982055464927	0.5053017944535073	2.4659131695413303	3.0938859608204337
5000	2.4659131695413303	0.95	0.32469579635659984	0.054263203625787834	0.6769283844465581	0.05735164262422984	0.5584965280547021	0.08229537041176974	0.43255411181421105	0.07863031256889895	0.4915921115924324	0.08444582953427905	0.5211139957508224	0.08422469730014889	0.4696300574134176	0.08491730437618367	0.5444214115305345	0.08306400351744873	0.4524610916470416	0.08118516748561433	0.5492109049031771	0.08029833488327051	0.4629578582133151	0.08226010762445965	0.5465941157068189	0.08286391117643063	0.46273230376439933	0.08037619468425729	0.5269299461478226	0.08439841138839733	0.4551190448672882	0.08311391431830302	0.5364079693608608	0.08129742955145552	0.4857032865645811	0.08511112589640664	0.5230149543654852	0.08472197075708254	0.48520122636001783	0.08631689575486018	0.5334939210063198	0.08293286521462795	0.49320543565147884	0.5067945643485212	2.4659131695413303	3.0938859608204337
5100	2.4659131695413303	0.94	0.32388695858934413	0.05375647745319806	0.6782543964697548	0.056932089812362564	0.5582516092179322	0.08235626428038748	0.4326823181554796	0.07875036521564172	0.49089687542564864	0.08419404429521649	0.5191844217313143	0.08489417718596771	0.47006469351823454	0.08466651198199038	0.5454650854717953	0.08331099848826677	0.453266107389731	0.08115844505213275	0.5500745634579898	0.08004215521331963	0.4634737267726427	0.08209854544550838	0.5470519335215985	0.08285965273573388	0.4634287061673794	0.08033236822642278	0.5256550261100111	0.08478990117932282	0.455339497117908	0.0829283345811043	0.5363162596184771	0.08162545805813912	0.48437759961937726	0.08502781566829139	0.5236505119681	0.08518266584841017	0.4854587083003302	0.08612150091444162	0.5339079016204241	0.08312670782845616	0.4943181818181818	0.5056818181818182	2.4659131695413303	3.0938859608204337
5200	2.4659131695413303	0.85	0.32311111961379213	0.053774490673796804	0.6785808279574516	0.056700074482707634	0.5556854014540651	0.08268750620574447	0.43391663097426236	0.07895965620288939	0.49106308104957064	0.08369637255246243	0.5186624183664891	0.0850558789634059	0.4724424140680256	0.08457087511935278	0.5454512459132478	0.08326623040420954	0.45235572656866047	0.08095556141356429	0.5501835958045914	0.08007513137863854	0.46298804604126625	0.08176634519991652	0.5440525683133035	0.08312921901795811	0.4658161828739403	0.0805249802683138	0.5244466663422492	0.0846479762368065	0.45436787698086173	0.08266260014579238	0.5357319765984723	0.08157860458255817	0.48352413227389085	0.08479937637084341	0.5239817672376352	0.08493740227803463	0.48386570106168963	0.08603221993901597	0.5333304437326951	0.08327534657314063	0.495196003074558	0.504803996925442	2.4659131695413303	3.0938859608204337
5300	2.4659131695413303	0.9	0.3217296705214486	0.05352362754895911	0.6804163896088086	0.05631615458510835	0.5536133912597322	0.08277526334657992	0.4351466355264031	0.07942006359598641	0.4912852863306161	0.0835695487681788	0.5175391122036969	0.0851963839740718	0.47407181161399126	0.08462472153029839	0.5467378545709312	0.0829565532259014	0.4519163791394093	0.08079754815386407	0.5487858647563906	0.07997814483770482	0.46292232530467187	0.08182094843694053	0.5438816449634147	0.08307630763093896	0.4661456268603359	0.08051015040621887	0.525775654582647	0.08470251522191541	0.45492588198545786	0.08264936295035559	0.5354566981433821	0.08152718854883298	0.48436189879683367	0.08512831359945677	0.523635806900179	0.08504690127657683	0.484295968209917	0.08621706608997055	0.5325624531387794	0.08316506036338873	0.49377828054298645	0.5062217194570136	2.4659131695413303	3.0938859608204337
5400	2.4659131695413303	0.95	0.32038310955756827	0.05323973800523049	0.6806274242924373	0.0558737025643527	0.5540892962840985	0.08285379944385934	0.4352771609443979	0.0792920946139026	0.49071709154134124	0.0833567117227251	0.5172491729012347	0.08506514962877446	0.47551846750303917	0.08475038099531793	0.5451987337442353	0.08301033677053599	0.45302098601366997	0.0808235750843663	0.5485972454303006	0.08033178097234418	0.4631793083044685	0.08187444119723415	0.543823162191187	0.08303521662083914	0.46698263315432553	0.0811318698081017	0.5267494082776208	0.08473259773144685	0.455830988216387	0.08298724971134869	0.5355750745999478	0.0812922384152114	0.4847387491910038	0.08522045813934914	0.5249759769128706	0.08468819890959278	0.4838595268397013	0.08616851635776143	0.5323457623787338	0.08346897189412394	0.4929681717246484	0.5070318282753515	2.4659131695413303	3.0938859608204337
5500	2.4659131695413303	0.93	0.31948970035545	0.052879008659334745	0.6820889042983902	0.05543615865566449	0.5542580131362749	0.08246416783941318	0.4377173628439534	0.07969877103003671	0.4886946408462601	0.08353625491967842	0.5177202436165717	0.08489283185543113	0.4754593096024322	0.08511244315351019	0.5435527678989134	0.08328790224328668	0.45349992547550594	0.08113972034428868	0.5473853546717645	0.08016910591050515	0.46354389672220786	0.08169572514051668	0.5445362430071806	0.08262340413323392	0.4671524564933191	0.08103302116827855	0.5254504598229166	0.08481780383541794	0.4566491472519176	0.08304835274679047	0.5349101625453746	0.08121683375941621	0.48450429064674455	0.08500824885589761	0.5249749107292531	0.08453484288248535	0.4839151596789256	0.08619692638150564	0.5314437780436022	0.08385011868843557	0.49400436046511625	0.5059956395348837	2.4659131695413303	3.0938859608204337
5600	2.4659131695413303	0.92	0.3191269721055733	0.05295137018029951	0.6829978893944618	0.05506510534498904	0.5533697838300757	0.0823407521512923	0.4374935446566861	0.07970844413512106	0.48808900203214006	0.08348894506866683	0.5181580236952851	0.08481852596717766	0.4762075430846807	0.08539541691261249	0.5423710758599333	0.08328118397377035	0.454411725911309	0.08109350759119109	0.5460585147243149	0.08016504014631275	0.4638570717077355	0.08158039332062919	0.5446306078396801	0.08239094713803477	0.4676163873698727	0.08105305523815794	0.5258676330240472	0.08456869978920696	0.45729384833026954	0.08318685950514115	0.53411117747861	0.08151267098183276	0.48427547329716286	0.08501502095664672	0.5249744542132785	0.08471847225143346	0.48368311611525355	0.08624491457599809	0.531154037320878	0.08372165967329294	0.49518201284796576	0.5048179871520343	2.4659131695413303	3.0938859608204337
5700	2.4659131695413303	0.9	0.3173735322400894	0.05277849464839918	0.6840070319631867	0.05487894628088073	0.552107877779519	0.08194116907602748	0.4378636683504717	0.07970137593904346	0.4884211454745474	0.08385655073845223	0.517669063399299	0.08479671995030012	0.4764951370755083	0.08517742785932175	0.541841083044437	0.08311365040704465	0.4555363417584738	0.08087842816768681	0.5452866305785158	0.08040521503679647	0.464770914613417	0.08146233929688498	0.5431853234566454	0.08209415575051414	0.46750568807645426	0.08109860922661805	0.5254957227521285	0.08480343594781406	0.4572498085443698	0.08325963479845704	0.5338207659477284	0.08183925920870531	0.48376383358599057	0.0849072955605187	0.5250630819637474	0.08480566744028974	0.4838333786657634	0.08597259155914588	0.5292343281321368	0.08387787183535507	0.4952664796633941	0.5047335203366059	2.4659131695413303	3.0938859608204337
5800	2.4659131695413303	0.92	0.3167869780658933	0.05238756090511917	0.685129944428226	0.054453126613045424	0.550225136813088	0.08208650081487956	0.438563908233044	0.07973348035857501	0.48967854090808893	0.08388276368347722	0.5174468916142848	0.08486449944260997	0.475694706110818	0.08530543623845462	0.5417064243124876	0.08305775951050906	0.45577167985099815	0.0812728138826911	0.545771626389288	0.0806875022550787	0.46506384112113036	0.08125811498996086	0.5424379414077176	0.08231375732741404	0.4679351758636073	0.08106527914595861	0.5254310238879638	0.08489866482865693	0.4577300954035382	0.08341395909767867	0.5335730205827722	0.08189991159522557	0.4827268724457774	0.08472984298143814	0.5232811899914975	0.08467830642355377	0.48512320325470126	0.08594937942371841	0.5295168593861109	0.08390139210053937	0.49517574086836663	0.5048242591316333	2.4659131695413303	3.0938859608204337
5900	2.4659131695413303	0.99	0.31535740292796954	0.05189668313033101	0.6863307601704955	0.05399441356037435	0.5497941005444356	0.08217705993359652	0.44008123492173856	0.07983908359618995	0.4901413961149674	0.08388847666668356	0.5174755114035858	0.0849478624967075	0.47509031857382145	0.08515633012673389	0.5401676235188584	0.08295730014141695	0.4546972978081546	0.08087626579873876	0.5453631206871242	0.08066147109190171	0.4650427356463181	0.08167056239459035	0.5411541637435037	0.08208371077720361	0.46789766717370906	0.08098959232459653	0.5257764602451042	0.08470479011301366	0.4571926062262922	0.08326816909874282	0.533289014175004	0.0820736158841426	0.48239055466776587	0.08458855461707124	0.5232889690095827	0.08464266219117865	0.48566291495786307	0.08579652331217344	0.5288460448308517	0.08382849475134053	0.4949186991869919	0.5050813008130082	2.4659131695413303	3.0938859608204337
6000	2.4659131695413303	0.9	0.3149520025340248	0.05162183830573051	0.6868486543490658	0.05377294549917001	0.5502708294017485	0.08205463148353588	0.44089784247919866	0.08002163935622375	0.49118594518435443	0.08398775061004095	0.5163309413401919	0.08471539549922184	0.4749189679084066	0.08517138690828513	0.5405699394400321	0.08281881152397906	0.4539330534049044	0.08061403119724209	0.544479004718091	0.08067344971182056	0.4657453139024888	0.08189836122908721	0.5405962763773643	0.08186589720713174	0.4681448524503984	0.08161652621661505	0.5244675593143191	0.08466337884326508	0.4578401987755483	0.08337205970906304	0.5350736724818556	0.08226059388760097	0.4815409493981165	0.08461331871438683	0.5232860318670716	0.08468785465385086	0.4844127820807875	0.08570750518043507	0.528731991164185	0.0838616376385462	0.4948367754830113	0.5051632245169887	2.4659131695413303	3.0938859608204337
6100	2.4659131695413303	0.93	0.31410025838246874	0.05147989916655523	0.6888839129279347	0.053496404299456804	0.5499936249604116	0.08187589477488381	0.4431296542897669	0.08002584274319358	0.4916655897688712	0.08392923450922435	0.5146093367838731	0.08480011816895953	0.47508964131270015	0.08517008742208214	0.5397784235368831	0.0828753209606083	0.45411799899024397	0.08080338089358971	0.5443753458533778	0.08080870530867611	0.46644855961535187	0.08179231670755356	0.5416950718566408	0.08154412029124751	0.4671802302978846	0.08151171621043403	0.5236646700753647	0.08487151547737402	0.4573247148684455	0.08345151663470413	0.5332080435573078	0.08213693309173319	0.48142340997184646	0.08462690135410449	0.5226892796665521	0.0845262479993173	0.48438553269515905	0.08566897384943842	0.5281646415496217	0.08403687982110289	0.4950851900393185	0.5049148099606815	2.4659131695413303	3.0938859608204337
6200	2.4659131695413303	0.93	0.31360769408469114	0.05121149725034549	0.6902689390672873	0.05314285802034474	0.549346288949173	0.08213245618358651	0.4445676318418204	0.07994653804364064	0.4913454890222348	0.08357385545496347	0.5135009054594045	0.08455222836079261	0.4743276789681756	0.0851195999751321	0.5394703890340552	0.08273995769244508	0.45501526509641005	0.08117652159494994	0.5439077161634949	0.08066837125800425	0.466253490080296	0.08172574485441673	0.5420591788644822	0.08125544674128353	0.4674523903805272	0.08156106704911295	0.5234496421537713	0.08480073991944424	0.4583061754686657	0.08363738083680787	0.5326026405894272	0.08223335167944548	0.48085861406541397	0.08461610883497708	0.523015442642411	0.0848746759187291	0.48499614545542885	0.0856056125497702	0.5276243485388925	0.08413086539324512	0.4946808510638298	0.5053191489361702	2.4659131695413303	3.0938859608204337
6300	2.4659131695413303	0.9	0.31344645750127587	0.05078942843620977	0.6917306634640756	0.05278147351212078	0.5477631537194733	0.082005491980397	0.44593345227898873	0.08002987737334254	0.49148915214482214	0.08343775228916923	0.5140811688776853	0.08455847640439185	0.47309352650786773	0.08505455721770237	0.5392092514018441	0.0824801956386099	0.45566050816679543	0.08081356184410832	0.5434080227087076	0.08080788676516415	0.4665223698826995	0.0819379289960887	0.5420630147031091	0.08099610955200584	0.46858324497051046	0.08171752638005558	0.5228672845199042	0.08502517167335709	0.45766067324658316	0.0835892547869934	0.5322910562206624	0.08226831267982171	0.4813066627797394	0.08451522712128061	0.5233262500974207	0.08491788634797715	0.48472656231174466	0.08570676241191702	0.5279204493432469	0.08377992858023724	0.49381345177664976	0.5061865482233503	2.4659131695413303	3.0938859608204337
6400	2.4659131695413303	0.88	0.3129163810525855	0.050378480737827976	0.6917322352960071	0.052624866410838744	0.5480984417517609	0.08193266756038843	0.4479846927166397	0.0802590767140292	0.4917236578192163	0.08320750011392748	0.5125914635944516	0.08465177688560507	0.47375984777816704	0.08489224046795417	0.5387908602608292	0.08249399593782468	0.45609224896648104	0.08082455168025161	0.5424261663098133	0.08088563874606644	0.46729167402131716	0.08191984534715645	0.5423244502189632	0.08093992968200164	0.46981611640332016	0.08194631440889863	0.5234085457261156	0.08502231715344823	0.4574927917701004	0.0835429784365029	0.5308313809485647	0.08232889370341194	0.48141033148552514	0.08471741765672981	0.5235943576052304	0.0849353824887442	0.4841633304375931	0.0859757014417711	0.5280651565865575	0.08339178324837632	0.4943785134291068	0.5056214865708932	2.4659131695413303	3.0938859608204337
6500	2.4659131695413303	0.84	0.31301919262541544	0.05043265971667671	0.6922659031261285	0.05228133660489481	0.5467164981729286	0.08183178231357778	0.4488551303390569	0.08021319665127771	0.49214834902603666	0.08320096762242353	0.5130011561222093	0.0847120951409331	0.47320481563272493	0.08478989553867061	0.5385973710054818	0.08247394753935818	0.4581930694392782	0.0808472634097227	0.5426303730711652	0.0806757864308091	0.466902387357765	0.08216005327937603	0.5415544554476988	0.08101863435353637	0.4699893072002277	0.0817046211988963	0.5226075121909778	0.08505307948615985	0.4583577394701768	0.08341361454986773	0.5311886512265335	0.0824231520260382	0.48148917878042546	0.08461496582302871	0.5224845359004266	0.08506091798837694	0.48404505112077945	0.08587807085277707	0.5290147042210591	0.0834427396121023	0.4936961869618696	0.5063038130381304	2.4659131695413303	3.0938859608204337
6600	2.4659131695413303	0.94	0.31172784802945946	0.050177133382605946	0.6928965783316349	0.0518369780254014	0.545648916599416	0.08182663557806052	0.4495143042272865	0.08026570618682158	0.4925520915720363	0.08322078339323874	0.513272050731206	0.08442182625450625	0.4739216106945694	0.08481645307810662	0.5386168005355337	0.08272022770989691	0.4586549728733061	0.08118244402385004	0.5431507427479749	0.08076708799943305	0.46720328931376337	0.08210999312198106	0.5411185558274272	0.08099096283386632	0.4691279359767087	0.08164569957317115	0.523330678111178	0.08497274874393386	0.458540230463868	0.08342300322836294	0.5305476491043463	0.08222719851179644	0.48266327245232155	0.08458467987046878	0.5217209038219326	0.08530166084497824	0.48380294422201164	0.08585563079599287	0.528885085195296	0.08348050728881767	0.4928831011508177	0.5071168988491823	2.4659131695413303	3.0938859608204337
6700	2.4659131695413303	0.86	0.31118965910129814	0.04994036855506631	0.6923713678620285	0.05164704022445456	0.5454435556994752	0.08183075111768982	0.45011067855292586	0.08026092551533016	0.4924998709289823	0.08309224306319055	0.512729479113494	0.08461539394334178	0.47495615203493546	0.08468769000405	0.5380977883946966	0.08271807933904474	0.4588269980501291	0.08129022011958974	0.5429943725071302	0.08083297209499639	0.4679619740222292	0.08202780574264781	0.5407835614047535	0.08081120338389608	0.4708594990237791	0.08168943119138897	0.5234884955062763	0.08494073613121984	0.45910638705129425	0.08381592286528132	0.5300460536581584	0.08247618579645656	0.4811625628221045	0.08446763407444913	0.5228196164328659	0.08511380009053102	0.4841105558568637	0.08588984707113584	0.5279339922780953	0.08330762660398118	0.49134844868735084	0.5086515513126492	2.4659131695413303	3.0938859608204337
6800	2.4659131695413303	0.88	0.3111566084127002	0.049693278971635134	0.6934429326049075	0.051386468650868405	0.5452130458197412	0.08181272502102967	0.4515691553223986	0.08008450152320037	0.49200669026564425	0.08315169129882209	0.5112166021049641	0.08471767878863955	0.4749145353301085	0.0845654341110476	0.5366853774322435	0.08297459595385838	0.45882520778026176	0.08128749267465331	0.5418319403813112	0.08063728122606373	0.4683413504305141	0.08192899349518425	0.5401948209369463	0.0808251920179973	0.47115007478908366	0.08173431611153502	0.5233835481797946	0.08504915740138502	0.4584279070683783	0.08365015763751862	0.5294740576153386	0.08251251802948432	0.47998219405738285	0.0848216417194524	0.5225229062210947	0.08496591960335946	0.4844460611426627	0.08585568043236214	0.5279341302522321	0.0833442619634528	0.49103468547912993	0.5089653145208701	2.4659131695413303	3.0938859608204337
6900	2.4659131695413303	0.88	0.3110522474174867	0.04943082147378242	0.6933639269269903	0.05123999831501171	0.5434229220584865	0.08211566372666332	0.45251883095191453	0.0804305272078786	0.49232602165498596	0.08329256613495986	0.5101093337484826	0.08464511663002998	0.47440963345920073	0.08465997525670435	0.5359534868191782	0.08281837209963185	0.4581975501116317	0.0811219748655527	0.5425146722917135	0.08038845077634238	0.4690647785916395	0.08212498342760743	0.5408531756345711	0.08065796938271043	0.47151141389757495	0.08174441233709534	0.5227912595465984	0.08514714597768798	0.459176900459246	0.0839517828164333	0.529505323651657	0.08264507968922627	0.4797280026378008	0.08459982502058098	0.5224530784586242	0.08483730138943382	0.48494575878507995	0.08596444596387154	0.5288272264790389	0.08319225524804497	0.49145422943221323	0.5085457705677868	2.4659131695413303	3.0938859608204337
7000	2.4659131695413303	0.88	0.31097824509049715	0.049276286027356134	0.6948188444566907	0.050899950295230055	0.541840657524604	0.08220384406610234	0.4534178146534348	0.08051080093731713	0.4925238318795999	0.08312195350656956	0.5100387334988881	0.0846168280757258	0.47392606539245136	0.08454506657958298	0.5343310427248746	0.08294466918871948	0.45913142781080435	0.08127989528085112	0.542001828802089	0.0804446615613012	0.4691519706207245	0.08215302911239541	0.5399551597712017	0.08083350316951628	0.4719994402483093	0.08171043640496106	0.5236545663870313	0.08502980447863649	0.45969108041170637	0.08389836958637215	0.5288015799635607	0.08267902729917163	0.4798038019716597	0.08474434204046052	0.522062341695101	0.08494625970506872	0.4843259628348708	0.08572821993153629	0.5283866299544531	0.08329033561428273	0.49129069103369505	0.508709308966305	2.4659131695413303	3.0938859608204337
7100	2.4659131695413303	0.91	0.3102542306928296	0.04907219868886415	0.6953260190449476	0.05053917984167607	0.5397414659559718	0.08240026673764624	0.45423577011342026	0.08062661954741382	0.49251594394876824	0.08304867149059336	0.510553078332967	0.08482466676992804	0.4734513838496739	0.0845501624739971	0.5352202533724189	0.0828069353571964	0.4594348026226173	0.08109531079164946	0.5407727120999031	0.0802915726704186	0.4697333046921695	0.08212815034180823	0.5400578362390807	0.08107113344094295	0.472021684574	0.08144351446594156	0.5235453189582772	0.0850695406608803	0.46033705925309854	0.08385937701665502	0.5285497459119157	0.08277684134525891	0.4797871619020965	0.08482855583292458	0.5225495313483001	0.08505673893242902	0.4839212309976888	0.08560068760002712	0.5275873628869158	0.08336619767878971	0.4907094594594595	0.5092905405405406	2.4659131695413303	3.0938859608204337
7200	2.4659131695413303	0.92	0.3099498211393398	0.04873795835138522	0.695892798442898	0.050350320514340165	0.5391860276430089	0.08270412099894707	0.45527124636328353	0.08095206117694581	0.4920337977208827	0.08309688252497811	0.5101297639975204	0.08465524310141039	0.47303885852302247	0.08419621605106656	0.5342992011993123	0.08271328907962351	0.45872001095613957	0.08135048244640788	0.5406906277265071	0.08026328428560073	0.46981827145991917	0.08202290409998507	0.540320834427503	0.08098496925568477	0.4724039829096524	0.08153972398454176	0.5232424745669838	0.08510946943286907	0.4605150863466757	0.0841043320354625	0.5291379061771826	0.08279069775548706	0.47948564162500984	0.08478803169159878	0.5211894503186009	0.08493105055216896	0.48415656864779566	0.08561492047365457	0.5263999101105988	0.0833751304716976	0.49097723486951694	0.5090227651304831	2.4659131695413303	3.0938859608204337
7300	2.4659131695413303	0.89	0.30970222372666056	0.04851420615606266	0.6965443904821426	0.050030212190345744	0.5386678664013902	0.08272725939955729	0.45657456465357354	0.08111474618909982	0.49203574997369376	0.08280769468109143	0.5100462882879565	0.08451150222737226	0.4724302322661677	0.08428008054632362	0.533862965459482	0.08291943003184697	0.45839724551971117	0.08136578646152558	0.5414381793337498	0.08037494652177228	0.46992144920411016	0.08212912124121875	0.5410022939476217	0.08101559497357455	0.4736160601870449	0.0817907976533317	0.5224052507653832	0.08519317795281864	0.4618427797936722	0.08421723155276829	0.5294039344161308	0.08285699282301233	0.47971584439856774	0.08468206247009995	0.5209743934417234	0.08496679886479569	0.48443134047119407	0.08574608125801612	0.5252051098145187	0.08334762771694225	0.49096385542168675	0.5090361445783133	2.4659131695413303	3.0938859608204337
7400	2.4659131695413303	0.89	0.3089018100986049	0.04842788337987351	0.6966365642258844	0.049915163775382555	0.5373164175788833	0.08293322638078103	0.4574982416305418	0.08127213678856307	0.49183944682761976	0.08275195290055798	0.5095076930027616	0.08459866220452493	0.47249683253182584	0.08416919635938508	0.5342638803480559	0.08281280306155281	0.45801999100148255	0.08146655345618241	0.5419843695413026	0.08006503187783505	0.469938908844657	0.08231583716358615	0.5407765176935247	0.08118243011330326	0.473786999552628	0.08197923774277988	0.5213961059855016	0.0852335083869139	0.46203755254823686	0.08413896358543213	0.5299824192876939	0.08307830497882863	0.479968180290581	0.08436670476678569	0.520630168498432	0.08480210371670054	0.48545494784338267	0.0857147587312946	0.5239393720092509	0.08337569557227494	0.4916261480280929	0.5083738519719071	2.4659131695413303	3.0938859608204337
7500	2.4659131695413303	0.87	0.30849767944545414	0.04819717522583295	0.6974540982217491	0.04961350024289063	0.5359891775473942	0.0830354397943746	0.4578234139961949	0.08122662889082766	0.4922620254214706	0.08296352342811744	0.5098900616672016	0.08456939135937598	0.4725430873257334	0.08390663781088699	0.5327587256528433	0.08285773359378908	0.4578482562500547	0.08151539966173997	0.5408878026587963	0.08024247766235776	0.47013586584033806	0.08238054530543466	0.5397682395824124	0.08131164471075768	0.47344615144227603	0.08177087981088031	0.5216171102974438	0.0852448461721917	0.46207074992822755	0.08408537063088377	0.5293172041293583	0.08286896810888042	0.4806582861976311	0.08454799971876607	0.52062021406676	0.08490314171012732	0.48596071915137784	0.08585312978645379	0.5237994948284113	0.08359214444506968	0.4914712153518124	0.5085287846481876	2.4659131695413303	3.0938859608204337
7600	2.4659131695413303	0.81	0.30862269391108044	0.048296418306554935	0.6964186657424085	0.049469946745420115	0.5350090399804077	0.08312163224890706	0.45829357518156266	0.08140883624204444	0.4914734685452994	0.08292038613545628	0.5102321953730882	0.08479352882566742	0.47292360807348505	0.08390984504665801	0.532382152712003	0.08307089304125531	0.4588120696517568	0.08153223059078842	0.5411447884059315	0.08053082465516	0.4703524610679448	0.08235896416665918	0.540835957744424	0.08135137122850288	0.4733670877047218	0.08169253584950044	0.5215470566725615	0.08527267085451634	0.46287109425623424	0.08400363126581163	0.5289171413989437	0.0828066673260622	0.48098090837877655	0.084531883059529	0.5209377297802762	0.08477016131399807	0.4859391515723847	0.08589027949929527	0.5236482922685947	0.08366677428056447	0.4927669647553919	0.507233035244608	2.4659131695413303	3.0938859608204337
7700	2.4659131695413303	0.86	0.3077677177296775	0.04814934345076686	0.6971388317784195	0.04929339805399276	0.5330346102995906	0.08311712787765702	0.45870282354251424	0.08144030358282603	0.49092461108568314	0.08275852444707665	0.5103967068209675	0.08504106750089918	0.47353930927509064	0.08367683821293179	0.5325789201718852	0.08304635055827571	0.4590223315998222	0.08137234396110454	0.5402514386680224	0.08061579491986656	0.47032273747072284	0.08240860538662949	0.5405348274687588	0.08118996107234519	0.4737029023144721	0.08144633574867827	0.5210967044929513	0.08528428675139972	0.46294316896559873	0.08403956509131959	0.5285308617621965	0.08293007696210994	0.4811235802712308	0.0843823555489078	0.5219608184610781	0.08481724330892804	0.48536856317798366	0.08597264295054143	0.5240909894666257	0.08379670743229346	0.4929906542056075	0.5070093457943925	2.4659131695413303	3.0938859608204337
7800	2.4659131695413303	0.81	0.3076628558314428	0.04802158758857126	0.6968225565710935	0.049261466674527854	0.5310018720564442	0.08314181015390344	0.46086104487325713	0.0815482777555751	0.4908138286003197	0.08280651353161375	0.5101552017176467	0.08523046942690442	0.473313764046935	0.08346964153914489	0.5327099356506869	0.08294496965901843	0.4588122896689774	0.08136085234917993	0.539154676628099	0.08062031867046358	0.46940433313008895	0.08229265335634543	0.5402575786381383	0.081386722920928	0.4733416222707329	0.08142343230103206	0.5214991181180013	0.08510787054116148	0.4633558868544142	0.08393630845254346	0.5284144300611698	0.08301255797792145	0.48053139710782944	0.08424435080453666	0.5216475727151427	0.08469009904852229	0.4855929543282206	0.08585180613892586	0.5230136817011118	0.0839596630067533	0.493208610968734	0.506791389031266	2.4659131695413303	3.0938859608204337
7900	2.4659131695413303	0.87	0.3071496523348577	0.04787676225791571	0.6972548694565969	0.0489197719155004	0.5301245596600428	0.08340469276167355	0.46179356741453104	0.08152078553206075	0.49132513554096685	0.08263805897468539	0.5108414255194452	0.08507950365293451	0.47373862547452783	0.0834933880489259	0.5324866943029398	0.08303144547838881	0.45905018995410557	0.08116923168355918	0.5389919940861568	0.08053864763020917	0.4691933230669979	0.0821960745100369	0.5395354291793314	0.08133336532591479	0.473899913027082	0.08141303498232333	0.5218529521280227	0.08504715515734773	0.46392021552637025	0.08396642867866919	0.5276517804810607	0.0830461677040061	0.4807588871128588	0.08415217625619638	0.5208682962874686	0.08454287196692374	0.4857499468501174	0.08578698742344099	0.5241817612160176	0.08376217890191341	0.49190283400809715	0.5080971659919028	2.4659131695413303	3.0938859608204337
8000	2.4659131695413303	0.85	0.3068971039295219	0.047772990739997974	0.6961281539154263	0.0489465324295373	0.5297844401375787	0.08339072503905978	0.4621354785322527	0.08182276315999515	0.49138088147747166	0.08287018191541523	0.5111146025835142	0.08509834990305379	0.4735871081106393	0.08353643814563166	0.5323827939904909	0.08312998342695396	0.45886297995235664	0.08118693514966072	0.5393312116592689	0.08061833751332502	0.4692179494245363	0.08226585863967299	0.5392811701806036	0.08140802434896714	0.4747894635382041	0.08153026663278173	0.5225347659619282	0.0849492754162227	0.46440257001622454	0.08406473033274463	0.5274885572468739	0.08317722815776427	0.48031598870282927	0.08405876938157596	0.5203910775051109	0.08462457628339344	0.4862225739064878	0.08587158585011243	0.5238776083649694	0.08369309278055902	0.49225387306346824	0.5077461269365318	2.4659131695413303	3.0938859608204337
8100	2.4659131695413303	0.89	0.30603167853741564	0.04755917623347472	0.6962500352689899	0.04885315802971649	0.5286039372668472	0.08341995099703661	0.46215197723088497	0.08174399522691998	0.4915586915509664	0.08287186301545434	0.5099000807623656	0.08508588807712884	0.47431611413609026	0.08359361584291611	0.5324716375591384	0.08317872354957626	0.45934061995872955	0.08111934522928722	0.5393738178475722	0.08072913711699085	0.4695254006648159	0.08214429253954217	0.5389658994251569	0.08169337776277709	0.4752709159123826	0.08180721342913139	0.5220360147167692	0.08509089917033894	0.4643827854829384	0.08413809494803956	0.5281468368379061	0.0830154449808154	0.48176368946635484	0.08422194676483755	0.520067579908768	0.08449605449253823	0.48707560953167806	0.085943499165439	0.5229939307840071	0.08385712494649641	0.49346001974333664	0.5065399802566634	2.4659131695413303	3.0938859608204337
8200	2.4659131695413303	0.87	0.30571149087436233	0.04737104137969203	0.6964270243948346	0.048626447900868626	0.5281874677828319	0.08332029402460088	0.46345333236001	0.08185911009538124	0.49080059076935806	0.08294136297577931	0.5095166093774961	0.0849394212949574	0.4747414772873267	0.08365274484039734	0.5319364521009229	0.08310050200358357	0.46002237696798415	0.08128792926804278	0.5390409565496489	0.08066298040933106	0.47000678024928283	0.08223471128072338	0.5392484127313729	0.08174619551859054	0.4754535333759521	0.08175779011626128	0.5219099953134818	0.0851797313803093	0.46520607752389526	0.08415392811334119	0.527309084549964	0.0832077993595746	0.4822024785271726	0.08406239525758484	0.520143519573904	0.08429212668183886	0.4867806937248259	0.08588917090911324	0.5221283029698843	0.08376583212785361	0.49414919551438324	0.5058508044856168	2.4659131695413303	3.0938859608204337
8300	2.4659131695413303	0.86	0.30522456630951067	0.04717496117077041	0.6962838966131144	0.048551288022733945	0.5277482938140696	0.08331253124190639	0.4641681738123637	0.0820495789150281	0.4905801313281805	0.08299222624516117	0.5091154869798677	0.08492619097085227	0.474659127717484	0.08380011373765119	0.531649025466787	0.08320207129904837	0.46096160244529866	0.08130955283785585	0.5388129298729293	0.08072636469991931	0.4692486550753762	0.08204177856393727	0.5383197320290791	0.08163633852266446	0.47551454007611665	0.08192239020269397	0.5219522920461751	0.08521781392319154	0.46562510119120504	0.08398763327743586	0.5269501303509652	0.08329913325210028	0.48216986215214064	0.08410849810353392	0.5206147283974379	0.08437636619357433	0.4873563138862951	0.08589398653080706	0.5219828679924834	0.0835933615887583	0.4951830443159923	0.5048169556840078	2.4659131695413303	3.0938859608204337
8400	2.4659131695413303	0.9	0.30460991616688765	0.047065801774313396	0.6968968248153534	0.048335479746239564	0.5267024314537431	0.0834007697643318	0.4646359220794149	0.08187441529354994	0.4903814882209407	0.08298605441246983	0.5088624415640284	0.08472085696675584	0.4749330519441742	0.08366621008151967	0.5321153220233479	0.08326647903438839	0.46188895381963313	0.08133577024412253	0.5384515035318249	0.08090018064272021	0.4693507477544561	0.08223427189106185	0.5374210193490486	0.08196388285376958	0.47620691106298146	0.08192788878778758	0.5223114521827515	0.08522924619794234	0.46581782446979975	0.08384712530013777	0.5265764145528564	0.08323764984197068	0.4827409338898375	0.08387378569056034	0.5206783120551056	0.0843450598397767	0.48727388529007704	0.08574316954181109	0.5225945445048963	0.08338286861661837	0.4959543074726321	0.504045692527368	2.4659131695413303	3.0938859608204337
8500	2.4659131695413303	0.85	0.30396048353076055	0.04692978133107486	0.6967864475690353	0.04820454794611758	0.5260219595355901	0.08352067118835126	0.46517502343849315	0.08194782918163247	0.48996032806222295	0.08284241611005157	0.5096297626954898	0.08456410781533902	0.4759452323370244	0.08394330890277288	0.5320182029210984	0.08338869456941238	0.4627690738558826	0.08132298928860184	0.5384071005838428	0.08094558278883439	0.4689393338282524	0.08222364218335423	0.5370681183704403	0.08193345515493654	0.4760122295432619	0.08218623263996833	0.5216207591875748	0.0853263296512113	0.46544493097613016	0.08395043625907848	0.5263402729269593	0.08305766121702537	0.4830544946889976	0.08405468338454523	0.5204751865846604	0.08435203245393674	0.4870455722412784	0.08578584277354188	0.5221319627046479	0.08317656483166185	0.4963546566321731	0.503645343367827	2.4659131695413303	3.0938859608204337
8600	2.4659131695413303	0.84	0.3039001162820222	0.04688790801351173	0.6967292833158221	0.04827937953170385	0.5247900279693525	0.08361667755439979	0.4666164360053547	0.082238156306734	0.4901055863194544	0.08298797011729646	0.5094721443662139	0.08451372552001704	0.47583580736999115	0.08385610644246375	0.5323923974697549	0.08332549375270855	0.462696016050293	0.0813699019757823	0.5380582984832586	0.08111408191876884	0.46913707915757347	0.0822207718214356	0.5365603940051031	0.08205898745914537	0.4760692981440388	0.08242147566521242	0.5211606967005367	0.08529608830992293	0.46625182832598616	0.08407961876839147	0.5264993037750392	0.08301895134637818	0.4825206070228855	0.08408565051870044	0.5210767401700851	0.08424100918356592	0.48667337568013125	0.08566773611021693	0.5219154672859598	0.08317112638653125	0.49604834960483496	0.503951650395165	2.4659131695413303	3.0938859608204337
8700	2.4659131695413303	0.93	0.30304582881149583	0.04673869033190723	0.6968139111370668	0.04804076940801374	0.5236991232881921	0.08354256710480347	0.46734097361767085	0.08243362683818643	0.49042415509752724	0.08290456760659977	0.5095212991569923	0.08445897048344521	0.4759698525009674	0.08398570180648213	0.5327113124724163	0.08316053622116283	0.4625135755113002	0.08139181107561265	0.5378843643195043	0.08097789859747186	0.4692977310157028	0.08238640914620128	0.5360783824714833	0.08210479836276705	0.4771012597702201	0.08233824732650781	0.5216065114606288	0.08514471260690742	0.4660637636231912	0.08393427080785078	0.5264239389823427	0.08305665546065351	0.48334422649912395	0.08403657185109892	0.5214046678828862	0.08412087276611009	0.4863533002025702	0.08557086044919793	0.522314621839691	0.08329968721798672	0.49609375	0.50390625	2.4659131695413303	3.0938859608204337
8800	2.4659131695413303	0.87	0.3023953508167925	0.04658488004961886	0.6971905117055244	0.047915745118693405	0.5224680368163744	0.0834791111954502	0.4688959568861828	0.08262437428829311	0.4905225324826056	0.08290562804488064	0.5088454605830022	0.08457189988275256	0.4760294323206894	0.08406746106083068	0.5325214970045277	0.08311483976620987	0.46268494664727816	0.08149967690535527	0.5364724824778568	0.08118630964740536	0.46908215179322055	0.08228097784842796	0.535376258794131	0.0820044108772967	0.4775692267281485	0.08253726276898327	0.5216515437944867	0.08474393292381908	0.46596652656867393	0.08390501192718774	0.5256168909785329	0.08315493458301938	0.48291160198171146	0.0838454560670799	0.5216999336981247	0.08401591284501922	0.4866507731466858	0.08552236965519712	0.5222862440595942	0.08310989102949767	0.4957973648341663	0.5042026351658337	2.4659131695413303	3.0938859608204337
8900	2.4659131695413303	0.85	0.3023578773998474	0.04645306266702229	0.6969884712858643	0.04776211030321194	0.5214365964414367	0.08343850426761451	0.4702834579471201	0.08268185551591165	0.4897804419087027	0.08285767853457031	0.5092215015567736	0.08459999815044371	0.4765034221342268	0.084180700268113	0.5328569814340637	0.083091689119453	0.4628086978346192	0.0815526496495952	0.5366702532434644	0.081103169257026	0.46871525533245395	0.08225627582041173	0.5360145896995249	0.08206398081473856	0.47755570856645213	0.08266838991832212	0.5208627099913984	0.08501059480391485	0.4662166746684346	0.08406259518288087	0.525856256424058	0.08326805058490482	0.48221078251924515	0.08378906795112565	0.5215858904533303	0.0838946106554433	0.4867606001738406	0.08568875101332493	0.5215953201836165	0.08313012015567896	0.49618149146451035	0.5038185085354897	2.4659131695413303	3.0938859608204337
9000	2.4659131695413303	0.89	0.30160880878836654	0.04623184604563222	0.6970541612422079	0.047691779047074126	0.5211945146141558	0.0834569101131727	0.47115444610779195	0.08270097461728163	0.48998855614724385	0.08284916148062013	0.5092652342278067	0.08477200309689137	0.4765343083372386	0.08415869688840054	0.5329983492966641	0.0832747948885469	0.4626021504917543	0.0815357442009437	0.5370551467901509	0.08109729721221222	0.46919770155976215	0.082467182623396	0.5351047934361622	0.08204725326046383	0.4777103413366409	0.08276497405425709	0.5212210673360594	0.08479507861904668	0.4661647334878425	0.08393999544007678	0.5255493707503359	0.08338346070779924	0.48255533772172077	0.0838259201712619	0.521116976449157	0.08383982115484702	0.4874280643632927	0.0856390012833726	0.5220682751189754	0.08323412595976655	0.4955575299866726	0.5044424700133274	2.4659131695413303	3.0938859608204337
9100	2.4659131695413303	0.86	0.3013291273062436	0.04614536755396941	0.6971878223984258	0.04755119865602839	0.5201382761299774	0.08354625990233386	0.4720787383289765	0.08290008626922966	0.4898937331992103	0.08288787532577602	0.5098005858296667	0.08466111985231846	0.47724132367520966	0.08428518842269253	0.5322832559486459	0.0832172331739458	0.46373506243617757	0.08159412760394583	0.5361647229743557	0.0811427836483438	0.46907952998247937	0.08231905994277533	0.5350974750711524	0.0819324289937681	0.4774250009162703	0.0828533014374043	0.5204031370104573	0.08486217485814736	0.46651445512957823	0.08386801007444625	0.5251051822393574	0.08347390516293933	0.48214322887010463	0.08387629153084719	0.52094268989223	0.08367223385474801	0.4885600102794141	0.08567781007022407	0.5220415535581797	0.08316257050149455	0.4952768014059754	0.5047231985940246	2.4659131695413303	3.0938859608204337
9200	2.4659131695413303	0.77	0.3012796566652648	0.04611329404029316	0.6973055187133543	0.04741716956490839	0.5191345099205728	0.08341911940437097	0.47264737328236367	0.08283986507985913	0.4896693751310237	0.08272928044862692	0.5111589220999198	0.08472265292348158	0.4771370626673466	0.08442338001656992	0.5321904953713281	0.08345919901321955	0.4640152891261949	0.08181774013057591	0.5357682972062936	0.08133670422105779	0.46924674732682303	0.08222732576248078	0.5344464717266459	0.08211507204450917	0.47771739747043085	0.08297062456937855	0.5202877300199077	0.08475324106783015	0.4663186282639597	0.08389767966071217	0.5249806849189402	0.08349863571900679	0.48262170823423073	0.08375662743316113	0.5209901360933487	0.08371327851143148	0.4884877349495278	0.08573950395593875	0.5212911221745227	0.08323292187453787	0.495219469795741	0.5047805302042591	2.4659131695413303	3.0938859608204337
9300	2.4659131695413303	0.77	0.30169426122878	0.045996142830308354	0.6969006649306546	0.047350919528516125	0.5173835920092134	0.08368489785819963	0.47365406102173846	0.08283243066125759	0.4899237955720858	0.08276741375041816	0.5115353466263448	0.08478453352583451	0.4774191249945677	0.08446410567096736	0.5314681639001315	0.08362041425982501	0.4644918029540891	0.08180167229803166	0.5351817125255434	0.08146136831711756	0.46939522526122884	0.08224906083793403	0.5339195673649662	0.08216165116814599	0.4781952715769786	0.08303523632373454	0.5201140802179051	0.084516026855204	0.4667911893803692	0.08405372334900044	0.52547514230216	0.08354843127171116	0.48283737592543063	0.08341998480806935	0.5209694491391293	0.08375469530382652	0.4887063288190785	0.08580450209665337	0.52155281728839	0.0830606020662367	0.4955932932072227	0.5044067067927773	2.4659131695413303	3.0938859608204337
9400	2.4659131695413303	0.84	0.30128855141273075	0.045835426334505	0.6968684487836404	0.04742627195402227	0.516231843461216	0.08376334502048369	0.47436623330684574	0.08300770139181292	0.4905518079051804	0.08259463437735665	0.5109374579662828	0.08477619080612116	0.4783910171548497	0.08450748223017181	0.5313323982457765	0.08377688585793118	0.4649442019144795	0.08171338296852886	0.5350063424461132	0.08151425883309417	0.47023358151197986	0.08221125456086338	0.534577138012541	0.08229439811054805	0.4781033531995515	0.08290771574170709	0.5200308542656171	0.08435946244740576	0.467293330493182	0.08420295058072381	0.5248484896692882	0.08363449278665774	0.48312836386635877	0.08354098254820135	0.5214832423257526	0.08382365216279182	0.4895622640588328	0.08589413778414598	0.5207229651528753	0.08312264143817612	0.49595916631220754	0.5040408336877924	2.4659131695413303	3.0938859608204337
9500	2.4659131695413303	0.85	0.30100017787761735	0.0458321456728161	0.6971471980861731	0.04727336622215194	0.5148600961487881	0.08366610326702369	0.4747641706182109	0.08290916727114601	0.49080993411056556	0.08248093102066585	0.5113344998547102	0.08478327153435186	0.47856648571523197	0.08452721703447008	0.5320796783666909	0.0835459558646542	0.46504210115835065	0.08179746501540662	0.5350461315361396	0.08146329525045652	0.4703540484345272	0.08208716570099349	0.5347626064621631	0.08236235071485232	0.47837304373340434	0.08280691212723132	0.5194783121233071	0.0843483219226431	0.4676454309803905	0.08416089147197627	0.5244324257487321	0.08363176002567542	0.48350837794199925	0.08359239637481888	0.5208433741655735	0.08380571494366922	0.48946507526521754	0.08586467318547539	0.5205878999933913	0.08311799232568969	0.49610690235690236	0.5038930976430976	2.4659131695413303	3.0938859608204337
9600	2.4659131695413303	0.89	0.3004881177779377	0.045716158196569115	0.6976118468449988	0.04710240838905054	0.5145882651010407	0.08353377914477593	0.4762222268363973	0.0829322819737128	0.4906834817900624	0.08254916284249895	0.5116735624502521	0.08472357001259195	0.4787023840990713	0.0845444839066951	0.5324153038924211	0.08346888496713512	0.4655719354922852	0.08195308830223014	0.5353326305810931	0.0817369697088686	0.4703107769746342	0.08205019902551208	0.5339486877293509	0.08243364558223923	0.4785398300129611	0.0830686218885072	0.5188984228769894	0.08428345784456925	0.46750593999017964	0.084161462862787	0.524749303322742	0.08374854457114125	0.4836787796455195	0.08351520998687759	0.5214012757935416	0.08372455521077378	0.4886539192468787	0.08584845148697628	0.5200728982104273	0.08304822903249551	0.4956268221574344	0.5043731778425656	2.4659131695413303	3.0938859608204337
9700	2.4659131695413303	0.88	0.2995446222837083	0.04557327798546195	0.6975682543494055	0.047139981687651815	0.5138443162310603	0.08373971218722635	0.47697457136980026	0.08313197125353197	0.49088978132936667	0.082283295977198	0.5118417779802985	0.08473440728803643	0.47909878188834715	0.08453304420790501	0.5317619186039771	0.08359095372157362	0.4653598178704365	0.08180846053085249	0.5346333713295668	0.08164304263681496	0.4705851441996068	0.08207356471098935	0.5346971824063931	0.08237827263556897	0.47808557586355976	0.0831087447482748	0.5192758746565015	0.08431858563796146	0.4684775627369637	0.08426024346205022	0.5249238708539018	0.08391059414556272	0.4838130063835109	0.08348481659906123	0.5210178178084133	0.08353758413158023	0.48823247085332555	0.08599555554037669	0.520004547117291	0.08292582789236795	0.49598103874690846	0.5040189612530915	2.4659131695413303	3.0938859608204337
9800	2.4659131695413303	0.8	0.29905186657724153	0.045483342616896356	0.6972997023278745	0.04717240338849184	0.5124709403395581	0.08370424954035346	0.4779013659903396	0.08342285658949876	0.4909014924782669	0.0824557659208706	0.5116457904411967	0.08466999615983244	0.48024982828461577	0.08452681915702635	0.5316253913447782	0.0836554426729986	0.46598828930194264	0.08190226531884949	0.5345355444420621	0.0814778895943168	0.4703549317715997	0.08221476149825764	0.5341486822046927	0.08251580135706654	0.47883007979827646	0.08326463284326921	0.5186860857103366	0.08440263293302334	0.46847972535920535	0.08423330829953522	0.5244533078237225	0.08393850913044842	0.4837417708493463	0.08360270852815804	0.5205766731795418	0.08360583309077432	0.48822089542864455	0.08579940323438123	0.5192110144762757	0.08298848739106136	0.4959200326397389	0.5040799673602612	2.4659131695413303	3.0938859608204337
9900	2.4659131695413303	0.83	0.29915967349773714	0.045558092834405484	0.6972346969008928	0.0470959932517619	0.5117702748325226	0.0838468173986817	0.4787373300720805	0.08349713892102371	0.4908416818481867	0.08249868098330636	0.5116175227047027	0.08471553874518131	0.4799847760303358	0.08448921755814755	0.531720413308123	0.08355495512066302	0.46716356063956577	0.08194685084072675	0.5338991743854826	0.08158177610749687	0.47125604581638986	0.08237467002367839	0.5344438209534899	0.0825002921017767	0.479316518875661	0.08325889778230067	0.5185610444441264	0.08436010540891625	0.4691678813772778	0.08408160381782386	0.5242608958140931	0.08380495858109725	0.4845819799727556	0.08351905937086146	0.52086958937572	0.08340003512691825	0.48842500419627055	0.08562873855588155	0.519176819464371	0.0829509524209368	0.49686995153473346	0.5031300484652665	2.4659131695413303	3.0938859608204337
10000	2.4659131695413303	0.87	0.2988938150073438	0.04541313417054226	0.6973677312647989	0.04696237961625265	0.5114467468828999	0.08367259851508059	0.4796570920598199	0.08351244386290552	0.4913829834867878	0.0825481462548574	0.5119131852277401	0.08461693731496747	0.4799045702198439	0.08456759109591153	0.5318040827995226	0.08363835728048796	0.4673134612394804	0.08198063805390327	0.533502794762356	0.08169153825825494	0.4716424718565809	0.08228798200980969	0.5341595741696397	0.08241994178017897	0.4789189879482046	0.083108755478091	0.5190118489009846	0.08433816118396177	0.46857813300573425	0.08405287172419151	0.5235541872455514	0.08378077881215523	0.48459439197602827	0.08340379343990989	0.5212277640549117	0.08329793862325292	0.48761661018178376	0.08568596006484686	0.5191667335768129	0.08295613900372835	0.4973010795681727	0.5026989204318273	2.4659131695413303	3.0938859608204337
0.8726732673267328
