DAG
attr0 has 1 parent(s): {output}
attr1 has 1 parent(s): {output}
attr2 has 1 parent(s): {output}
attr3 has 1 parent(s): {output}
attr4 has 1 parent(s): {output}
attr5 has 1 parent(s): {output}
attr6 has 1 parent(s): {output}
attr7 has 1 parent(s): {output}
attr8 has 1 parent(s): {output}
attr9 has 1 parent(s): {output}
output has 0 parent(s): {}
GlobalHidden_0 has 0 parent(s): {}

Sample	GlobalHidden_0	 Accuracy
1000	2.4659131695413303	0.479	0.3897700121448107	0.07061903629954264	0.6368171034952256	0.07340895640851942	0.5047066767939677	0.09124273128402317	0.4751586407230364	0.08776475838343528	0.48710664092787065	0.08921659427184285	0.5558010310352834	0.08523163501630725	0.4293626024029023	0.08713019904245077	0.579361552661709	0.08381996186371479	0.43522631090816377	0.07982301188330525	0.5785991898376871	0.07534938750557496	0.43624971700683923	0.07973312616652511	0.5770033905251679	0.07866944481369131	0.42915890141598634	0.08677723244480548	0.5518748509418384	0.0793072183409831	0.4299151995657155	0.08529218799362707	0.5601206489364994	0.08052355179618251	0.4423256537981315	0.08261974041341279	0.5459621014623725	0.08481932716514784	0.4512415701561386	0.07995250791583858	0.5649971222241346	0.08274966257991967	0.47908366533864544	0.5209163346613546	2.4659131695413303	3.0938859608204337
2000	2.4659131695413303	0.819	0.35924938240383425	0.06270586060868595	0.6450838818569051	0.06719181581353591	0.544296529613289	0.08523001046054923	0.44824828722473126	0.08308865766476703	0.4801934674197693	0.0861963058437003	0.5427304216036674	0.084716796995255	0.45270485960991885	0.08486605215617997	0.5674213709069389	0.08189321338520927	0.45155124415695413	0.0780924843053173	0.5731536259466843	0.07570353297170368	0.4419082966770904	0.07970200411804591	0.5733021881644873	0.08025096111733171	0.4468757321102449	0.08359159002040514	0.5436642943441935	0.07998444574670777	0.4460505563118729	0.08546503156249864	0.5552429210359991	0.08388514977274485	0.46542492158168197	0.08458578097038409	0.5336063557384755	0.08285992993650361	0.46404007565005206	0.08526264435462372	0.5602113737684159	0.08283086630334627	0.4945109780439122	0.5054890219560878	2.4659131695413303	3.0938859608204337
3000	2.4659131695413303	0.846	0.35165871844258884	0.059695448965929786	0.6484936740356287	0.06493814505977664	0.5677955961501582	0.08324864784658832	0.42704619049546083	0.07986534106218801	0.48993800371883056	0.08499439959360382	0.531873232049925	0.08487425549324758	0.45582081492956045	0.08348485522337343	0.5561801182072112	0.08302909039482906	0.447210018887044	0.07842953050291951	0.5562263925443738	0.07888813277207822	0.4505276752142945	0.08148866493342488	0.5545270845032222	0.0813236459709614	0.4482082734459184	0.08197101093190924	0.5352155418462853	0.08234222282192609	0.45173119355046865	0.08439445088110566	0.5455542091664356	0.08352092814098644	0.46918448743845487	0.08305443687162731	0.5321777691182941	0.08360683290654863	0.4749499649545049	0.08565676817084042	0.5485712997523867	0.08237976325792983	0.5023302263648469	0.49766977363515313	2.4659131695413303	3.0938859608204337
4000	2.4659131695413303	0.91	0.3369453585379757	0.05660069588452765	0.6614129219501722	0.060890566939594465	0.5666229347039354	0.08135092818776993	0.4256109747057577	0.07816428647398947	0.48978844352563866	0.084084753846919	0.5272835108476316	0.08463822609743396	0.46017876324373763	0.08426166451523638	0.5504656202878182	0.08354101968985587	0.45105522943267784	0.0790969974898113	0.5522122084509968	0.07914083116994317	0.4544435423011417	0.08068407114514332	0.5499191723147552	0.08101965801878491	0.457265677985062	0.08097276173344123	0.5291524690197887	0.08389302999572845	0.4519389068570175	0.0831145975002756	0.5391312163168452	0.08168323102353287	0.4775392086904469	0.0842256411730092	0.5235300453780152	0.08407130676042612	0.4816685292268522	0.08598077998750199	0.5354376134256327	0.08167404375475014	0.49475524475524474	0.5052447552447552	2.4659131695413303	3.0938859608204337
5000	2.4659131695413303	0.931	0.3257613251313618	0.053976643237635215	0.6759179634904059	0.05722401321824919	0.5575838617694862	0.08196465171967393	0.4331583318717025	0.07839192962143608	0.4914990940930732	0.08441301416670219	0.5215354833158533	0.08427825604462723	0.46914840378218814	0.08477246539456763	0.5447211055396829	0.08302555030154425	0.4522301197720782	0.08113223667820031	0.549430974925307	0.08019871648463664	0.46290852364537227	0.08219026482283699	0.5470585035439979	0.08269403218267117	0.46255707748365565	0.08025230957131932	0.5272224191661123	0.08434275886905306	0.45473308101406384	0.0830488805880247	0.5367042368651553	0.08124413833671482	0.48584534612394564	0.08495213056135692	0.5231126042011941	0.08466984094255381	0.48454610434280804	0.0862539189250881	0.5341691727702664	0.08280664835978763	0.49320543565147884	0.5067945643485212	2.4659131695413303	3.0938859608204337
6000	2.4659131695413303	0.911	0.3159370393154246	0.05133912300169363	0.6859725269318108	0.05361825968379372	0.5496455566084374	0.08173271988193329	0.4412472328747704	0.07977263544149742	0.49113068359790496	0.08396699409026297	0.5166946910409203	0.08475005489824	0.4744433444955227	0.08504242244050299	0.5408100074774083	0.08278631231971062	0.4537491134851788	0.08057476809663537	0.5447252084133245	0.080579846811997	0.4656799007696635	0.0818357932118032	0.5410404699858729	0.08171044418457384	0.46787456679661665	0.081498361144476	0.524739360190296	0.08462114028736122	0.45748932443847673	0.0833167721908062	0.5353556426365044	0.08221942930126552	0.48165947418988014	0.08447218410990819	0.5233668122473757	0.08464881194073698	0.4838727122779568	0.0856595979194475	0.5293474385909538	0.08374745011155044	0.4948367754830113	0.5051632245169887	2.4659131695413303	3.0938859608204337
7000	2.4659131695413303	0.882	0.3118469990249902	0.049028062180441964	0.6940715227163724	0.05074103990085358	0.5414597215566345	0.08187265693397819	0.45353807576070193	0.08018256307361228	0.4924530391625231	0.08310339837993114	0.5103677843233728	0.08462575507078743	0.4735172267710693	0.08443644350142145	0.534546962682354	0.08289219149527689	0.45894069576585017	0.08123075980679294	0.5422208069829977	0.0803639920924209	0.469071226117003	0.08209167854900891	0.5403493060249925	0.08070448749029131	0.47172801098953415	0.08160457952006878	0.5238955126192333	0.08499671843195564	0.45937249848683676	0.08385216426256398	0.5291033991024464	0.08262044728111516	0.47991026471261133	0.08462528384642595	0.5221466433725127	0.08491518406405926	0.48385929038231135	0.08568812523315864	0.5289062527233651	0.08319636444695419	0.49129069103369505	0.508709308966305	2.4659131695413303	3.0938859608204337
8000	2.4659131695413303	0.867	0.30771515214040784	0.04755087668386068	0.695500437770763	0.0488107097589962	0.5296672812020086	0.08299250110135824	0.4621172342471832	0.08147892977252696	0.4913385348801103	0.08285405348873345	0.5113998357269902	0.08510598784090236	0.47322326861816966	0.08344248416159693	0.5325780767150158	0.08308527286769206	0.4586963441251164	0.08114557304635966	0.5395452245199773	0.0805475390649349	0.4691461461328522	0.08221336650042882	0.5396333589743689	0.08129799913494293	0.47452725212674	0.08143507087848938	0.5227506818524267	0.08492209735808888	0.4640918202794369	0.08401081377471173	0.5277631256822021	0.08312688329352483	0.48041300627663514	0.08395562609475364	0.5204836711785953	0.08459896464227638	0.4858000596407621	0.08583671555560472	0.5243796021521807	0.08360407370778705	0.49225387306346824	0.5077461269365318	2.4659131695413303	3.0938859608204337
9000	2.4659131695413303	0.874	0.3023914267032258	0.04602417048659215	0.69649265188443	0.047570777952851806	0.5211873530224004	0.08304913359314339	0.4710428040889494	0.08233204732619301	0.489972670120242	0.08283450899924694	0.5095197139553357	0.08477932844952589	0.476184151850302	0.08407175813005761	0.5331733851634669	0.08323510461400471	0.46243629039983786	0.08149079966636678	0.5372622336569511	0.08103256561010486	0.4691370623892067	0.08242215895555724	0.5354737687323206	0.08193985771437999	0.47743465006202407	0.08267670825009249	0.5214189569346153	0.08477151082336201	0.46588324101133166	0.08389204345241374	0.5258055095319353	0.08333795812056967	0.4826455744082934	0.08373403718331997	0.5211963700430474	0.08381730380003867	0.4870506935633461	0.0856094517560271	0.5225204875290255	0.08315573465804536	0.4955575299866726	0.5044424700133274	2.4659131695413303	3.0938859608204337
10000	2.4659131695413303	0.836	0.29964009371984796	0.04522594238891869	0.6968642922712518	0.04685363331773205	0.5115372888557075	0.0832349889864417	0.4794734894896422	0.08312362484627175	0.4913479613349932	0.08253415496368702	0.5121392422784246	0.08461890194835449	0.4795680083041452	0.08448439001554998	0.5319646934318103	0.08360355206636187	0.4671480814518964	0.08192516825661919	0.5337187112920598	0.08162514349734908	0.4715793841094545	0.08224419784049795	0.5345049584355213	0.08232536507639461	0.47866389635301076	0.08303032571787025	0.5192028604148852	0.08431507601748234	0.4683157072736743	0.08400812555707195	0.5237944944739308	0.08373868991879306	0.48467335961651825	0.08331866000248424	0.5212974236609581	0.08327895988254504	0.4872759168913645	0.08566282460400344	0.5195880661122174	0.08288199667025874	0.4973010795681727	0.5026989204318273	2.4659131695413303	3.0938859608204337
0.7595454545454546
