DAG
attr0 has 2 parent(s): {output, GlobalHidden_0}
attr1 has 2 parent(s): {output, GlobalHidden_0}
attr2 has 2 parent(s): {output, GlobalHidden_0}
attr3 has 2 parent(s): {output, GlobalHidden_0}
attr4 has 2 parent(s): {output, GlobalHidden_0}
attr5 has 2 parent(s): {output, GlobalHidden_0}
attr6 has 2 parent(s): {output, GlobalHidden_0}
attr7 has 2 parent(s): {output, GlobalHidden_0}
attr8 has 2 parent(s): {output, GlobalHidden_0}
attr9 has 2 parent(s): {output, GlobalHidden_0}
output has 0 parent(s): {}
GlobalHidden_0 has 0 parent(s): {}

Sample	GlobalHidden_0	 Accuracy
1000	4.23240252056905	0.479	-6.108674467973715	1.5353286826963397	0.07080233281148432	-1.4349446137339708	0.48949344866081684	0.07355348047968896	-0.4628441174055294	0.22861461502282243	0.09143398312311653	-2.5041153213701968	0.7038979663370647	0.08794073298166724	-2.866040932830712	0.7922305512484084	0.08941237673611559	5.546417785239334	-1.1790548980774842	0.08541636897875951	1.74398529773945	-0.3105722140672743	0.08731354207437515	3.4569477389197623	-0.6798327117948162	0.08398785599436087	-2.284632500606793	0.6426071982634755	0.07999592028157453	-3.3314278684169762	0.9237984672767612	0.07550698080013626	-2.124292610662923	0.6049673345565411	0.07990513086601349	0.2642193313203138	0.07391857620427483	0.07882049932001957	0.506521798751527	-0.018259267193154224	0.08695837444950454	2.0714664590073193	-0.3589970443920484	0.0794613782640246	-3.257136632961544	0.8711152709682485	0.08548178136679005	0.8819084085904232	-0.07600472756677998	0.08067817053168762	-1.2544143088497839	0.40088731986074133	0.08279464655256612	-2.537488306573813	0.7285128651823415	0.08499018377878699	-4.902676382417076	1.2649269877535345	0.08014376206792781	1.5922543160573586	-0.24267726228498201	0.0829093620806591	0.47908366533864544	0.5209163346613546	4.232402520569049	0.10001516595199292
2000	4.231509378849646	0.752	-6.127845144388582	1.5307914839008887	0.06264362691508324	-1.4292974977116064	0.4908250865936804	0.06728512961311485	-0.4369120280440488	0.23473890444977522	0.08501170913764575	-2.521851830134274	0.6997049030844067	0.08302203292545136	-2.8702930530887403	0.7912219403740448	0.08632911704429894	5.537145379093782	-1.1812403750941434	0.08481683593984365	1.7591822394342524	-0.30698075625201365	0.0848648043211465	3.4486451241730944	-0.6817911045240176	0.08198443352874304	-2.2736641467867464	0.6451948007214267	0.07815702674525703	-3.3347825953347856	0.9230021710986012	0.07581691431018077	-2.1203449689036282	0.6058968236729239	0.07982238954558349	0.26171635545615785	0.07332700070533317	0.08036286767061282	0.5181127698023862	-0.015521160725192943	0.08364806554255254	2.0657647551615006	-0.36034247828409	0.08008372523558108	-3.246164061633974	0.873702909665446	0.08554337927888027	0.878543175854631	-0.07679940286672055	0.08399701875957089	-1.238970056071552	0.40453370581905407	0.08457453437123816	-2.5455355571085088	0.7266087241537084	0.08294606147503288	-4.893676383073889	1.267047285371395	0.08536776194436511	1.5889090080528592	-0.24346651729843627	0.08294704334263263	0.4945109780439122	0.5054890219560878	4.231509378849646	0.10001445376751975
3000	4.235553256952419	0.802	-6.13249679729529	1.5296921184737093	0.059643999072118044	-1.4279047738379729	0.4911546448894815	0.0650055744908148	-0.422981846481569	0.2380336119558812	0.08272175134198144	-2.5360969932070025	0.6963361263574759	0.07953231981068942	-2.863279024929811	0.7928811338762818	0.08505049330301331	5.531082658531595	-1.182674563591598	0.08485183325892452	1.7598700254289148	-0.306818216378321	0.08349301607728103	3.441734724056631	-0.6834256229628601	0.08299878560095413	-2.278825618754276	0.6439743364808115	0.07850154730399979	-3.348039767154522	0.9198670984510587	0.07881246052411679	-2.1149315898660728	0.6071773272806286	0.08152894382996263	0.24769139280106725	0.07001012328340411	0.0811831158533218	0.5176666088911768	-0.01562668723467914	0.08202546727813591	2.060336181387977	-0.3616264308755509	0.08236383703354164	-3.244105635963629	0.8741900805640438	0.08443477552954672	0.8716773458049352	-0.0784231896718886	0.08354588268735653	-1.2384925977318817	0.4046467830582659	0.08304972660032936	-2.5462354578250443	0.7264434091995167	0.08368358477015216	-4.887747967236652	1.2684498089486644	0.08563967708006857	1.5807291918402022	-0.24540112274945397	0.08238001377858793	0.5023302263648469	0.49766977363515313	4.235553256952418	0.10001420564600706
4000	4.232111946995837	0.838	-6.142052002429649	1.5274338113792472	0.056336408317651604	-1.4183238629897685	0.49341673076300474	0.060825061466674296	-0.4272411665540389	0.2370274459494938	0.08099595735665198	-2.5337389474879912	0.6968921729259598	0.07793691656424438	-2.8638594998320395	0.7927432819038174	0.08414071976544073	5.5286886531293975	-1.1832386574369067	0.08460604955796114	1.7623080978805914	-0.3062421263451248	0.08424731445919359	3.4385932397207943	-0.6841668294880422	0.08348277890809443	-2.2755898339835654	0.6447379606473465	0.07915218419363797	-3.3489466052885892	0.9196519492766678	0.07906394231767454	-2.1125690377888104	0.6077347550857414	0.08070177629026565	0.24619751813679738	0.06965722215989584	0.08088552367504957	0.524292411858364	-0.014061843644788156	0.08093789725349133	2.0565707613765194	-0.3625153805128002	0.08386872077892231	-3.244687260652528	0.8740518894027874	0.08315879386229279	0.8677925597930909	-0.0793406116432516	0.08165880696717424	-1.2326563448829024	0.40602478656557545	0.08414393860891589	-2.5522693939255805	0.7250175085845169	0.08405993454180233	-4.8833412634101	1.2694894596181836	0.08591719042309104	1.5716532307596924	-0.24754439929438615	0.0815003719352573	0.49475524475524474	0.5052447552447552	4.232111946995837	0.10001427991665181
5000	4.238049146446541	0.813	-6.150219772878863	1.5255044274461635	0.053629836183918436	-1.40857910798732	0.49572254891139295	0.05690471313466768	-0.4365535152693511	0.2348251376498766	0.0817016749772484	-2.5264785687647833	0.6986104852837218	0.07820592067607589	-2.8634426676278286	0.7928428826276832	0.08445792472311811	5.5261458131049315	-1.1838416941246377	0.08418093264378355	1.7690995333779973	-0.3046361435994469	0.08465590623605364	3.4357344786513195	-0.6848439215297087	0.0829090965742454	-2.275540336038301	0.6447504131565901	0.08117929243023202	-3.350675637913434	0.9192440821252194	0.08012992511718312	-2.1068687905304384	0.6090837455841351	0.08207802871541522	0.24521345661333596	0.06942454220594559	0.08256945949105252	0.5274357648728257	-0.013318373740496598	0.08017599917338449	2.056426819656012	-0.36254986742621453	0.08431779721684032	-3.243635616253582	0.8743017420175515	0.08307215445510924	0.8670663148995116	-0.07951250060701981	0.08121484778696693	-1.2274206840798876	0.407263647076112	0.084753354553986	-2.552091315297812	0.7250605567112209	0.08466852711765004	-4.883387112812343	1.2694800971679352	0.08618578468494614	1.5727613827782334	-0.24728260239168773	0.08267365774681695	0.49320543565147884	0.5067945643485212	4.238049146446541	0.10001397415506331
6000	4.232354643414249	0.827	-6.155323680211177	1.5242991317989742	0.050850109630443084	-1.4022683021391449	0.4972123378898925	0.05317153373555191	-0.44327695543561146	0.23323771048336464	0.0814511098084143	-2.5191301240176465	0.7003453095760707	0.07957534483460516	-2.8638526876619954	0.7927459261843257	0.0840107519928691	5.522803079341239	-1.1846307135364043	0.08462398615290959	1.7720966654780523	-0.3039284638892183	0.08487262568619901	3.4334301130150706	-0.6853878685836192	0.0826521441423541	-2.274387472024841	0.6450224903628717	0.0806152358032842	-3.353428138844919	0.9185940369795152	0.08046176873933336	-2.1056528314109233	0.6093707264159224	0.08172208245775288	0.24114962911912025	0.06846503267372822	0.08152446300209601	0.5307349278351348	-0.012539449093964174	0.08137068106535268	2.0550048626740716	-0.36288554029481873	0.08458617201106558	-3.241570618031602	0.8747891220727333	0.08332938562918225	0.8667746484033253	-0.07958134980785682	0.08219198800696403	-1.2325098210055507	0.40606201806028447	0.0843465406108345	-2.5509626265011702	0.7253269177263358	0.0846586593501361	-4.884676324146272	1.2691754763119514	0.08561657263346108	1.5697209968302195	-0.24800040654913866	0.08357918838905143	0.4948367754830113	0.5051632245169887	4.232354643414248	0.10001360048756282
7000	4.245528580859191	0.802	-6.158890079377942	1.5234544457268588	0.04859678068435692	-1.3987707571550991	0.49804078257649087	0.050190574782908046	-0.45012890465266864	0.23161474302702284	0.08152847370978622	-2.5101136503009323	0.7024809756683558	0.07968335756632228	-2.863999112419599	0.7927112440265577	0.08313684479508435	5.520311081419211	-1.185220995322464	0.08436057937119319	1.7703984819370342	-0.30433070219908703	0.08430427761461994	3.4302075736693767	-0.6861511872703825	0.08264225881531703	-2.271029153373865	0.6458179605028347	0.08118024850477366	-3.355838723496798	0.9180230495390138	0.08026605377192057	-2.104539164180501	0.6096345152549979	0.08193985426038523	0.24174518018474006	0.06860610075013329	0.08054897012522198	0.5329571257222195	-0.012013095011802383	0.08144459755016727	2.055580768951397	-0.3627491280607516	0.08496872109339838	-3.2417076769920037	0.8747566560015879	0.08384872771099505	0.8621575935074852	-0.08067497213299658	0.08251267855156212	-1.2352179289233922	0.4054205597784946	0.08454408052593758	-2.552676866181706	0.7249208770998337	0.08493535041958014	-4.887044463178573	1.2686145374335671	0.08568859513448905	1.5709513469170575	-0.24770898044005352	0.08306320604147217	0.49129069103369505	0.508709308966305	4.245528580859191	0.10001364657703461
8000	4.23511744646261	0.8	-6.160062913214346	1.52315315223448	0.047114602225790975	-1.399637320634399	0.4978227745717626	0.04832538769022922	-0.45940860826256336	0.22942381048439017	0.08237714539049525	-2.5036931875246173	0.7039966573848374	0.08083723834558935	-2.8650748197332803	0.7924571841689881	0.08288656086308178	5.522284403713152	-1.1847549958471209	0.08489604760522584	1.7692254034366452	-0.304607634483766	0.08333742566235522	3.4295803144363513	-0.6862992037415682	0.08284769076951284	-2.271817853085414	0.6456316740791118	0.08110822786640123	-3.35713739702932	0.917716345642726	0.08042958725225752	-2.105392990922219	0.609432856014976	0.08208846638031608	0.2419879496930787	0.06866340897630963	0.0811612577231505	0.5342666545741921	-0.011703915613916684	0.08126193159231643	2.0550537121878736	-0.3628735269425156	0.084893509547291	-3.2379227837768765	0.8756501817240874	0.08396386463729483	0.8619004078988445	-0.08073568234198956	0.083023887064491	-1.2349828405783898	0.40547602154082685	0.08388649842631067	-2.5536440599926467	0.7246924565410118	0.08460856356767497	-4.885523489202307	1.2689735146964847	0.0858336230567963	1.5676797551434714	-0.2484813418481638	0.08342752878117449	0.49225387306346824	0.5077461269365318	4.23511744646261	0.10001328169869907
9000	4.23515899639538	0.83	-6.162605822232032	1.5223860650020329	0.04554440522147919	-1.400225830127682	0.4976488589209462	0.04713552715708924	-0.4651863468512156	0.22805965207394388	0.08225229022583007	-2.4970455346548124	0.7055660357351624	0.08147678242278952	-2.8662706518364574	0.79217476672928	0.08286360951642517	5.521223983802827	-1.185005253363248	0.0845770060477033	1.7712500100621134	-0.3041295826734546	0.08395064246159267	3.4310317673050785	-0.6859564660446295	0.0830384273659385	-2.268856355327886	0.6463308573743879	0.08142425991143923	-3.358277002086334	0.9174472084337478	0.080898582489395	-2.106075532408868	0.6092716428878663	0.08231775155456099	0.23886292943802626	0.06792559920896221	0.08176049724525236	0.5358119887107962	-0.011339055134824388	0.08248508605722671	2.054269949093166	-0.36305854394930814	0.08473884602649573	-3.237000959827202	0.8758677462402645	0.08383829471518196	0.8608610230510116	-0.08098106881096491	0.08322625891204123	-1.233179909438556	0.40590167098766133	0.0836639781067799	-2.5525265510022512	0.7249562345060269	0.08383412512557256	-4.884713548528784	1.2691646298147432	0.08560525662643788	1.5668566651112679	-0.24867564843078843	0.08297848874761155	0.4955575299866726	0.5044424700133274	4.23515899639538	0.10001293775304133
10000	4.23735454362776	0.789	-6.1634916189983	1.5220803305172284	0.04476385447572105	-1.4010992874801806	0.49735443724226114	0.046466093069947596	-0.47210164599380716	0.22642635074483533	0.08216537902875756	-2.4911755725879394	0.706964031360906	0.08202405602095728	-2.8650702640296006	0.7924591108898248	0.08255954722993099	5.524458621994889	-1.1842421848026894	0.08446984977213667	1.773723087943182	-0.3035456794104552	0.08433617107838182	3.430698523282677	-0.6860357450875171	0.08341671878096596	-2.2652527513403737	0.6471827146445509	0.08179217754623117	-3.3608228673301697	0.9168279385205194	0.08145228401926555	-2.1044581411989602	0.6096542807510216	0.08212613977679795	0.23874469500143788	0.0678975586282964	0.08215708579878106	0.5359685553731326	-0.01130208171830831	0.08284851130120811	2.0527310164173973	-0.36342236054667737	0.0842654375237302	-3.2355856089570234	0.876202918178344	0.08393221838102578	0.8597291571143891	-0.08124849420527012	0.08361551435578718	-1.2317300179961383	0.40624456212525034	0.08324244941198901	-2.5522698334030802	0.7250174901111907	0.08329699993585181	-4.885076818835543	1.2690800077045665	0.08566372301692753	1.565009936114708	-0.24911207534696433	0.08267996126159988	0.4973010795681727	0.5026989204318273	4.23735454362776	0.10001293258414493
0.7029090909090909
