DAG
attr0 has 1 parent(s): {output}
attr1 has 1 parent(s): {output}
attr2 has 1 parent(s): {output}
attr3 has 1 parent(s): {output}
attr4 has 1 parent(s): {output}
attr5 has 1 parent(s): {output}
attr6 has 1 parent(s): {output}
attr7 has 1 parent(s): {output}
attr8 has 1 parent(s): {output}
attr9 has 1 parent(s): {output}
output has 0 parent(s): {}
GlobalHidden_0 has 0 parent(s): {}

Sample	GlobalHidden_0	 Accuracy
1000	2.4659131695413303	0.479	0.4371398427500002	0.08281634206707	0.5758783474637632	0.08111951350072877	0.446582808647826	0.08271401625390984	0.5731395562534484	0.07921664358567325	0.39035480274256074	0.08016421495234931	0.5854288086600615	0.07546722581981856	0.4285606735046388	0.0779525358815059	0.5746696801357153	0.07916660798769193	0.4041579196491893	0.07735463421214668	0.5904984570090763	0.08092806628469636	0.47578621376784114	0.08211798508498383	0.4955313367954985	0.08151357249770819	0.4414210313842873	0.0797129371424494	0.5241785471419538	0.08838579773034533	0.4521460225500687	0.08147632994257999	0.5262472520425528	0.08738228209434326	0.4223616256003401	0.0810143141826446	0.5624320187462404	0.08645175165746848	0.42646057966977824	0.0836966882209405	0.5492288161784026	0.08080743353003954	0.47908366533864544	0.5209163346613546	2.4659131695413303	3.0938859608204337
2000	2.4659131695413303	0.901	0.44494250082927195	0.07938156044558496	0.5728717106218378	0.08069630330159258	0.44074019781003776	0.0790282936483164	0.5664106381646359	0.0793695587311797	0.3967557214202554	0.07601948032912453	0.5929359186331312	0.07667372899598786	0.4120889722592614	0.07604493480388405	0.5724912951405632	0.07733024980923411	0.38998976022469484	0.07274031631428801	0.5901381904714385	0.07547708107333417	0.4863406768046801	0.08073137423351899	0.5045204091685209	0.08238953267982606	0.4459755058542127	0.0805749010214186	0.5338569986226116	0.08659927020238695	0.4451629023534793	0.08305210870203991	0.5382485346958517	0.08473032017180576	0.42894336436152886	0.08233680449690958	0.5610362802472636	0.08261247615293967	0.4558002530469155	0.08725108690520052	0.5563854047838167	0.08076410047674935	0.48902195608782434	0.5109780439121756	2.4659131695413303	3.0938859608204337
3000	2.4659131695413303	0.899	0.4469468763205973	0.0800663993792044	0.5625488105867424	0.08086752226241684	0.4433284096515997	0.08014195412887215	0.5635052142833166	0.07932911301731614	0.40236548733166966	0.07601441540201478	0.5906679916577698	0.07586008519802016	0.4185013942977562	0.07543511764197888	0.5774407121970901	0.07739593427143693	0.3861404467929503	0.07249552143319493	0.5956049222238616	0.07601670814165976	0.4947449931574813	0.08168914796811955	0.5111579522753702	0.0800279929166743	0.44955677934469956	0.08175149174115987	0.5375553411547624	0.08333241955500323	0.4489531954428913	0.08466934493119745	0.5455346966021596	0.08250524837829225	0.4333522258678512	0.08204312464339406	0.5667951248364309	0.0800858711886304	0.4507298414121893	0.08420226458417979	0.5607481162132416	0.07710903783300327	0.49900133155792276	0.5009986684420772	2.4659131695413303	3.0938859608204337
4000	2.4659131695413303	0.91	0.4505267896731911	0.07892851910700763	0.5597206455774728	0.08129918884448428	0.4518223752889464	0.08210008271591872	0.5554874501390714	0.08095258513994463	0.39877962826202096	0.07527553667063593	0.5950861374062039	0.0756093947813802	0.422312107489218	0.07648635256809623	0.5741188870467758	0.0792648596948338	0.3875132584776148	0.0732495692289469	0.5965130738153873	0.07568033920163968	0.4964577632847826	0.08269391139363522	0.5071582451477498	0.08180328400854082	0.45204406380659135	0.0818673503121713	0.5366808966304732	0.08342649759539654	0.44338415943818776	0.08183646042797774	0.5536403851407306	0.08176160676396184	0.4305060815843176	0.08000765395885118	0.5685997182645968	0.07994972004059321	0.4483396477856551	0.08391542364886447	0.5623580751430345	0.07774878430067948	0.49225774225774227	0.5077422577422578	2.4659131695413303	3.0938859608204337
5000	2.4659131695413303	0.894	0.4507459601902922	0.07952071757015208	0.5551784756547916	0.08140915934943081	0.4563550812357681	0.08209858323870985	0.5457472141704791	0.0808296037811744	0.3970181211685735	0.07447300380982122	0.5963961766501732	0.07481758850488046	0.41736677477448897	0.0750285389032713	0.5736726160610925	0.07972644355735069	0.3883200364490939	0.0735226614233564	0.5988268823267789	0.07443793753653159	0.5016718791086886	0.08206813192935358	0.5063161972140366	0.0822829741265926	0.44972053883214247	0.0830204427845116	0.538888117777352	0.08369526620872389	0.44194886420437857	0.08128451069053345	0.5555572807220589	0.07996655476798743	0.43069122097649315	0.07904350257704298	0.566691394378204	0.08060459852328106	0.44832963210294163	0.08379823341460785	0.5603733170698091	0.07809397040421487	0.49480415667466027	0.5051958433253397	2.4659131695413303	3.0938859608204337
6000	2.4659131695413303	0.881	0.45543533696615246	0.07889854690339376	0.5458665406479623	0.0830163523786925	0.4620786834743312	0.08309417447478179	0.5413723482452661	0.08186337898040177	0.3966593488650831	0.07526106759582142	0.600232741574203	0.0741562850710108	0.418364731653746	0.07659982502301207	0.5761668042794085	0.07785263550761025	0.38997913134886747	0.07283541131837014	0.603283362183748	0.0732970838898325	0.5024234278113507	0.08250182923077024	0.5039777771844535	0.08187034758266709	0.4499668886561578	0.0819609286415638	0.5399878338695296	0.08289929805303016	0.44092050899415497	0.08135844462654072	0.5562669659352191	0.08030842450774425	0.43133191828230033	0.07837058622838228	0.5693954861055002	0.08099866425838784	0.44189270800154423	0.0836373536534309	0.5579015308553273	0.07816811308698089	0.495836109260493	0.504163890739507	2.4659131695413303	3.0938859608204337
7000	2.4659131695413303	0.874	0.4599956859045851	0.0790598513960217	0.5407775714263778	0.08241383450045495	0.46980570211604566	0.0827057662710633	0.5329538292847376	0.0823937759623495	0.3963220696284456	0.0744156095977291	0.6011630678532439	0.07390847559698412	0.41702093475502994	0.07581111551149933	0.5783039214144965	0.07729584710048773	0.3900308776734882	0.07302795907635264	0.6070185173513823	0.07271317721172357	0.5025044678667829	0.08212096714188843	0.5058040488900535	0.08124801724843206	0.45048053274872	0.08153312406615006	0.540732947006333	0.08239867336648393	0.43818260738805426	0.0812563442280449	0.5564212666004724	0.07989147723188758	0.43199562640735656	0.07849013605246816	0.56783190463735	0.0812323061544115	0.4419492437885162	0.08309928018337599	0.5574469069725676	0.07836489545454962	0.4984294688749286	0.5015705311250714	2.4659131695413303	3.0938859608204337
8000	2.4659131695413303	0.89	0.4637166165405445	0.0797169887911229	0.5342375258471334	0.08235833893449881	0.47361504063722354	0.08313467152853787	0.5281934899980223	0.08243188525248256	0.3966140608259241	0.07436046034573297	0.6037339249128999	0.07400364789666228	0.420330104174815	0.07566320941580139	0.5776733769799314	0.07747569378253727	0.3902633230567414	0.07292051805870162	0.6045590696000335	0.07269329083182585	0.49926645202786285	0.08267532507702045	0.5093694680721301	0.08122781410464425	0.4518179089316364	0.08178715988727189	0.5428641285035863	0.08256682990383948	0.43567431603521667	0.08202203361704638	0.5558782361965401	0.08037987789615306	0.4313562817186147	0.07928451240382316	0.5687540773641809	0.0802824640287242	0.4386293767228003	0.0826944008354204	0.5600845784484906	0.07815996239411258	0.4998750624687656	0.5001249375312344	2.4659131695413303	3.0938859608204337
9000	2.4659131695413303	0.859	0.46784236198535734	0.08060331190659109	0.5289025628748338	0.08270373220003244	0.4766394094612905	0.08271677970659035	0.5227262722122341	0.08334573566675071	0.39633010014304426	0.07480743021724738	0.6030159304690776	0.07380646472244091	0.4190885951444168	0.07589208334635614	0.5791325618839109	0.07747166470501254	0.3922831194273456	0.07305674148016546	0.6051472408548854	0.07220019534789007	0.5004038304165893	0.08260641677695645	0.5082094264500372	0.08167615539100448	0.4526611326137687	0.08174835071350957	0.5422975264452051	0.0824839939081442	0.43817976898350575	0.08192916809011382	0.5548959558687995	0.08054673163188104	0.43175945060439225	0.07919286966799938	0.5681725899059143	0.0804819783448105	0.44067471534354197	0.08268092322253773	0.5608841063607208	0.07793833492585714	0.5005553087516659	0.49944469124833407	2.4659131695413303	3.0938859608204337
10000	2.4659131695413303	0.883	0.4694465104433645	0.08102489462405356	0.5253730501835273	0.08314843262048112	0.4779021631323226	0.08239174931064529	0.5198021709408548	0.08352614709027005	0.3964228969686845	0.07478059583550273	0.6041146092114643	0.07342970392486979	0.4219639474834666	0.07678286270319576	0.5799900590437114	0.07798752924713093	0.39049932075028176	0.0728009131568816	0.6047393256716974	0.07162721775520366	0.500079822141796	0.08275076675643686	0.5080616887609839	0.0818394374816183	0.45177678757526357	0.08066350042215628	0.5426478781038307	0.08256239888071851	0.43753539818970055	0.08140210799521853	0.5573115599346924	0.0807170001057538	0.4291672357200364	0.07948066041348305	0.5679402690409212	0.08026701810759423	0.44105726560172764	0.08256047721571422	0.5615122753327747	0.07782885000614909	0.5032986805277889	0.49670131947221113	2.4659131695413303	3.0938859608204337
0.7699999999999999
