DAG
attr0 has 1 parent(s): {output}
attr1 has 1 parent(s): {output}
attr2 has 1 parent(s): {output}
attr3 has 1 parent(s): {output}
attr4 has 1 parent(s): {output}
attr5 has 1 parent(s): {output}
attr6 has 1 parent(s): {output}
attr7 has 1 parent(s): {output}
attr8 has 1 parent(s): {output}
attr9 has 1 parent(s): {output}
output has 0 parent(s): {}
GlobalHidden_0 has 0 parent(s): {}

Sample	GlobalHidden_0	 Accuracy
1000	2.4659131695413303	0.526	0.4029933776787638	0.07489041418721348	0.6065289453630083	0.07069390218730733	0.5051368524712627	0.08098518236518054	0.5314167968465596	0.08816863713452341	0.4464671855506472	0.08048833491989812	0.5709611618787716	0.07745407641846364	0.4496854843064095	0.08345667392178024	0.5457209979547971	0.08499392473699476	0.4917225486404796	0.08971403737775822	0.5081278191420162	0.09122454024170876	0.43609737509423246	0.08191450458294383	0.5793145051332125	0.07801732298741469	0.5051629632951453	0.08979737243808547	0.5101787598661636	0.08929188555475304	0.4100635198938895	0.08421021168050791	0.5655451961055483	0.08381831601843849	0.37399714850834864	0.06932374941744883	0.6150081630564174	0.07057420350404438	0.4861358285392015	0.08398103160708714	0.5045131120343705	0.0907566019910378	0.5258964143426295	0.47410358565737054	2.4659131695413303	3.0938859608204337
2000	2.4659131695413303	0.884	0.39537546489383785	0.07068344051479782	0.6090641515392995	0.07052852724026541	0.4911805562594718	0.08172555476290855	0.528825998982505	0.08791595131016934	0.4287154167080695	0.07673797472698846	0.5785041301220145	0.07907860247368302	0.459192431107869	0.08226287441202935	0.5540112295282619	0.08206724749165287	0.48735386181401147	0.08732876451035208	0.49833904019898123	0.08840488241440551	0.4294798678623836	0.08270266441548216	0.5598805999913289	0.08083168993143347	0.5003792297832204	0.08554526081107885	0.5076882950250344	0.08572939479121054	0.4162638302892145	0.08051101319259704	0.573783663393064	0.0784055002475096	0.37911189309183657	0.06940663118793279	0.6197211828337995	0.06980997677310115	0.48670024700459324	0.08471213165363667	0.5145580249615987	0.08504477674256687	0.5069860279441117	0.4930139720558882	2.4659131695413303	3.0938859608204337
3000	2.4659131695413303	0.874	0.3923608089246886	0.07034669946778276	0.6138744823395428	0.07027654000063244	0.49890668950638667	0.0813394910319915	0.5201245523895565	0.08596730164742651	0.43080212082751723	0.07743200590596426	0.5793631577623416	0.07709004309449817	0.4615806278126662	0.08164271548890588	0.5483463493903521	0.08148179092232276	0.4763110945531666	0.08549500549042963	0.5055761730810636	0.08677198382654572	0.43422854957193374	0.08012533393004777	0.5657022518851599	0.07668818005217531	0.4943029029916985	0.08565533669437018	0.5060724898205999	0.0861219961989687	0.4125105327278998	0.07936266796518125	0.577767949465999	0.07678166332878836	0.38783567701821886	0.07183525754886372	0.6130172671753217	0.07008374487152914	0.48898038346223655	0.08339631917541486	0.5185989159353729	0.08375449557357593	0.501664447403462	0.49833555259653795	2.4659131695413303	3.0938859608204337
4000	2.4659131695413303	0.892	0.38996008077867517	0.06962966894569499	0.6140080297426826	0.0712701517961392	0.49934314793020473	0.08313853990793894	0.5102329550193904	0.08553384918231798	0.42200777971481784	0.07443646127732469	0.5777270393610324	0.07647950402595415	0.45799697102469356	0.08137118821258374	0.5466698182328646	0.08125192198939013	0.4787858518350353	0.08394974213225134	0.5060314109750298	0.08489576340956188	0.43613228344540506	0.08043270411364058	0.5675127527525102	0.07766901630392323	0.5017804298700951	0.08524275972212739	0.498627667944305	0.08572362524438246	0.4164606193133928	0.07816768410371508	0.5818998769514886	0.07695826008158946	0.39261672175842927	0.07310134299116534	0.610586863113691	0.06962272963772353	0.49056582140572547	0.08476363540259328	0.5178711529765557	0.0825574020391027	0.49975024975024973	0.5002497502497503	2.4659131695413303	3.0938859608204337
5000	2.4659131695413303	0.853	0.3876180369095032	0.07069138221331753	0.6177449851464581	0.07038951095712064	0.5017732868842977	0.08328977798633683	0.505652799728446	0.08583966705540723	0.42086411049664924	0.07461815491364394	0.5743931054147617	0.0778735453062318	0.4589395569834885	0.0820407224950722	0.5471889663707182	0.08137678557935071	0.4836863565999592	0.08417347767274495	0.5031494210808077	0.08402231478517089	0.433768183804086	0.08029748020545349	0.5676515926961718	0.07774838136762144	0.507969204522354	0.08432415286499317	0.49665324189863613	0.08477205944412221	0.41791076068473004	0.07884543841388264	0.5804397371626826	0.07715508113766967	0.40107402988230345	0.07435614089976417	0.6055451709921852	0.0717845354294756	0.49004399516787805	0.08347808277473355	0.519612442769873	0.08357342887926213	0.5099920063948841	0.49000799360511593	2.4659131695413303	3.0938859608204337
6000	2.4659131695413303	0.87	0.3886508090902024	0.07097365058956014	0.6156377684203524	0.07053524159432825	0.5057341056304678	0.08389218726988308	0.5028540723436066	0.08538170439155235	0.42069626696844936	0.07476120666254144	0.579021262981798	0.07731528999536595	0.4541704730237275	0.08180086035215076	0.5503261647053708	0.08154985304832071	0.48978249183778083	0.08505206593875661	0.49640536873778995	0.08433770335548209	0.4294957270531062	0.08024780109954176	0.5733207005984229	0.07812887091068146	0.5123583980757673	0.08339003455004101	0.49053601883588144	0.08324884956736849	0.4169305809084943	0.0778364322111967	0.5783298939336325	0.07694690055845543	0.4012008405341509	0.07419739843610096	0.5974734286255577	0.07424812142248363	0.48891444105121573	0.08329359579968366	0.5214172799955737	0.08306393890844802	0.5074950033311126	0.4925049966688874	2.4659131695413303	3.0938859608204337
7000	2.4659131695413303	0.865	0.3901581711416069	0.07144030154305858	0.6143775597181855	0.07078548434602285	0.5086147510566135	0.08330319804606384	0.4975626951202655	0.08558955879689008	0.41843403485169	0.07437322591211853	0.5820847199224598	0.0777330656604581	0.4554565313016516	0.08280159039454367	0.5504337181935167	0.08075680964520171	0.4935335747937512	0.08537460860496925	0.49360801865726306	0.08424483233773693	0.42724404440482366	0.08014993079018655	0.5742924678134109	0.07784796291328988	0.5160102518419382	0.08363732825508527	0.482135346635881	0.08250238156600023	0.41577471857537784	0.07747351415369037	0.5767628313261859	0.07707945381423348	0.40471623057138867	0.07560159385494297	0.5917957252897554	0.07509227127196572	0.4872537455693374	0.08326926928719923	0.5209508041160276	0.08330381111287226	0.5075671045117076	0.4924328954882924	2.4659131695413303	3.0938859608204337
8000	2.4659131695413303	0.867	0.3887746324696595	0.07131707772890948	0.6129040963020783	0.0706049226508962	0.5079667300984045	0.0829827186089194	0.49374117770066756	0.08583411250155025	0.41714541607549305	0.07427838236148976	0.5827929926767316	0.07761424989658494	0.4521064173731936	0.0820653063666062	0.5525052405169487	0.0803519337731428	0.49827347621177204	0.08535447493371884	0.4914089009933959	0.08401092968779725	0.4267210059583878	0.079684328673696	0.5752181718291834	0.07816700698796439	0.5200201199837756	0.08430928373243518	0.47967707948327665	0.08218973188893564	0.4156934480713168	0.07769185298089334	0.5744842522421887	0.07685438085253092	0.41054683354240884	0.07655603256058377	0.5883476055678027	0.0757338545844492	0.48860875598960307	0.08340687171303797	0.5181520225966343	0.08336364191885201	0.5062468765617192	0.49375312343828087	2.4659131695413303	3.0938859608204337
9000	2.4659131695413303	0.856	0.3910715859459409	0.07204983733743284	0.6121506989392385	0.07094611935793757	0.505948542315276	0.08281182261056316	0.4975909987581543	0.08547126263497691	0.41408904275369096	0.07480294267564648	0.5811444614247089	0.07753750110598906	0.4486491551209532	0.08165070982218853	0.5542706460120649	0.08009887252544659	0.5022182765964113	0.08479331988366098	0.48880947403134667	0.08364952892529291	0.425992932905133	0.08013350316043691	0.5779942403960073	0.07825854340150198	0.5212183172402085	0.08411956394614731	0.47711777486560936	0.08185427827242861	0.41611896223473804	0.07763359168231686	0.575794245554346	0.07712505278116936	0.4157645689921797	0.07671706412236692	0.5860128472026064	0.07662846369365543	0.4901029684781699	0.08360086454689729	0.5173915203767027	0.08320994123681806	0.5076632607729897	0.4923367392270102	2.4659131695413303	3.0938859608204337
10000	2.4659131695413303	0.862	0.3916729801055616	0.07236934831414413	0.6103144830645897	0.07186505139063207	0.5041354431725982	0.08321190261059122	0.4993049975229347	0.08482553275877987	0.4150864444133277	0.07497066267573704	0.5825749311210463	0.076910234648344	0.44691824144162573	0.08134136127239776	0.5547955030504118	0.07995381142132454	0.5053030565530746	0.08489308396554822	0.48423704178020843	0.08416617921321731	0.42457761606252803	0.07973129354408064	0.5786296735607261	0.0785045322377191	0.5264469397200247	0.08428085774650004	0.47294856387696965	0.08142871607424482	0.4144316918997425	0.07730152671923313	0.5755380536325934	0.07731697803427662	0.41813442461543515	0.0772149021579299	0.5844632964730573	0.07658457500714999	0.48876989652333264	0.08360598133264173	0.5152320741548939	0.08332357966142832	0.5068972411035586	0.49310275889644145	2.4659131695413303	3.0938859608204337
0.759
