DAG
attr0 has 1 parent(s): {output}
attr1 has 1 parent(s): {output}
attr2 has 1 parent(s): {output}
attr3 has 1 parent(s): {output}
attr4 has 1 parent(s): {output}
attr5 has 1 parent(s): {output}
attr6 has 1 parent(s): {output}
attr7 has 1 parent(s): {output}
attr8 has 1 parent(s): {output}
attr9 has 1 parent(s): {output}
output has 0 parent(s): {}
GlobalHidden_0 has 0 parent(s): {}

Sample	GlobalHidden_0	 Accuracy
1000	2.4659131695413303	0.477	0.4383462740198233	0.0830354783456897	0.5513406593825043	0.08650031906387348	0.4232651694882037	0.08256326446940246	0.5701587984737093	0.08156569428469264	0.40609490345541305	0.07284024378991706	0.5818935803411944	0.07887435624824027	0.45284627856104015	0.08020409596881647	0.5632296759545797	0.08551125378207207	0.41009371429544106	0.08116262189676972	0.55226846519278	0.08332488106515795	0.4187431897054397	0.08487662934657163	0.5761986860081568	0.08203284541214226	0.4133267505125247	0.07645284387031648	0.6011137710169405	0.07500203841058445	0.4570587822323234	0.08795559071182255	0.5338241092581615	0.08371644743625048	0.48651462093537706	0.08846766771460057	0.5130040199960323	0.08544873016438004	0.4728217235452476	0.08567472029874541	0.49777141734273694	0.0878610708089539	0.4770916334661355	0.5229083665338645	2.4659131695413303	3.0938859608204337
2000	2.4659131695413303	0.897	0.434250495922973	0.08127774107063129	0.5602105198207521	0.08179127921746744	0.42306782742042637	0.07925515286420937	0.5827032252117338	0.08082727558889197	0.4026627309608358	0.07264098380434472	0.5828330013573775	0.07940951168564422	0.4482746620776181	0.08251760252655228	0.5574450472728126	0.08037758542280114	0.42047513857885477	0.07866620827748302	0.5594812206255207	0.08157333356010879	0.4226493662701916	0.08182925073025678	0.5660491765880336	0.08162796276677832	0.41134238795638556	0.07919375010667724	0.590087006107714	0.07270171440561102	0.44902490974057785	0.08119330844604794	0.5423244947769105	0.08147365042922469	0.48364780677814906	0.08490823907199285	0.5252004736427243	0.08469541708827918	0.48535687670115496	0.08581899455174764	0.4976623248406085	0.08358777465930062	0.4930139720558882	0.5069860279441117	2.4659131695413303	3.0938859608204337
3000	2.4659131695413303	0.875	0.42803748507122635	0.07843185306582452	0.5597378691870826	0.08198484154946771	0.4231642476056127	0.07814247871355232	0.5840016638915896	0.0784015496627165	0.41361038562028857	0.07381123308243451	0.5765231455829111	0.07639129038868703	0.4450469716026959	0.08078782797287937	0.5595578162126313	0.08077904111848606	0.4287660725372224	0.08112875467535131	0.5690363038420867	0.07828069438689733	0.41945572049642504	0.08015087670973053	0.5680286507288075	0.07756217407383713	0.4176477031878579	0.07960876007425356	0.5863632671845549	0.07540922482533753	0.4506550240758138	0.08315631493107455	0.5401045899569304	0.08135634455771688	0.4897473542358074	0.08359928811016938	0.5248195322707564	0.08507550446445113	0.4860830988570621	0.0872605485539032	0.5065151570590841	0.08328608178298168	0.49533954727030627	0.5046604527296937	2.4659131695413303	3.0938859608204337
4000	2.4659131695413303	0.83	0.4236845188173369	0.07997748476516404	0.5620360773224611	0.0812067313194106	0.4174196090906461	0.07704137794049348	0.5910690467049893	0.07670110017005832	0.4283228943948689	0.07694078876521258	0.5662894606164915	0.0798250132549682	0.4320401361879156	0.07857356597014992	0.5621944908669937	0.08152239643911637	0.4242373534900569	0.07894858265335508	0.5764311298154505	0.07836898091814923	0.41625172517010117	0.07754295773526475	0.5708487573349447	0.07738134271329132	0.4203157768183191	0.07815435700392503	0.5806859065056931	0.07680551065772595	0.4589561578596889	0.0847031827317175	0.5311844857007861	0.08209848890129966	0.4932435781581713	0.08407581684637973	0.516675763959098	0.08357389838970077	0.48991836754857887	0.08613846030922155	0.5037966139933193	0.08237214409439206	0.49600399600399603	0.503996003996004	2.4659131695413303	3.0938859608204337
5000	2.4659131695413303	0.799	0.42062073771086833	0.07935391660222119	0.5671103913998077	0.08089732227146888	0.4179280965217357	0.07638540352928502	0.5897835826240024	0.07746259331925569	0.44263316919237206	0.07939795121836186	0.5544907953269114	0.08108983695216083	0.42600186182787636	0.0776668672625932	0.5638022243362825	0.08102760990797594	0.42555217694400926	0.07891464965877203	0.576364584954754	0.07867153530072404	0.4131590583829908	0.07807034207228684	0.5775805964074456	0.0771645240225396	0.42836927304663347	0.07995703674323235	0.5768961703491745	0.07685356261635522	0.46399475587964656	0.08478044837705948	0.5235179189979821	0.08249854741556371	0.4943718073274151	0.08545719273005492	0.5139266826609578	0.08329933319620066	0.48801508703170565	0.08553633258561877	0.5011229778624507	0.08279712666660094	0.49940047961630696	0.500599520383693	2.4659131695413303	3.0938859608204337
6000	2.4659131695413303	0.812	0.42126929300213534	0.07911367756207877	0.5718634207850137	0.08049871560636264	0.41408110843829715	0.07600585429622239	0.5931260919776025	0.07681056455649184	0.45181587578485155	0.08058595879073695	0.5439737754528201	0.08221807525698753	0.4191934590555245	0.07732029918256102	0.5710796298411207	0.07904160019771686	0.42924004149677436	0.07953017471917566	0.5727920612989947	0.07951262152510799	0.40784177701214797	0.07696917910643396	0.578616892238473	0.07655579649413786	0.43569811009279935	0.08066331550481759	0.5701642848253798	0.07714409777890457	0.47669154978193523	0.08416552615985753	0.516337372221907	0.08329891565277697	0.489563923760544	0.08528659346577393	0.5122479919134669	0.08405841197360248	0.4887050592386436	0.08509477157288269	0.5039684179892743	0.08296897524544307	0.4926715522984677	0.5073284477015323	2.4659131695413303	3.0938859608204337
7000	2.4659131695413303	0.776	0.4170472868841209	0.07802921926280881	0.5778848674601405	0.07968595822641947	0.4134399002228387	0.07538775030375529	0.5911565476417664	0.07598687697444165	0.4643282884819106	0.08188977037062552	0.5331641099185721	0.08327365573017644	0.41506134818983453	0.07676529868815192	0.5771020919079112	0.07849948313804682	0.4357205114642299	0.08001566355146546	0.5688948574273621	0.07909623075773749	0.4063640924294486	0.07740812154528892	0.5799847137838613	0.07650309184685031	0.4400132096095557	0.08023549807020149	0.560703633999648	0.07898872465740804	0.4835556338041469	0.08462155477563393	0.5072578623007652	0.08375044743635542	0.49511126231356395	0.08523463353095134	0.509161377951737	0.08461270369370102	0.49341347462134494	0.08448707649188991	0.5040285904105952	0.0838674557714312	0.4964306110793832	0.5035693889206168	2.4659131695413303	3.0938859608204337
8000	2.4659131695413303	0.779	0.4140922971435515	0.0772139181608114	0.577734109601574	0.07933283452353967	0.4092088272930041	0.07439782919289775	0.5951933117277555	0.07562840757921804	0.4733864744930843	0.08308114817989042	0.5273036579040363	0.08294919990822422	0.4115228085497627	0.07591015932054043	0.5832714949387164	0.07737034595355916	0.44118344661480713	0.08127443175220854	0.5630791178103663	0.07988087614084464	0.4100823419510429	0.07813765901788258	0.5791400915010609	0.07750728281659686	0.44890504309270624	0.0811447300543934	0.5529216256957916	0.08029236848567042	0.4940196393453181	0.08419800382548373	0.5012963579195595	0.08370332012013648	0.4964694175109748	0.08428931699915139	0.5097207766701075	0.08466812782334593	0.4974967549133864	0.08409200555947072	0.5017273766283415	0.0839661212172353	0.5	0.5	2.4659131695413303	3.0938859608204337
9000	2.4659131695413303	0.765	0.4166551672238541	0.07732073738838031	0.575076897660417	0.07955452162231129	0.40592306369248726	0.07362445375339084	0.6000635981564943	0.07450308123595986	0.47981899871263517	0.08379032109857143	0.520179477499925	0.0835666167501784	0.4064905153893579	0.07526768968037985	0.587581251915986	0.0769871303846573	0.4475114589682053	0.0817213334610811	0.5563813814009736	0.08088980064015393	0.41709486355745573	0.07933650443237251	0.5767572911160236	0.07806848532713104	0.4542346201315325	0.08156805562363381	0.5493379476371587	0.0807404513685246	0.5028830656680895	0.08377038905026488	0.4938714185592384	0.08351682747918632	0.49611312477240854	0.0842116828045322	0.5119056261635514	0.08420362019240762	0.49696286471879175	0.08370513882633775	0.5024174774541307	0.08390586191958123	0.49811195024433585	0.5018880497556641	2.4659131695413303	3.0938859608204337
10000	2.4659131695413303	0.746	0.41853646131439226	0.07757802622893016	0.5724045887544154	0.07913643020521877	0.4040584870512088	0.0725872788471652	0.6020612533411176	0.07337939570854686	0.4869963168458831	0.08401792938676218	0.5126483201845969	0.08346534058718079	0.40401555646516724	0.07446801953660175	0.5931692109489425	0.07633574683268131	0.45332283963341097	0.08187977211709947	0.5494953684796616	0.08197954702971935	0.420920696313062	0.07966073719199875	0.5712408012515591	0.07935672736180131	0.4597014665541187	0.08210802367889895	0.5453887521962605	0.08092947335843836	0.5092904880592035	0.08388098389786997	0.4883770635033864	0.08304077534415416	0.4975490357421922	0.08378039675506616	0.5126274336605757	0.08352084800721887	0.4999633634343424	0.08355278390094875	0.5035396321892825	0.08341792686953013	0.49780087964814074	0.5021991203518592	2.4659131695413303	3.0938859608204337
0.7050909090909091
