DAG
attr0 has 2 parent(s): {output, GlobalHidden_0}
attr1 has 2 parent(s): {output, GlobalHidden_0}
attr2 has 2 parent(s): {output, GlobalHidden_0}
attr3 has 2 parent(s): {output, GlobalHidden_0}
attr4 has 2 parent(s): {output, GlobalHidden_0}
attr5 has 2 parent(s): {output, GlobalHidden_0}
attr6 has 2 parent(s): {output, GlobalHidden_0}
attr7 has 2 parent(s): {output, GlobalHidden_0}
attr8 has 2 parent(s): {output, GlobalHidden_0}
attr9 has 2 parent(s): {output, GlobalHidden_0}
output has 0 parent(s): {}
GlobalHidden_0 has 0 parent(s): {}

Sample	GlobalHidden_0	 Accuracy
1000	4.263256623701212	0.489	-6.069724605129896	1.5302797540612358	0.08412257724442107	-1.4693659133014774	0.47268069110383826	0.08068323470216994	-0.5900988544699302	0.22945122066695503	0.07039907543473933	-2.473990358426978	0.7298100263875635	0.0727226558381514	-2.9964883714890655	0.8260642902380966	0.08280467245841597	5.423498443045706	-1.15979654557488	0.08947557640809631	1.8430883638668754	-0.3223322381512734	0.08111936213842572	3.321890124082883	-0.6578809724218221	0.09269392734045548	-2.3465304526751125	0.6471694644528204	0.08647810011261924	-3.2350300231820808	0.8972344922205532	0.08173074967999787	-2.156981070517575	0.6140196918572884	0.08820788379055833	0.23918395457649685	0.07192699810534249	0.08610501261905047	0.5515282072300405	-0.012459015380183815	0.08999933463375924	1.9913280894282952	-0.3481100485216708	0.08470956132569755	-3.387134653441179	0.8915417006751952	0.08344894321962007	0.9052315833792799	-0.07085880790322796	0.07758197797467688	-1.3104057708042016	0.41261847226785914	0.08351758616725849	-2.5400923830315247	0.7288926108602287	0.07640307352676236	-5.011496628308965	1.2830460874166196	0.08155123045211787	1.5240200974907936	-0.231874333925217	0.09047196917344551	0.48904382470119523	0.5109561752988048	4.263256623701211	0.10001574023322349
2000	4.281158069300444	0.768	-6.048150885148989	1.535368970595132	0.08470908285254942	-1.5002194178647603	0.46541502802757834	0.08470608511432141	-0.6009756877046476	0.22689030651876388	0.06919923684019647	-2.476993265443953	0.7291064937304905	0.06951861568585622	-2.997418190564454	0.8258493743007007	0.08177817744738736	5.423732408448036	-1.1597473344694533	0.08665529573698087	1.8494990867674008	-0.3208238686194435	0.0771921087206841	3.32399478128378	-0.6573886378278283	0.08851670992925102	-2.3652765836579865	0.6427572408672911	0.08051933302417187	-3.2264612796875496	0.8992579378296964	0.07534093488914104	-2.1594698006386097	0.6134366663180255	0.08476824569755485	0.23046795711800158	0.06987424031831536	0.08343864984038883	0.5546561988488629	-0.01172224817971113	0.0853713314429427	1.989228800875619	-0.34860634104167193	0.08160948410616735	-3.3819689934772317	0.8927630895743845	0.08112685387910606	0.8905516937058289	-0.07431704013812372	0.0800860829505344	-1.3115824671298018	0.4123433801004801	0.08175449385500225	-2.553665889245496	0.7256986165576066	0.07864596527778335	-5.008820461895582	1.2836825421492708	0.08273092725305169	1.5142153893058639	-0.23418517624357438	0.08518521422749363	0.49001996007984033	0.5099800399201597	4.281158069300444	0.10001545453050156
3000	4.292544105433834	0.765	-6.047227208967434	1.5355887641773045	0.08244789526666212	-1.5157729389761512	0.46175731447388274	0.08293115193356837	-0.5983218336933951	0.2275148104118825	0.06810718320969522	-2.4829214852910164	0.7277136125221225	0.0677835709104652	-2.986018540317437	0.8285317431155562	0.08039263999906142	5.415694590158605	-1.1616396948313374	0.08249978806566736	1.8431860483296585	-0.3223089679983573	0.079536510290332	3.3302053885226757	-0.6559291648889084	0.08781018389940418	-2.365260752179769	0.6427621127377487	0.07860502149763172	-3.2334929318516723	0.8976059671181743	0.07478701282113134	-2.152631171774632	0.6150459254097178	0.08448289095329846	0.23185944082019525	0.07020159284575779	0.08484164634321285	0.5531945431003907	-0.01206599650896481	0.0855416667909699	1.9933034408370343	-0.3476486413757414	0.08238655084602112	-3.3769334753340887	0.8939486993237531	0.08314596324904076	0.880151934217396	-0.07676324498454787	0.07857784515954624	-1.3052077912843987	0.41384322064101287	0.08244058117323766	-2.563067772793952	0.7234882750143892	0.0809303819466376	-5.011010686267668	1.2831694265715916	0.08248346552420258	1.5079743165741477	-0.23565324373772673	0.08410267252559184	0.4910119840213049	0.508988015978695	4.292544105433834	0.1000152297669409
4000	4.292345919025733	0.773	-6.042329627706288	1.5367360830878791	0.08038583647020925	-1.5202901421602832	0.4606981381674879	0.08205622155637678	-0.5929074873298952	0.22878377649078147	0.06972104724510035	-2.4911625013591085	0.7257817881042071	0.07146123074359734	-2.982641904693827	0.8293228544270781	0.08005145502253525	5.411950543742375	-1.1625167993563472	0.08134894992285316	1.8404284654220524	-0.32295519742323386	0.07915255061628561	3.3368130202440005	-0.6543801547830846	0.0855582705944992	-2.3724998820767844	0.641065394842549	0.07653315031230624	-3.233963726342993	0.8974953011606298	0.07221746983130783	-2.1543268784330225	0.6146482431120142	0.08422426891536233	0.2281594467765416	0.06933423542018463	0.0842033654252408	0.5537311633022546	-0.011940222417518012	0.08419394728600656	1.9933873929938746	-0.347628847773257	0.08371742482709392	-3.3768503060782846	0.8939678632359198	0.08519205401210482	0.8728925666284095	-0.07846506493698749	0.07985321193061065	-1.3020644123745535	0.4145798654082955	0.08314615535127995	-2.5673970939899453	0.7224730042274183	0.08210756128738542	-5.00647119240868	1.2842330491052896	0.08262143172964156	1.5107732136797356	-0.23499714797135518	0.08460775513513921	0.498001998001998	0.501998001998002	4.292345919025733	0.10001495186244681
5000	4.289995937427623	0.758	-6.0376202941828225	1.537836403361478	0.08014247442604597	-1.528534094519536	0.4587689371139087	0.08079544173933709	-0.5812482924131019	0.2315108082249169	0.07191580348585765	-2.506616424054755	0.7221660714261486	0.07357685722960716	-2.97485625312458	0.8311433068707337	0.07896972884549075	5.406595815009002	-1.1637683380674844	0.07996054866472478	1.8358906177237286	-0.32401641086719984	0.07948090064159521	3.3430435602821746	-0.6529221326513447	0.08431244490137685	-2.3752652558412444	0.640418141827076	0.0754011240271179	-3.234010181552835	0.897483684150345	0.07238955185132567	-2.156473587304855	0.6141456658547191	0.0846093116759643	0.22337659199839663	0.06821523483346272	0.0836354909927667	0.5586098109761334	-0.010799136637357718	0.08437900828469884	1.9943884137951724	-0.3473943891069826	0.08266121274637722	-3.375261574443743	0.8943388681340131	0.08501501836035931	0.8738816052873163	-0.07823360199684812	0.08021104567516982	-1.3021404469090443	0.41456177417000917	0.08324190988466706	-2.5675782748962273	0.722430097637055	0.08392082462001565	-5.006655623720848	1.284188964568891	0.08315655359452444	1.5123499761571366	-0.23462812286739068	0.08514953830248474	0.4968025579536371	0.503197442046363	4.289995937427623	0.10001511541837474
6000	4.299463693867183	0.761	-6.034401085245479	1.5385906387546078	0.07878807899998888	-1.530745925275866	0.4582507202596728	0.0798236330963304	-0.573741459305589	0.2332694255735896	0.07363468555884971	-2.516638763072862	0.7198180087576358	0.0763999829360975	-2.973406148955374	0.8314830667767029	0.0778809241960743	5.402057361344178	-1.164831562221004	0.07798329664315784	1.833528579351858	-0.32456977523965536	0.07882891000502307	3.3545425886728184	-0.6502283577268034	0.0825442770139347	-2.373877569900144	0.640743221038036	0.07433136461187101	-3.2348987621693728	0.8972755857378685	0.07257963595478684	-2.155048731374665	0.6144794865153046	0.08441876729546093	0.2210603485565769	0.06767256528237015	0.08475591087439398	0.5595959693983913	-0.010568133611037115	0.08414662357138161	1.9893777602225244	-0.34856835335620673	0.08246891192882995	-3.372961988011127	0.8948776734700143	0.08447132817306742	0.8699046185664527	-0.07916544882285176	0.08040188606268021	-1.2989906471958144	0.41529970602874755	0.08328722558415627	-2.569791468020379	0.7219114997819979	0.08301443767236123	-5.007947624592179	1.2838863633119713	0.08254647965860304	1.5127564065102637	-0.2345329207229634	0.08479218926193312	0.5001665556295802	0.4998334443704197	4.299463693867183	0.10001480078280026
7000	4.28642198656377	0.777	-6.030475016038739	1.5395050151712306	0.07754516192347395	-1.5341011717457846	0.4574675385815484	0.07861103290120643	-0.5667934168112932	0.23489010571413266	0.0751664989830609	-2.522703467762827	0.7184025313774094	0.07749327814477515	-2.977281489666984	0.8305784160018961	0.0770046469783471	5.402185257340497	-1.164800774224693	0.0779684740402208	1.8264614461391122	-0.32621802393212546	0.07818364417366319	3.3578606891664298	-0.6494538028809005	0.08145927395221725	-2.377217309533952	0.6399637588810405	0.07319329159824542	-3.233338697040534	0.8976387740049474	0.07126666997069903	-2.1542422212899	0.6146671064321035	0.08469175040851094	0.22186907572139833	0.06786119785702913	0.08463758399428897	0.5589394943628455	-0.010721245596103136	0.08405568198956828	1.9887936679906686	-0.3487043643799038	0.08217781183579127	-3.368682464738788	0.8958752792371866	0.08347300003643253	0.8686502582291568	-0.07945806606379262	0.08000129035864217	-1.2979240159152778	0.41554818928209997	0.08351131406499598	-2.5709371861720576	0.7216436364361041	0.0828847733608121	-5.00900867919205	1.2836378027070199	0.08266227571916906	1.5136091620487009	-0.2343338109571007	0.08547472660853374	0.50214163335237	0.49785836664762995	4.28642198656377	0.10001471429148126
8000	4.290783893002134	0.78	-6.028914271601921	1.5398702644445983	0.07749644466004796	-1.536837039829906	0.45682887606506023	0.07838358167759765	-0.5603090383693478	0.2364044128208921	0.07611324408035523	-2.5285018167208344	0.7170486717088524	0.07881263993961768	-2.979124282354527	0.8301485898740455	0.07661307942629135	5.401726626947834	-1.1649085984783805	0.07763986031379826	1.823121526881503	-0.32699806863525527	0.07804967196757963	3.35904556926404	-0.6491775404747125	0.08077854409063687	-2.3777832825182803	0.6398319882079969	0.07283908686345193	-3.2328679081379605	0.897749256850138	0.07099084000256004	-2.1523867194669664	0.6151006669962487	0.0838863814977778	0.21922786733698518	0.06724441174423976	0.08491253622824374	0.5585891450015559	-0.010803052947361757	0.08406284992843581	1.9901542744326766	-0.34838680975812264	0.08260580804093616	-3.3675913650275833	0.8961305181613933	0.08315393461660989	0.8647162718684777	-0.08037691024756469	0.07923643747330335	-1.2969590119398722	0.4157737311908201	0.08305028842014416	-2.5701300746433975	0.7218325434820856	0.08304996433050087	-5.00909290722534	1.2836187672692474	0.08264760818611641	1.5138774876000824	-0.23427128561049368	0.08490064705547619	0.5002498750624688	0.49975012493753124	4.290783893002134	0.10001487664573219
9000	4.289340475227201	0.791	-6.027425966541958	1.5402173776348018	0.07718971412139335	-1.537776015179422	0.4566096582717592	0.07774227369048888	-0.554066158106769	0.23789923563379842	0.07769330099529025	-2.535581912927239	0.7153914474698253	0.07978988374756431	-2.975531540169947	0.8309868846460542	0.07534438384744006	5.401930650743706	-1.164860834530532	0.07741201962944286	1.8238869758206595	-0.3268193949223263	0.07792444170283554	3.3623484304806235	-0.6484066613437013	0.07870890030880161	-2.3766834349995096	0.6400885351484702	0.07193149638066412	-3.231835836744929	0.8979899912498905	0.07087600909103701	-2.151942215697108	0.6152043240375448	0.0840041358197364	0.21844427516859086	0.06706151204873673	0.08414291597917109	0.5590411334918619	-0.010697576572918768	0.08419359713540453	1.9935602908104761	-0.3475918055143404	0.08312353035919931	-3.367109691618381	0.8962428262939743	0.08350951077575385	0.8629354555006149	-0.08079256868869249	0.07959313871651318	-1.2949520703508888	0.41624205771270084	0.08340979876784958	-2.5693289792633225	0.7220194601297949	0.08258870779885708	-5.00983581552612	1.28344523248105	0.0824653094698929	1.5141721671664523	-0.2342024827426782	0.0845887565170847	0.49944469124833407	0.5005553087516659	4.289340475227201	0.10001478010512911
10000	4.292744433337345	0.799	-6.0254247923745785	1.5406987030235437	0.07711034906124994	-1.5407850820623716	0.455887470866119	0.07718719371566167	-0.5490899320241971	0.23922725913468165	0.07816059854751292	-2.5411527557955047	0.7139344967578436	0.07951909922184103	-2.9750619283756374	0.8311016517057807	0.0754807697700707	5.400689410579412	-1.1651568733886468	0.07661260401956388	1.823243220692064	-0.3269769780948321	0.07794883369760672	3.3627390424840633	-0.6483153791317281	0.0787158882280213	-2.3768814604961492	0.6400384439044339	0.07104183269375194	-3.2314796122176426	0.8980836643616003	0.07022053772461849	-2.1513738499794886	0.6153369969072382	0.0840881438595025	0.2177586082584993	0.06690136404633117	0.08378791264037064	0.5581846841347073	-0.010897572253975446	0.08404385147249396	1.9951955936902472	-0.3472098413625371	0.08377854398241774	-3.3659340689001254	0.8965173061680834	0.08411678881373252	0.8633829027125369	-0.08068369398440384	0.08044973097699923	-1.2945591025841081	0.4163337937689153	0.08314590792516013	-2.570953527666325	0.7216335001276856	0.08290922442988176	-5.010433746279145	1.2833053363823383	0.08260680423971195	1.5118744435481524	-0.2347390741260872	0.08412386427617738	0.49830067972810876	0.5016993202718912	4.292744433337345	0.10001478385271625
0.6782727272727274
